barcode	chromosome	start	stop	num.mark	seg.mean
TCGA-19-2625-10A-01D-0912-04	1	554268	1555608	133	-0.0474
TCGA-19-2625-10A-01D-0912-04	1	1556426	1643839	22	0.5185
TCGA-19-2625-10A-01D-0912-04	1	1695993	72533856	6642	-8e-04
TCGA-19-2625-10A-01D-0912-04	1	72550248	72568009	2	2.3678
TCGA-19-2625-10A-01D-0912-04	1	72602597	110014625	2591	-0.0023
TCGA-19-2625-10A-01D-0912-04	1	110017502	110057882	5	-0.7324
TCGA-19-2625-10A-01D-0912-04	1	110062339	150819451	1496	-0.0096
TCGA-19-2625-10A-01D-0912-04	1	150823073	150848509	5	-2.1375
TCGA-19-2625-10A-01D-0912-04	1	150852858	176754967	2642	-0.0022
TCGA-19-2625-10A-01D-0912-04	1	176757592	176762009	2	-1.091
TCGA-19-2625-10A-01D-0912-04	1	176768591	247190718	5705	-8e-04
TCGA-19-2625-10A-01D-0912-04	10	115544	45554717	3435	0.0012
TCGA-19-2625-10A-01D-0912-04	10	46371243	46568496	25	0.4947
TCGA-19-2625-10A-01D-0912-04	10	47010385	135356671	7575	8e-04
TCGA-19-2625-10A-01D-0912-04	11	182372	7757329	949	7e-04
TCGA-19-2625-10A-01D-0912-04	11	7762277	7783344	4	-0.7676
TCGA-19-2625-10A-01D-0912-04	11	7797993	134432265	10482	4e-04
TCGA-19-2625-10A-01D-0912-04	12	33854	132289090	11167	0.0026
TCGA-19-2625-10A-01D-0912-04	13	18065953	114123862	7652	0.0074
TCGA-19-2625-10A-01D-0912-04	14	18149473	19216369	10	0.1581
TCGA-19-2625-10A-01D-0912-04	14	19268776	19490630	30	-0.7447
TCGA-19-2625-10A-01D-0912-04	14	19497023	47285357	2387	0.0075
TCGA-19-2625-10A-01D-0912-04	14	47306018	47317645	2	-1.3672
TCGA-19-2625-10A-01D-0912-04	14	47344100	69078818	2121	0.0017
TCGA-19-2625-10A-01D-0912-04	14	69088190	69092211	2	1.182
TCGA-19-2625-10A-01D-0912-04	14	69098569	105845658	3590	-0.0067
TCGA-19-2625-10A-01D-0912-04	14	105857193	105881279	4	-1.993
TCGA-19-2625-10A-01D-0912-04	14	105898674	106349756	50	-0.0689
TCGA-19-2625-10A-01D-0912-04	15	18362555	18722595	9	0.0273
TCGA-19-2625-10A-01D-0912-04	15	18741716	20079935	67	-0.3353
TCGA-19-2625-10A-01D-0912-04	15	20220416	22021181	107	0.0096
TCGA-19-2625-10A-01D-0912-04	15	22038880	22055553	2	-1.7907
TCGA-19-2625-10A-01D-0912-04	15	22077517	32482458	883	-0.0085
TCGA-19-2625-10A-01D-0912-04	15	32505423	32605086	14	-0.8587
TCGA-19-2625-10A-01D-0912-04	15	32628679	100282819	6926	-0.0028
TCGA-19-2625-10A-01D-0912-04	16	28087	88690571	6794	-0.002
TCGA-19-2625-10A-01D-0912-04	17	29169	78653545	7657	-9e-04
TCGA-19-2625-10A-01D-0912-04	18	4316	76110964	5774	-7e-04
TCGA-19-2625-10A-01D-0912-04	19	64418	63784327	5977	0.0113
TCGA-19-2625-10A-01D-0912-04	2	20341	194599884	14260	7e-04
TCGA-19-2625-10A-01D-0912-04	2	194626130	194685241	3	-1.0466
TCGA-19-2625-10A-01D-0912-04	2	194716414	242717016	4271	-7e-04
TCGA-19-2625-10A-01D-0912-04	20	8747	1506379	191	0.0291
TCGA-19-2625-10A-01D-0912-04	20	1516966	1528899	2	-2.7531
TCGA-19-2625-10A-01D-0912-04	20	1539155	44641545	3598	-2e-04
TCGA-19-2625-10A-01D-0912-04	20	44651246	44685587	4	-0.724
TCGA-19-2625-10A-01D-0912-04	20	44691866	62374886	1535	-0.0011
TCGA-19-2625-10A-01D-0912-04	20	62379059	62379059	1	NA
TCGA-19-2625-10A-01D-0912-04	21	9896630	46914686	3362	0.0035
TCGA-19-2625-10A-01D-0912-04	22	14504218	49565816	4079	-0.0048
TCGA-19-2625-10A-01D-0912-04	23	2710316	6455262	276	0.9689
TCGA-19-2625-10A-01D-0912-04	23	6463313	6467403	2	-0.3299
TCGA-19-2625-10A-01D-0912-04	23	6477006	52909690	3751	0.9499
TCGA-19-2625-10A-01D-0912-04	23	52916249	52916249	1	NA
TCGA-19-2625-10A-01D-0912-04	23	52921839	52971245	4	-0.2531
TCGA-19-2625-10A-01D-0912-04	23	52977939	91453211	2167	0.9504
TCGA-19-2625-10A-01D-0912-04	23	91485306	92289605	24	0.5393
TCGA-19-2625-10A-01D-0912-04	23	92303812	154037006	4667	0.9518
TCGA-19-2625-10A-01D-0912-04	23	154050185	154078819	3	2.1969
TCGA-19-2625-10A-01D-0912-04	23	154086636	154570177	42	1.0148
TCGA-19-2625-10A-01D-0912-04	23	154582414	154582414	1	NA
TCGA-19-2625-10A-01D-0912-04	24	2710450	2971261	52	-4.3822
TCGA-19-2625-10A-01D-0912-04	24	2985564	6577257	100	-1.3327
TCGA-19-2625-10A-01D-0912-04	24	6652868	10511255	350	-3.8874
TCGA-19-2625-10A-01D-0912-04	24	10537808	12401995	12	-0.4261
TCGA-19-2625-10A-01D-0912-04	24	12412724	12696422	21	-2.9746
TCGA-19-2625-10A-01D-0912-04	24	12715696	14508021	190	-4.24
TCGA-19-2625-10A-01D-0912-04	24	14524829	14684159	15	-2.7784
TCGA-19-2625-10A-01D-0912-04	24	14687714	14687714	1	NA
TCGA-19-2625-10A-01D-0912-04	24	14692847	15358372	74	-4.1476
TCGA-19-2625-10A-01D-0912-04	24	15362520	15370027	3	-1.1058
TCGA-19-2625-10A-01D-0912-04	24	15376350	24685322	446	-4.0327
TCGA-19-2625-10A-01D-0912-04	24	24754207	57440809	29	-1.4881
TCGA-19-2625-10A-01D-0912-04	3	39066	199379566	15886	-0.0025
TCGA-19-2625-10A-01D-0912-04	4	41413	94202083	6692	-0.0054
TCGA-19-2625-10A-01D-0912-04	4	94213772	94323540	13	0.4386
TCGA-19-2625-10A-01D-0912-04	4	94332126	191173837	6648	0.0044
TCGA-19-2625-10A-01D-0912-04	5	75149	745859	75	0.0246
TCGA-19-2625-10A-01D-0912-04	5	763494	819038	6	-0.5989
TCGA-19-2625-10A-01D-0912-04	5	826044	19519107	1324	-0.0061
TCGA-19-2625-10A-01D-0912-04	5	19527374	19620325	12	0.5335
TCGA-19-2625-10A-01D-0912-04	5	19626968	19828966	23	0.0662
TCGA-19-2625-10A-01D-0912-04	5	19834313	19991458	19	0.4926
TCGA-19-2625-10A-01D-0912-04	5	19999009	19999009	1	NA
TCGA-19-2625-10A-01D-0912-04	5	20007202	180342860	11739	-0.0017
TCGA-19-2625-10A-01D-0912-04	5	180351118	180362342	3	-2.2168
TCGA-19-2625-10A-01D-0912-04	5	180365950	180644810	42	-0.0124
TCGA-19-2625-10A-01D-0912-04	6	97634	97634	1	NA
TCGA-19-2625-10A-01D-0912-04	6	108083	32558677	2962	0.007
TCGA-19-2625-10A-01D-0912-04	6	32567382	32660090	9	-1.6999
TCGA-19-2625-10A-01D-0912-04	6	32672983	165640218	9820	9e-04
TCGA-19-2625-10A-01D-0912-04	6	165645537	165650610	2	2.4493
TCGA-19-2625-10A-01D-0912-04	6	165657596	170867396	471	0.0064
TCGA-19-2625-10A-01D-0912-04	7	140213	70363865	5383	-4e-04
TCGA-19-2625-10A-01D-0912-04	7	70370429	70408658	5	-0.8407
TCGA-19-2625-10A-01D-0912-04	7	70424150	142152205	6254	8e-04
TCGA-19-2625-10A-01D-0912-04	7	142159154	142171618	4	-2.8699
TCGA-19-2625-10A-01D-0912-04	7	142178220	158811268	1595	0.0077
TCGA-19-2625-10A-01D-0912-04	8	63810	146264846	10960	0.001
TCGA-19-2625-10A-01D-0912-04	9	153131	140193674	9402	-0.0022
TCGA-19-2625-10A-01D-0912-04	9	140241876	140241876	1	NA
