barcode	chromosome	start	stop	num.mark	seg.mean
TCGA-06-0879-10A-01D-0385-04	1	554268	110023268	9392	0.0034
TCGA-06-0879-10A-01D-0385-04	1	110033832	110041428	2	1.3271
TCGA-06-0879-10A-01D-0385-04	1	110057882	143250692	936	-0.0061
TCGA-06-0879-10A-01D-0385-04	1	143623628	143658181	5	0.303
TCGA-06-0879-10A-01D-0385-04	1	143697723	147213294	179	-0.0135
TCGA-06-0879-10A-01D-0385-04	1	147307637	147499046	9	0.1813
TCGA-06-0879-10A-01D-0385-04	1	147927292	150819451	368	0.004
TCGA-06-0879-10A-01D-0385-04	1	150823073	150848509	5	-1.3497
TCGA-06-0879-10A-01D-0385-04	1	150852858	159746016	1155	-0.0075
TCGA-06-0879-10A-01D-0385-04	1	159749609	159907508	11	-0.2842
TCGA-06-0879-10A-01D-0385-04	1	159913146	167483267	648	-0.0034
TCGA-06-0879-10A-01D-0385-04	1	167493768	167507882	2	0.616
TCGA-06-0879-10A-01D-0385-04	1	167523140	225621373	4610	-0.0038
TCGA-06-0879-10A-01D-0385-04	1	225632289	225632289	1	NA
TCGA-06-0879-10A-01D-0385-04	1	225643389	225744326	12	-0.9153
TCGA-06-0879-10A-01D-0385-04	1	225753522	247190718	1910	-9e-04
TCGA-06-0879-10A-01D-0385-04	10	115544	27674090	2344	-2e-04
TCGA-06-0879-10A-01D-0385-04	10	27684676	27717951	4	-0.3982
TCGA-06-0879-10A-01D-0385-04	10	27727513	45554717	1087	0.002
TCGA-06-0879-10A-01D-0385-04	10	46371243	46568496	25	0.7327
TCGA-06-0879-10A-01D-0385-04	10	47010385	47735472	14	0.3723
TCGA-06-0879-10A-01D-0385-04	10	47954413	88817939	3266	-0.0055
TCGA-06-0879-10A-01D-0385-04	10	88832626	89178988	14	0.3507
TCGA-06-0879-10A-01D-0385-04	10	89199763	103144781	1437	0.0097
TCGA-06-0879-10A-01D-0385-04	10	103151194	103156649	2	0.5194
TCGA-06-0879-10A-01D-0385-04	10	103166019	135356671	2842	-0.0048
TCGA-06-0879-10A-01D-0385-04	11	182372	18896166	1987	-0.0058
TCGA-06-0879-10A-01D-0385-04	11	18906505	18915871	2	-0.9884
TCGA-06-0879-10A-01D-0385-04	11	18929375	55112329	2225	0.0049
TCGA-06-0879-10A-01D-0385-04	11	55118214	55118214	1	NA
TCGA-06-0879-10A-01D-0385-04	11	55124730	55207305	13	-0.3552
TCGA-06-0879-10A-01D-0385-04	11	55225136	101492435	4349	-0.0036
TCGA-06-0879-10A-01D-0385-04	11	101506708	101761767	29	0.5733
TCGA-06-0879-10A-01D-0385-04	11	101773669	134432265	2829	-0.0052
TCGA-06-0879-10A-01D-0385-04	12	33854	9452803	1015	-0.0061
TCGA-06-0879-10A-01D-0385-04	12	9528590	9554149	2	-3.6479
TCGA-06-0879-10A-01D-0385-04	12	9585156	9613074	2	-0.7657
TCGA-06-0879-10A-01D-0385-04	12	9626736	11393473	207	0.0024
TCGA-06-0879-10A-01D-0385-04	12	11404653	11444721	5	-0.3795
TCGA-06-0879-10A-01D-0385-04	12	11466807	132278000	9935	0.0031
TCGA-06-0879-10A-01D-0385-04	12	132289090	132289090	1	NA
TCGA-06-0879-10A-01D-0385-04	13	18065953	56650373	3551	-0.0021
TCGA-06-0879-10A-01D-0385-04	13	56658479	56691355	4	0.3802
TCGA-06-0879-10A-01D-0385-04	13	56726008	114123862	4097	-0.0046
TCGA-06-0879-10A-01D-0385-04	14	18149473	19216369	10	0.147
TCGA-06-0879-10A-01D-0385-04	14	19268776	19490630	30	-0.7456
TCGA-06-0879-10A-01D-0385-04	14	19497023	21523818	324	-0.0019
TCGA-06-0879-10A-01D-0385-04	14	21529816	22034704	62	0.2466
TCGA-06-0879-10A-01D-0385-04	14	22046097	73060301	4564	0.0028
TCGA-06-0879-10A-01D-0385-04	14	73071404	73092018	4	0.4844
TCGA-06-0879-10A-01D-0385-04	14	73104572	105934843	3156	-0.0062
TCGA-06-0879-10A-01D-0385-04	14	105946993	106002179	7	0.3296
TCGA-06-0879-10A-01D-0385-04	14	106017453	106349756	39	-0.0012
TCGA-06-0879-10A-01D-0385-04	15	18362555	18752131	11	0.0253
TCGA-06-0879-10A-01D-0385-04	15	18790589	20406461	75	-0.1605
TCGA-06-0879-10A-01D-0385-04	15	20418329	38921458	1599	-0.0043
TCGA-06-0879-10A-01D-0385-04	15	38930042	38946559	4	0.5572
TCGA-06-0879-10A-01D-0385-04	15	38952635	46400530	815	0.003
TCGA-06-0879-10A-01D-0385-04	15	46405990	46425084	5	0.6062
TCGA-06-0879-10A-01D-0385-04	15	46434415	100282819	5499	2e-04
TCGA-06-0879-10A-01D-0385-04	16	28087	359127	54	0.0276
TCGA-06-0879-10A-01D-0385-04	16	362131	362131	1	NA
TCGA-06-0879-10A-01D-0385-04	16	369097	379324	3	-0.5627
TCGA-06-0879-10A-01D-0385-04	16	386962	34106213	2959	-3e-04
TCGA-06-0879-10A-01D-0385-04	16	34115736	34605030	25	-0.1469
TCGA-06-0879-10A-01D-0385-04	16	34634686	68534289	1863	0.0016
TCGA-06-0879-10A-01D-0385-04	16	68606309	68795079	15	-0.225
TCGA-06-0879-10A-01D-0385-04	16	68838368	88690571	1874	-0.0082
TCGA-06-0879-10A-01D-0385-04	17	29169	31456645	3130	0.0014
TCGA-06-0879-10A-01D-0385-04	17	31461588	31486540	4	-0.5538
TCGA-06-0879-10A-01D-0385-04	17	31504564	41515622	1115	0.0073
TCGA-06-0879-10A-01D-0385-04	17	41521544	41566540	7	0.268
TCGA-06-0879-10A-01D-0385-04	17	41577520	77432294	3247	0.0032
TCGA-06-0879-10A-01D-0385-04	17	77442683	77503685	5	-0.4532
TCGA-06-0879-10A-01D-0385-04	17	77519913	78653545	149	-0.0168
TCGA-06-0879-10A-01D-0385-04	18	4316	76110964	5774	-0.0016
TCGA-06-0879-10A-01D-0385-04	19	64418	47895271	4033	-0.0061
TCGA-06-0879-10A-01D-0385-04	19	47934635	48046099	5	0.3339
TCGA-06-0879-10A-01D-0385-04	19	48070799	63784327	1939	-0.0093
TCGA-06-0879-10A-01D-0385-04	2	20341	89101034	6971	-4e-04
TCGA-06-0879-10A-01D-0385-04	2	89104501	89401838	12	-0.2868
TCGA-06-0879-10A-01D-0385-04	2	89408826	89408826	1	NA
TCGA-06-0879-10A-01D-0385-04	2	89654638	89895566	12	-0.7833
TCGA-06-0879-10A-01D-0385-04	2	90982930	242717016	11538	0.0011
TCGA-06-0879-10A-01D-0385-04	20	8747	1506379	191	-0.0125
TCGA-06-0879-10A-01D-0385-04	20	1516966	1528899	2	-2.1279
TCGA-06-0879-10A-01D-0385-04	20	1539155	62379059	5138	-0.0061
TCGA-06-0879-10A-01D-0385-04	21	9896630	10055549	11	0.114
TCGA-06-0879-10A-01D-0385-04	21	10062378	10075012	3	-0.4113
TCGA-06-0879-10A-01D-0385-04	21	10084231	27395478	994	0.0013
TCGA-06-0879-10A-01D-0385-04	21	27409831	27428822	2	-0.9894
TCGA-06-0879-10A-01D-0385-04	21	27443530	46914686	2352	-0.0115
TCGA-06-0879-10A-01D-0385-04	22	14504218	40848510	3051	0.0021
TCGA-06-0879-10A-01D-0385-04	22	40854454	40858709	2	0.6372
TCGA-06-0879-10A-01D-0385-04	22	40867331	49565816	1026	-0.0134
TCGA-06-0879-10A-01D-0385-04	23	2710316	154582414	10938	0.0161
TCGA-06-0879-10A-01D-0385-04	24	2710450	3769177	76	0.0183
TCGA-06-0879-10A-01D-0385-04	24	3773407	3894117	4	-0.4112
TCGA-06-0879-10A-01D-0385-04	24	3944956	57440809	1213	0.0188
TCGA-06-0879-10A-01D-0385-04	3	39066	46761824	3874	-0.0044
TCGA-06-0879-10A-01D-0385-04	3	46771035	46823673	4	-1.0546
TCGA-06-0879-10A-01D-0385-04	3	46829442	163987457	9078	-8e-04
TCGA-06-0879-10A-01D-0385-04	3	163997228	164101776	8	-0.473
TCGA-06-0879-10A-01D-0385-04	3	164112873	174721900	769	0.0039
TCGA-06-0879-10A-01D-0385-04	3	174736125	174767241	5	0.7598
TCGA-06-0879-10A-01D-0385-04	3	174775059	199329592	2147	1e-04
TCGA-06-0879-10A-01D-0385-04	3	199379566	199379566	1	NA
TCGA-06-0879-10A-01D-0385-04	4	41413	191173837	13353	0
TCGA-06-0879-10A-01D-0385-04	5	75149	739292	74	-0.0157
TCGA-06-0879-10A-01D-0385-04	5	745859	894957	14	-0.37
TCGA-06-0879-10A-01D-0385-04	5	905462	180644810	13156	-5e-04
TCGA-06-0879-10A-01D-0385-04	6	97634	32558677	2963	-0.005
TCGA-06-0879-10A-01D-0385-04	6	32567382	32567382	1	NA
TCGA-06-0879-10A-01D-0385-04	6	32586131	32629848	5	-0.5587
TCGA-06-0879-10A-01D-0385-04	6	32634044	32711957	8	-0.0298
TCGA-06-0879-10A-01D-0385-04	6	32718991	32738443	5	0.3433
TCGA-06-0879-10A-01D-0385-04	6	32745036	78983276	3526	-0.0026
TCGA-06-0879-10A-01D-0385-04	6	79035891	79079988	3	-0.6139
TCGA-06-0879-10A-01D-0385-04	6	79101978	165640218	6281	0.0022
TCGA-06-0879-10A-01D-0385-04	6	165645537	165650610	2	0.8926
TCGA-06-0879-10A-01D-0385-04	6	165657596	170867396	471	-0.024
TCGA-06-0879-10A-01D-0385-04	7	140213	38270942	3339	0.0029
TCGA-06-0879-10A-01D-0385-04	7	38276237	38335964	10	0.28
TCGA-06-0879-10A-01D-0385-04	7	38343026	87955968	3412	6e-04
TCGA-06-0879-10A-01D-0385-04	7	87987294	88152747	6	0.4812
TCGA-06-0879-10A-01D-0385-04	7	88191862	88480606	35	0.9898
TCGA-06-0879-10A-01D-0385-04	7	88497718	89717694	81	0.5285
TCGA-06-0879-10A-01D-0385-04	7	89725322	89912037	24	0.0322
TCGA-06-0879-10A-01D-0385-04	7	89950160	89983059	2	0.5926
TCGA-06-0879-10A-01D-0385-04	7	90024160	133414697	3857	0.0046
TCGA-06-0879-10A-01D-0385-04	7	133439454	133447868	2	0.5353
TCGA-06-0879-10A-01D-0385-04	7	133459759	141687978	822	0.0094
TCGA-06-0879-10A-01D-0385-04	7	141705163	141711513	2	1.5323
TCGA-06-0879-10A-01D-0385-04	7	141720324	142141101	49	0.0534
TCGA-06-0879-10A-01D-0385-04	7	142152205	142192030	10	0.3474
TCGA-06-0879-10A-01D-0385-04	7	142202274	143501811	163	0.0012
TCGA-06-0879-10A-01D-0385-04	7	143514962	143582864	2	-0.4467
TCGA-06-0879-10A-01D-0385-04	7	143583309	158811268	1425	-0.0064
TCGA-06-0879-10A-01D-0385-04	8	63810	39341524	3169	-0.0041
TCGA-06-0879-10A-01D-0385-04	8	39356595	39505256	20	-0.3401
TCGA-06-0879-10A-01D-0385-04	8	39511632	146264846	7771	-0.0012
TCGA-06-0879-10A-01D-0385-04	9	153131	42362628	3093	0.005
TCGA-06-0879-10A-01D-0385-04	9	42903050	43626920	7	0.3731
TCGA-06-0879-10A-01D-0385-04	9	44167273	139367214	6200	8e-04
TCGA-06-0879-10A-01D-0385-04	9	139373555	139390002	3	0.5353
TCGA-06-0879-10A-01D-0385-04	9	139398990	140241876	100	-0.0321
