barcode	chromosome	start	stop	num.mark	seg.mean
TCGA-06-0686-01A-01D-0334-04	1	554268	16719747	1588	0.0208
TCGA-06-0686-01A-01D-0334-04	1	16799334	17148592	22	-0.4126
TCGA-06-0686-01A-01D-0334-04	1	17157415	72533856	5187	0.016
TCGA-06-0686-01A-01D-0334-04	1	72550248	72568009	2	1.6511
TCGA-06-0686-01A-01D-0334-04	1	72602597	83420365	672	-0.0244
TCGA-06-0686-01A-01D-0334-04	1	83441975	83626380	8	0.2977
TCGA-06-0686-01A-01D-0334-04	1	83642881	150819451	3412	0.0038
TCGA-06-0686-01A-01D-0334-04	1	150823073	150839754	3	0.5018
TCGA-06-0686-01A-01D-0334-04	1	150844444	150848509	2	1.2346
TCGA-06-0686-01A-01D-0334-04	1	150852858	167483267	1814	0.0071
TCGA-06-0686-01A-01D-0334-04	1	167493768	167507882	2	-1.5635
TCGA-06-0686-01A-01D-0334-04	1	167523140	246442698	6447	0.0019
TCGA-06-0686-01A-01D-0334-04	1	246448361	246630400	27	0.177
TCGA-06-0686-01A-01D-0334-04	1	246636010	247190718	59	0.02
TCGA-06-0686-01A-01D-0334-04	10	115544	88960512	6751	-0.3425
TCGA-06-0686-01A-01D-0334-04	10	89037622	89241227	5	-0.7011
TCGA-06-0686-01A-01D-0334-04	10	89253592	89643515	42	-0.3439
TCGA-06-0686-01A-01D-0334-04	10	89654955	89707445	7	-1.7913
TCGA-06-0686-01A-01D-0334-04	10	89719422	90051433	18	-0.2953
TCGA-06-0686-01A-01D-0334-04	10	90064365	90121518	6	-1.9534
TCGA-06-0686-01A-01D-0334-04	10	90129215	135356671	4206	-0.3342
TCGA-06-0686-01A-01D-0334-04	11	182372	5738494	691	-0.2078
TCGA-06-0686-01A-01D-0334-04	11	5742476	5762182	4	-1.3547
TCGA-06-0686-01A-01D-0334-04	11	5766615	50198508	3467	-0.2057
TCGA-06-0686-01A-01D-0334-04	11	50217647	50236516	3	0.3259
TCGA-06-0686-01A-01D-0334-04	11	50249921	55118214	50	-0.2582
TCGA-06-0686-01A-01D-0334-04	11	55124730	55207305	13	0.2477
TCGA-06-0686-01A-01D-0334-04	11	55225136	134432265	7207	-0.2045
TCGA-06-0686-01A-01D-0334-04	12	33854	33854	1	NA
TCGA-06-0686-01A-01D-0334-04	12	59839	55520174	5015	0.0114
TCGA-06-0686-01A-01D-0334-04	12	55536122	55579385	3	-0.8655
TCGA-06-0686-01A-01D-0334-04	12	55590991	55638225	9	0.0373
TCGA-06-0686-01A-01D-0334-04	12	55660674	55693406	8	-0.7761
TCGA-06-0686-01A-01D-0334-04	12	55701006	55766852	14	-0.0277
TCGA-06-0686-01A-01D-0334-04	12	55771944	55828257	10	2.2602
TCGA-06-0686-01A-01D-0334-04	12	55834314	55846831	2	-0.684
TCGA-06-0686-01A-01D-0334-04	12	55856935	55948031	18	2.4285
TCGA-06-0686-01A-01D-0334-04	12	55962881	56030454	7	-0.7004
TCGA-06-0686-01A-01D-0334-04	12	56048257	56143034	20	2.4431
TCGA-06-0686-01A-01D-0334-04	12	56147272	56159649	4	1.6544
TCGA-06-0686-01A-01D-0334-04	12	56159869	56416842	45	2.6007
TCGA-06-0686-01A-01D-0334-04	12	56420487	56420487	1	NA
TCGA-06-0686-01A-01D-0334-04	12	56426227	56440283	7	3.8476
TCGA-06-0686-01A-01D-0334-04	12	56445035	56455216	4	-0.2441
TCGA-06-0686-01A-01D-0334-04	12	56460713	61282285	278	-0.7831
TCGA-06-0686-01A-01D-0334-04	12	61284711	61292369	2	4.3696
TCGA-06-0686-01A-01D-0334-04	12	61296954	61338417	6	-0.7549
TCGA-06-0686-01A-01D-0334-04	12	61346692	61371121	3	2.8978
TCGA-06-0686-01A-01D-0334-04	12	61380504	61380504	1	NA
TCGA-06-0686-01A-01D-0334-04	12	61395628	61400955	2	5.0557
TCGA-06-0686-01A-01D-0334-04	12	61419322	61451544	5	-0.8258
TCGA-06-0686-01A-01D-0334-04	12	61457051	62216979	47	2.245
TCGA-06-0686-01A-01D-0334-04	12	62233999	62377544	5	-0.2379
TCGA-06-0686-01A-01D-0334-04	12	62402776	64533555	207	-0.7493
TCGA-06-0686-01A-01D-0334-04	12	64551118	64694907	14	0.0158
TCGA-06-0686-01A-01D-0334-04	12	64727853	64891587	17	2.5812
TCGA-06-0686-01A-01D-0334-04	12	64906813	65449805	54	-0.7619
TCGA-06-0686-01A-01D-0334-04	12	65476044	65641568	8	5.0281
TCGA-06-0686-01A-01D-0334-04	12	65663755	66035532	21	-0.7609
TCGA-06-0686-01A-01D-0334-04	12	66057490	66246615	7	3.0436
TCGA-06-0686-01A-01D-0334-04	12	66269592	66269592	1	NA
TCGA-06-0686-01A-01D-0334-04	12	66312546	66658735	18	-0.6833
TCGA-06-0686-01A-01D-0334-04	12	66674689	66881502	19	2.922
TCGA-06-0686-01A-01D-0334-04	12	66889999	66916100	4	-0.8692
TCGA-06-0686-01A-01D-0334-04	12	66920027	67244944	35	2.4395
TCGA-06-0686-01A-01D-0334-04	12	67257682	67337260	12	4.9971
TCGA-06-0686-01A-01D-0334-04	12	67351773	67382763	6	5.5846
TCGA-06-0686-01A-01D-0334-04	12	67390052	67457153	11	-0.6804
TCGA-06-0686-01A-01D-0334-04	12	67473009	67679006	23	5.3124
TCGA-06-0686-01A-01D-0334-04	12	67695985	67737155	3	-0.7317
TCGA-06-0686-01A-01D-0334-04	12	67752609	67832756	4	2.4642
TCGA-06-0686-01A-01D-0334-04	12	67852684	68017300	16	-0.7683
TCGA-06-0686-01A-01D-0334-04	12	68025619	110496521	3232	-0.0394
TCGA-06-0686-01A-01D-0334-04	12	110503382	110509958	2	-0.6437
TCGA-06-0686-01A-01D-0334-04	12	110517250	132289090	1936	-0.0273
TCGA-06-0686-01A-01D-0334-04	13	18065953	26380869	792	-0.0324
TCGA-06-0686-01A-01D-0334-04	13	26412865	27013389	63	0.4291
TCGA-06-0686-01A-01D-0334-04	13	27020430	27404234	46	-0.0584
TCGA-06-0686-01A-01D-0334-04	13	27410543	27423848	4	0.3853
TCGA-06-0686-01A-01D-0334-04	13	27430188	56650373	2646	-0.0305
TCGA-06-0686-01A-01D-0334-04	13	56658479	56673183	3	0.3498
TCGA-06-0686-01A-01D-0334-04	13	56691355	56848821	6	0.1171
TCGA-06-0686-01A-01D-0334-04	13	56873256	114123862	4092	-0.0494
TCGA-06-0686-01A-01D-0334-04	14	18149473	19284254	13	-0.1975
TCGA-06-0686-01A-01D-0334-04	14	19293976	19490630	27	-0.6562
TCGA-06-0686-01A-01D-0334-04	14	19497023	21582844	332	0.0098
TCGA-06-0686-01A-01D-0334-04	14	21590807	22034704	54	0.327
TCGA-06-0686-01A-01D-0334-04	14	22046097	73060301	4564	0.0028
TCGA-06-0686-01A-01D-0334-04	14	73071404	73092018	4	1.0195
TCGA-06-0686-01A-01D-0334-04	14	73104572	105594189	3121	-0.0067
TCGA-06-0686-01A-01D-0334-04	14	105602756	105630089	4	0.5694
TCGA-06-0686-01A-01D-0334-04	14	105643293	105845658	23	-0.0423
TCGA-06-0686-01A-01D-0334-04	14	105857193	105898674	5	-0.3226
TCGA-06-0686-01A-01D-0334-04	14	105907191	105946993	4	-0.0396
TCGA-06-0686-01A-01D-0334-04	14	105962305	106002179	6	-0.4167
TCGA-06-0686-01A-01D-0334-04	14	106017453	106349756	39	-0.0605
TCGA-06-0686-01A-01D-0334-04	15	18362555	18810004	13	0.0774
TCGA-06-0686-01A-01D-0334-04	15	18835660	19418600	33	0.322
TCGA-06-0686-01A-01D-0334-04	15	19427350	20079935	30	0.5864
TCGA-06-0686-01A-01D-0334-04	15	20220416	30796716	772	-0.0219
TCGA-06-0686-01A-01D-0334-04	15	30803955	30876612	13	-0.4748
TCGA-06-0686-01A-01D-0334-04	15	30885656	44121992	1485	-0.6586
TCGA-06-0686-01A-01D-0334-04	15	44156737	54293289	946	0.005
TCGA-06-0686-01A-01D-0334-04	15	54309682	57137621	307	-0.6877
TCGA-06-0686-01A-01D-0334-04	15	57146237	100282819	4409	0.0072
TCGA-06-0686-01A-01D-0334-04	16	28087	68679377	4912	-0.1594
TCGA-06-0686-01A-01D-0334-04	16	68706240	68754234	7	-0.7272
TCGA-06-0686-01A-01D-0334-04	16	68795079	72917554	383	-0.1477
TCGA-06-0686-01A-01D-0334-04	16	72933295	72964783	4	-0.7812
TCGA-06-0686-01A-01D-0334-04	16	73012768	88690571	1488	-0.1691
TCGA-06-0686-01A-01D-0334-04	17	29169	41521544	4250	0.0449
TCGA-06-0686-01A-01D-0334-04	17	41527705	42049540	18	-0.4336
TCGA-06-0686-01A-01D-0334-04	17	42142363	78653545	3389	0.0478
TCGA-06-0686-01A-01D-0334-04	18	4316	76110964	5774	0.0577
TCGA-06-0686-01A-01D-0334-04	19	64418	63784327	5977	0.0193
TCGA-06-0686-01A-01D-0334-04	2	20341	34499550	2703	-0.0555
TCGA-06-0686-01A-01D-0334-04	2	34524344	34539740	2	NA
TCGA-06-0686-01A-01D-0334-04	2	34556434	34580533	2	-1.0642
TCGA-06-0686-01A-01D-0334-04	2	34608979	227946001	14395	-0.057
TCGA-06-0686-01A-01D-0334-04	2	227952131	227964962	3	0.5821
TCGA-06-0686-01A-01D-0334-04	2	227973265	242168433	1362	-0.0419
TCGA-06-0686-01A-01D-0334-04	2	242169452	242453263	15	-0.2319
TCGA-06-0686-01A-01D-0334-04	2	242458495	242717016	52	0.0344
TCGA-06-0686-01A-01D-0334-04	20	8747	1506379	191	-0.2438
TCGA-06-0686-01A-01D-0334-04	20	1516966	1539155	3	0.4261
TCGA-06-0686-01A-01D-0334-04	20	1546858	62379059	5137	-0.2529
TCGA-06-0686-01A-01D-0334-04	21	9896630	46914686	3362	-0.0036
TCGA-06-0686-01A-01D-0334-04	22	14504218	22658543	818	-0.0219
TCGA-06-0686-01A-01D-0334-04	22	22671374	22671374	1	NA
TCGA-06-0686-01A-01D-0334-04	22	22677959	22725305	10	0.8096
TCGA-06-0686-01A-01D-0334-04	22	22731196	37683516	1785	-0.022
TCGA-06-0686-01A-01D-0334-04	22	37689058	37715385	6	-0.7942
TCGA-06-0686-01A-01D-0334-04	22	37718669	49565816	1459	-0.0347
TCGA-06-0686-01A-01D-0334-04	23	2710316	126761053	8723	0.0462
TCGA-06-0686-01A-01D-0334-04	23	126797200	126797200	1	NA
TCGA-06-0686-01A-01D-0334-04	23	126819170	126841491	2	-3.6906
TCGA-06-0686-01A-01D-0334-04	23	126878153	134669952	671	0.0472
TCGA-06-0686-01A-01D-0334-04	23	134732261	134801361	3	-0.3563
TCGA-06-0686-01A-01D-0334-04	23	134804661	154582414	1538	0.0355
TCGA-06-0686-01A-01D-0334-04	24	2710450	57440809	1293	-0.0065
TCGA-06-0686-01A-01D-0334-04	3	39066	196822133	15611	0.2342
TCGA-06-0686-01A-01D-0334-04	3	196830270	196942158	8	-0.1159
TCGA-06-0686-01A-01D-0334-04	3	196943380	199379566	267	0.2521
TCGA-06-0686-01A-01D-0334-04	4	41413	135638931	9431	-0.0036
TCGA-06-0686-01A-01D-0334-04	4	135654346	135674885	2	0.5445
TCGA-06-0686-01A-01D-0334-04	4	135683866	191173837	3920	0
TCGA-06-0686-01A-01D-0334-04	5	75149	745859	75	-0.1222
TCGA-06-0686-01A-01D-0334-04	5	763494	878290	12	0.1197
TCGA-06-0686-01A-01D-0334-04	5	894957	8734494	583	-0.1438
TCGA-06-0686-01A-01D-0334-04	5	8778962	8800001	2	-1.212
TCGA-06-0686-01A-01D-0334-04	5	8843290	17647063	663	-0.119
TCGA-06-0686-01A-01D-0334-04	5	17653599	17662005	2	-1.0165
TCGA-06-0686-01A-01D-0334-04	5	17674967	17674967	1	NA
TCGA-06-0686-01A-01D-0334-04	5	17685501	21966989	229	-0.1608
TCGA-06-0686-01A-01D-0334-04	5	21979223	22038375	6	-0.4821
TCGA-06-0686-01A-01D-0334-04	5	22056803	65461227	2790	-0.13
TCGA-06-0686-01A-01D-0334-04	5	65471309	65480990	2	0.4124
TCGA-06-0686-01A-01D-0334-04	5	65489714	68868713	265	-0.1205
TCGA-06-0686-01A-01D-0334-04	5	69274433	69767948	3	-0.6464
TCGA-06-0686-01A-01D-0334-04	5	70343857	70422297	3	-0.0441
TCGA-06-0686-01A-01D-0334-04	5	70622715	70693444	2	-0.6488
TCGA-06-0686-01A-01D-0334-04	5	70698794	140196482	5184	-0.1147
TCGA-06-0686-01A-01D-0334-04	5	140203440	140213216	3	-1.0522
TCGA-06-0686-01A-01D-0334-04	5	140216524	140216524	1	NA
TCGA-06-0686-01A-01D-0334-04	5	140221835	177316379	3033	-0.1181
TCGA-06-0686-01A-01D-0334-04	5	177324620	177331382	2	-0.7415
TCGA-06-0686-01A-01D-0334-04	5	177337357	180644810	383	-0.1098
TCGA-06-0686-01A-01D-0334-04	6	97634	32558677	2963	0.0386
TCGA-06-0686-01A-01D-0334-04	6	32567382	32629848	6	1.6868
TCGA-06-0686-01A-01D-0334-04	6	32634044	32728487	11	0.4425
TCGA-06-0686-01A-01D-0334-04	6	32732764	43622270	1219	0.0559
TCGA-06-0686-01A-01D-0334-04	6	43629087	43751999	19	2.667
TCGA-06-0686-01A-01D-0334-04	6	43756764	43761014	2	-0.5431
TCGA-06-0686-01A-01D-0334-04	6	43765678	43802152	4	-0.7486
TCGA-06-0686-01A-01D-0334-04	6	43821385	44044545	24	2.3012
TCGA-06-0686-01A-01D-0334-04	6	44061203	44067454	2	4.2209
TCGA-06-0686-01A-01D-0334-04	6	44077543	44303479	30	4.8748
TCGA-06-0686-01A-01D-0334-04	6	44309761	44319674	3	4.2524
TCGA-06-0686-01A-01D-0334-04	6	44322874	44322874	1	NA
TCGA-06-0686-01A-01D-0334-04	6	44327948	44897903	46	2.1609
TCGA-06-0686-01A-01D-0334-04	6	44904596	45524595	68	-0.7104
TCGA-06-0686-01A-01D-0334-04	6	45537190	45819951	17	2.4517
TCGA-06-0686-01A-01D-0334-04	6	45866576	45866576	1	NA
TCGA-06-0686-01A-01D-0334-04	6	45930114	47555806	160	-0.6906
TCGA-06-0686-01A-01D-0334-04	6	47567277	47657719	12	3.8377
TCGA-06-0686-01A-01D-0334-04	6	47664742	47833813	19	-0.6564
TCGA-06-0686-01A-01D-0334-04	6	47856644	47984897	15	2.5283
TCGA-06-0686-01A-01D-0334-04	6	47996300	48143863	18	4.9678
TCGA-06-0686-01A-01D-0334-04	6	48158111	48301302	10	2.5672
TCGA-06-0686-01A-01D-0334-04	6	48337842	48790808	15	0.0655
TCGA-06-0686-01A-01D-0334-04	6	48841579	48935317	4	2.9577
TCGA-06-0686-01A-01D-0334-04	6	48961281	48986040	2	-0.7207
TCGA-06-0686-01A-01D-0334-04	6	49027493	78983276	1837	-0.0032
TCGA-06-0686-01A-01D-0334-04	6	79035891	79079988	3	-0.6351
TCGA-06-0686-01A-01D-0334-04	6	79101978	124466262	2975	0.0018
TCGA-06-0686-01A-01D-0334-04	6	124478216	124505013	4	0.4177
TCGA-06-0686-01A-01D-0334-04	6	124521619	170867396	3775	0.0014
TCGA-06-0686-01A-01D-0334-04	7	140213	5252229	542	0.6354
TCGA-06-0686-01A-01D-0334-04	7	5280622	5327749	5	0.2445
TCGA-06-0686-01A-01D-0334-04	7	5337272	38259147	2790	0.6748
TCGA-06-0686-01A-01D-0334-04	7	38262701	38343026	13	1.0086
TCGA-06-0686-01A-01D-0334-04	7	38347832	57668500	1447	0.6445
TCGA-06-0686-01A-01D-0334-04	7	57711798	57887524	5	0.0496
TCGA-06-0686-01A-01D-0334-04	7	57931397	57931397	1	NA
TCGA-06-0686-01A-01D-0334-04	7	61469275	141687978	6787	0.6636
TCGA-06-0686-01A-01D-0334-04	7	141705163	141711513	2	1.3109
TCGA-06-0686-01A-01D-0334-04	7	141720324	143514962	223	0.6516
TCGA-06-0686-01A-01D-0334-04	7	143582864	143584350	3	-0.0881
TCGA-06-0686-01A-01D-0334-04	7	143705425	151701438	788	0.6334
TCGA-06-0686-01A-01D-0334-04	7	151709873	151747905	5	0.1677
TCGA-06-0686-01A-01D-0334-04	7	151756837	158811268	630	0.6647
TCGA-06-0686-01A-01D-0334-04	8	63810	7256229	628	0.1123
TCGA-06-0686-01A-01D-0334-04	8	7261418	8132139	8	0.396
TCGA-06-0686-01A-01D-0334-04	8	8140070	39341524	2533	0.1325
TCGA-06-0686-01A-01D-0334-04	8	39356595	39356595	1	NA
TCGA-06-0686-01A-01D-0334-04	8	39363050	39505256	19	-0.0977
TCGA-06-0686-01A-01D-0334-04	8	39511632	146264846	7771	0.1283
TCGA-06-0686-01A-01D-0334-04	9	153131	140241876	9403	-0.0528
