barcode	chromosome	start	stop	num.mark	seg.mean
TCGA-02-2470-01A-01D-0785-04	1	554268	72533856	6797	0.039
TCGA-02-2470-01A-01D-0785-04	1	72550248	72568009	2	-4.8687
TCGA-02-2470-01A-01D-0785-04	1	72602597	150819451	4092	-0.0015
TCGA-02-2470-01A-01D-0785-04	1	150823073	150852858	6	1.4772
TCGA-02-2470-01A-01D-0785-04	1	150857070	195005520	3872	0.0033
TCGA-02-2470-01A-01D-0785-04	1	195015116	195067764	7	-0.9159
TCGA-02-2470-01A-01D-0785-04	1	195091758	202172219	661	0.0075
TCGA-02-2470-01A-01D-0785-04	1	202195769	203393803	127	2.4391
TCGA-02-2470-01A-01D-0785-04	1	203399457	246755225	3636	0.0042
TCGA-02-2470-01A-01D-0785-04	1	246794522	246874992	12	-0.7197
TCGA-02-2470-01A-01D-0785-04	1	246880850	247190718	33	0.0909
TCGA-02-2470-01A-01D-0785-04	10	115544	135356671	11035	0.0022
TCGA-02-2470-01A-01D-0785-04	11	182372	115515213	9707	0.004
TCGA-02-2470-01A-01D-0785-04	11	115559078	116464231	60	2.3947
TCGA-02-2470-01A-01D-0785-04	11	116472095	134432265	1668	0.0131
TCGA-02-2470-01A-01D-0785-04	12	33854	9452803	1015	0.0202
TCGA-02-2470-01A-01D-0785-04	12	9528590	9554149	2	-4.991
TCGA-02-2470-01A-01D-0785-04	12	9585156	132289090	10150	0.0054
TCGA-02-2470-01A-01D-0785-04	13	18065953	114123862	7652	-0.0101
TCGA-02-2470-01A-01D-0785-04	14	18149473	18149473	1	NA
TCGA-02-2470-01A-01D-0785-04	14	18187154	21635428	377	0.0284
TCGA-02-2470-01A-01D-0785-04	14	21648371	21993784	43	0.3377
TCGA-02-2470-01A-01D-0785-04	14	22000194	73060301	4569	0.0079
TCGA-02-2470-01A-01D-0785-04	14	73071404	73092018	4	0.9292
TCGA-02-2470-01A-01D-0785-04	14	73104572	75763817	332	0.01
TCGA-02-2470-01A-01D-0785-04	14	75785997	76715001	89	0.3792
TCGA-02-2470-01A-01D-0785-04	14	76724329	106349756	2781	-0.008
TCGA-02-2470-01A-01D-0785-04	15	18362555	19882711	61	-0.3822
TCGA-02-2470-01A-01D-0785-04	15	19886840	28153357	608	-0.0159
TCGA-02-2470-01A-01D-0785-04	15	28160686	29658545	108	-0.3689
TCGA-02-2470-01A-01D-0785-04	15	29665601	30298096	49	-0.0261
TCGA-02-2470-01A-01D-0785-04	15	30405629	60437049	3100	-0.4131
TCGA-02-2470-01A-01D-0785-04	15	60468497	60718950	15	0.0037
TCGA-02-2470-01A-01D-0785-04	15	60726000	63840716	413	-0.381
TCGA-02-2470-01A-01D-0785-04	15	63847305	64834722	135	0.0311
TCGA-02-2470-01A-01D-0785-04	15	64843939	65548913	72	-0.3493
TCGA-02-2470-01A-01D-0785-04	15	65559145	78201103	1431	0.0349
TCGA-02-2470-01A-01D-0785-04	15	78207791	93859581	1416	-0.3956
TCGA-02-2470-01A-01D-0785-04	15	93885857	100282819	600	-0.0103
TCGA-02-2470-01A-01D-0785-04	16	28087	60180811	4210	0.0172
TCGA-02-2470-01A-01D-0785-04	16	60219810	60219810	1	NA
TCGA-02-2470-01A-01D-0785-04	16	60230006	68631461	698	-0.3746
TCGA-02-2470-01A-01D-0785-04	16	68648091	68754234	10	0.0933
TCGA-02-2470-01A-01D-0785-04	16	68795079	88690571	1875	-0.3968
TCGA-02-2470-01A-01D-0785-04	17	29169	41515622	4249	0.0187
TCGA-02-2470-01A-01D-0785-04	17	41521544	42049540	19	-0.5432
TCGA-02-2470-01A-01D-0785-04	17	42142363	78653545	3389	0.0257
TCGA-02-2470-01A-01D-0785-04	18	4316	15114577	1282	-0.4038
TCGA-02-2470-01A-01D-0785-04	18	15315128	76067222	4488	-0.0113
TCGA-02-2470-01A-01D-0785-04	18	76083058	76083058	1	NA
TCGA-02-2470-01A-01D-0785-04	18	76093244	76110964	3	-0.5382
TCGA-02-2470-01A-01D-0785-04	19	64418	64418	1	NA
TCGA-02-2470-01A-01D-0785-04	19	210395	46987286	3925	0.0296
TCGA-02-2470-01A-01D-0785-04	19	46992840	48122400	115	0.3603
TCGA-02-2470-01A-01D-0785-04	19	48155639	63784327	1936	0.0275
TCGA-02-2470-01A-01D-0785-04	2	20341	242717016	18534	0.0102
TCGA-02-2470-01A-01D-0785-04	20	8747	62379059	5331	0.0161
TCGA-02-2470-01A-01D-0785-04	21	9896630	46914686	3362	-0.0048
TCGA-02-2470-01A-01D-0785-04	22	14504218	49565816	4079	0.0091
TCGA-02-2470-01A-01D-0785-04	23	2710316	154582414	10938	0.0693
TCGA-02-2470-01A-01D-0785-04	24	2710450	57440809	1293	0.0173
TCGA-02-2470-01A-01D-0785-04	3	39066	42229009	3440	0.0082
TCGA-02-2470-01A-01D-0785-04	3	42237769	43553551	133	0.3392
TCGA-02-2470-01A-01D-0785-04	3	43559003	89473678	3829	0.0018
TCGA-02-2470-01A-01D-0785-04	3	89488409	89509246	4	-0.8956
TCGA-02-2470-01A-01D-0785-04	3	89516057	163987457	5550	-0.0067
TCGA-02-2470-01A-01D-0785-04	3	163997228	164101776	8	0.8015
TCGA-02-2470-01A-01D-0785-04	3	164112873	196822133	2647	0.0049
TCGA-02-2470-01A-01D-0785-04	3	196830270	196958467	12	-0.8564
TCGA-02-2470-01A-01D-0785-04	3	196968244	199379566	263	-0.0249
TCGA-02-2470-01A-01D-0785-04	4	41413	191173837	13353	-0.0123
TCGA-02-2470-01A-01D-0785-04	5	75149	745859	75	-0.0015
TCGA-02-2470-01A-01D-0785-04	5	763494	826044	7	-1.2788
TCGA-02-2470-01A-01D-0785-04	5	837253	133955425	9066	-0.0085
TCGA-02-2470-01A-01D-0785-04	5	133965082	134048397	13	0.596
TCGA-02-2470-01A-01D-0785-04	5	134057179	180644810	4083	0.0156
TCGA-02-2470-01A-01D-0785-04	6	97634	273710	14	-0.0712
TCGA-02-2470-01A-01D-0785-04	6	284743	341386	7	-0.6584
TCGA-02-2470-01A-01D-0785-04	6	347016	32558677	2942	0.0066
TCGA-02-2470-01A-01D-0785-04	6	32567382	32600962	4	-2.4509
TCGA-02-2470-01A-01D-0785-04	6	32605300	32745036	16	-0.5498
TCGA-02-2470-01A-01D-0785-04	6	32766023	165631035	9808	-0.0042
TCGA-02-2470-01A-01D-0785-04	6	165640218	165640218	1	NA
TCGA-02-2470-01A-01D-0785-04	6	165645537	165650610	2	1.9702
TCGA-02-2470-01A-01D-0785-04	6	165657596	170867396	471	0.0013
TCGA-02-2470-01A-01D-0785-04	7	140213	158811268	13241	0.3142
TCGA-02-2470-01A-01D-0785-04	8	63810	12077339	995	-0.0168
TCGA-02-2470-01A-01D-0785-04	8	12276178	12285464	2	-1.2977
TCGA-02-2470-01A-01D-0785-04	8	12448374	36380419	1919	0.0037
TCGA-02-2470-01A-01D-0785-04	8	36416687	36556578	9	0.6885
TCGA-02-2470-01A-01D-0785-04	8	36586077	146264846	8035	0.0044
TCGA-02-2470-01A-01D-0785-04	9	153131	19554273	1560	-0.0014
TCGA-02-2470-01A-01D-0785-04	9	19566468	22445002	273	-1.0258
TCGA-02-2470-01A-01D-0785-04	9	22453166	38561787	1232	0.0101
TCGA-02-2470-01A-01D-0785-04	9	38589898	140138746	6334	-0.3997
TCGA-02-2470-01A-01D-0785-04	9	140145683	140241876	4	0.1307
