barcode	chromosome	start	stop	num.mark	seg.mean
TCGA-08-0373-01A-01D-0311-04	1	554268	147134175	10512	0.0196
TCGA-08-0373-01A-01D-0311-04	1	147203277	148002694	17	-0.5802
TCGA-08-0373-01A-01D-0311-04	1	148035420	150819451	362	0.0406
TCGA-08-0373-01A-01D-0311-04	1	150823073	150848509	5	2.5026
TCGA-08-0373-01A-01D-0311-04	1	150852858	201087800	4413	0.0069
TCGA-08-0373-01A-01D-0311-04	1	201093930	201704679	78	0.4002
TCGA-08-0373-01A-01D-0311-04	1	201711814	202124828	46	-0.0097
TCGA-08-0373-01A-01D-0311-04	1	202134170	202885697	82	0.3929
TCGA-08-0373-01A-01D-0311-04	1	202895564	246025834	3580	0.0022
TCGA-08-0373-01A-01D-0311-04	1	246033238	246880850	118	-0.3896
TCGA-08-0373-01A-01D-0311-04	1	246890704	247190718	32	0.0685
TCGA-08-0373-01A-01D-0311-04	10	115544	135324730	11034	-0.4534
TCGA-08-0373-01A-01D-0311-04	10	135356671	135356671	1	NA
TCGA-08-0373-01A-01D-0311-04	11	182372	55118214	4215	-0.0179
TCGA-08-0373-01A-01D-0311-04	11	55124730	55207305	13	0.4594
TCGA-08-0373-01A-01D-0311-04	11	55225136	134432265	7207	-0.0104
TCGA-08-0373-01A-01D-0311-04	12	33854	9452803	1015	0.0047
TCGA-08-0373-01A-01D-0311-04	12	9528590	9554149	2	1.4986
TCGA-08-0373-01A-01D-0311-04	12	9585156	132289090	10150	0.0031
TCGA-08-0373-01A-01D-0311-04	13	18065953	47872085	2878	-0.1596
TCGA-08-0373-01A-01D-0311-04	13	47883983	96375625	3215	-0.4541
TCGA-08-0373-01A-01D-0311-04	13	96390468	96406900	2	-1.7021
TCGA-08-0373-01A-01D-0311-04	13	96416534	114123862	1557	-0.4597
TCGA-08-0373-01A-01D-0311-04	14	18149473	21518235	363	-0.0143
TCGA-08-0373-01A-01D-0311-04	14	21523818	22012263	61	0.3582
TCGA-08-0373-01A-01D-0311-04	14	22022060	105845658	7718	0.0014
TCGA-08-0373-01A-01D-0311-04	14	105857193	105898674	5	-1.3004
TCGA-08-0373-01A-01D-0311-04	14	105907191	106349756	49	-0.0589
TCGA-08-0373-01A-01D-0311-04	15	18362555	100282819	8008	-0.3314
TCGA-08-0373-01A-01D-0311-04	16	28087	69441287	4994	0.0077
TCGA-08-0373-01A-01D-0311-04	16	69447152	69808750	40	-0.395
TCGA-08-0373-01A-01D-0311-04	16	69817039	72917554	268	-0.0302
TCGA-08-0373-01A-01D-0311-04	16	72933295	72964783	4	-0.8173
TCGA-08-0373-01A-01D-0311-04	16	73012768	88690571	1488	0.0013
TCGA-08-0373-01A-01D-0311-04	17	29169	29404250	2912	0.0093
TCGA-08-0373-01A-01D-0311-04	17	29421125	29421633	2	-1.3197
TCGA-08-0373-01A-01D-0311-04	17	29432404	78638467	4742	0.0109
TCGA-08-0373-01A-01D-0311-04	17	78653545	78653545	1	NA
TCGA-08-0373-01A-01D-0311-04	18	4316	76110964	5774	-0.0291
TCGA-08-0373-01A-01D-0311-04	19	64418	63784327	5977	0.0313
TCGA-08-0373-01A-01D-0311-04	2	20341	34539740	2705	-0.0052
TCGA-08-0373-01A-01D-0311-04	2	34556434	34580533	2	1.5247
TCGA-08-0373-01A-01D-0311-04	2	34608979	242717016	15827	-0.0024
TCGA-08-0373-01A-01D-0311-04	20	8747	1506379	191	-0.0166
TCGA-08-0373-01A-01D-0311-04	20	1516966	1539155	3	2.1327
TCGA-08-0373-01A-01D-0311-04	20	1546858	62379059	5137	0.0017
TCGA-08-0373-01A-01D-0311-04	21	9896630	14334542	50	-0.2828
TCGA-08-0373-01A-01D-0311-04	21	14346873	46914686	3312	0.0046
TCGA-08-0373-01A-01D-0311-04	22	14504218	22677959	820	-0.4002
TCGA-08-0373-01A-01D-0311-04	22	22681995	22725305	9	0.4145
TCGA-08-0373-01A-01D-0311-04	22	22731196	49565816	3250	-0.4206
TCGA-08-0373-01A-01D-0311-04	23	2710316	154582414	10938	0.1864
TCGA-08-0373-01A-01D-0311-04	24	2710450	4289705	91	0.0888
TCGA-08-0373-01A-01D-0311-04	24	4352850	4373790	2	-1.615
TCGA-08-0373-01A-01D-0311-04	24	4395365	57440809	1200	0.0871
TCGA-08-0373-01A-01D-0311-04	3	39066	196822133	15611	0.0068
TCGA-08-0373-01A-01D-0311-04	3	196830270	196958467	12	-0.9302
TCGA-08-0373-01A-01D-0311-04	3	196968244	199379566	263	0.0467
TCGA-08-0373-01A-01D-0311-04	4	41413	150879448	10454	-0.0122
TCGA-08-0373-01A-01D-0311-04	4	150890664	151378362	37	0.339
TCGA-08-0373-01A-01D-0311-04	4	151387549	190749363	2832	0.004
TCGA-08-0373-01A-01D-0311-04	4	190780239	190907865	10	-0.9693
TCGA-08-0373-01A-01D-0311-04	4	190924564	191173837	20	-0.1377
TCGA-08-0373-01A-01D-0311-04	5	75149	140196482	9822	-0.0169
TCGA-08-0373-01A-01D-0311-04	5	140203440	140216524	4	-6.1102
TCGA-08-0373-01A-01D-0311-04	5	140221835	180644810	3418	-0.0041
TCGA-08-0373-01A-01D-0311-04	6	97634	32711957	2977	0.0075
TCGA-08-0373-01A-01D-0311-04	6	32718991	32728487	3	1.1957
TCGA-08-0373-01A-01D-0311-04	6	32732764	57307563	2365	0.0106
TCGA-08-0373-01A-01D-0311-04	6	57313842	57636798	34	-0.363
TCGA-08-0373-01A-01D-0311-04	6	57648021	110775606	3166	0.0013
TCGA-08-0373-01A-01D-0311-04	6	110785099	111532934	74	-0.3952
TCGA-08-0373-01A-01D-0311-04	6	111545840	114408838	202	0.0166
TCGA-08-0373-01A-01D-0311-04	6	114425094	115246510	43	-0.435
TCGA-08-0373-01A-01D-0311-04	6	115296805	170867396	4401	0.2085
TCGA-08-0373-01A-01D-0311-04	7	140213	38259147	3337	0.2189
TCGA-08-0373-01A-01D-0311-04	7	38262701	38397824	20	0.6549
TCGA-08-0373-01A-01D-0311-04	7	38405899	130190584	7115	0.2133
TCGA-08-0373-01A-01D-0311-04	7	130200694	130892527	66	0.5296
TCGA-08-0373-01A-01D-0311-04	7	130903915	141687978	1052	0.2189
TCGA-08-0373-01A-01D-0311-04	7	141705163	141711513	2	2.0371
TCGA-08-0373-01A-01D-0311-04	7	141720324	158811268	1649	0.1912
TCGA-08-0373-01A-01D-0311-04	8	63810	39341524	3169	-0.0028
TCGA-08-0373-01A-01D-0311-04	8	39356595	39505256	20	-4.4357
TCGA-08-0373-01A-01D-0311-04	8	39511632	146264846	7771	-4e-04
TCGA-08-0373-01A-01D-0311-04	9	153131	140241876	9403	0.0012
