barcode	chromosome	start	stop	num.mark	seg.mean
TCGA-32-2495-01A-01D-1227-04	1	554268	16900526	1596	-0.0603
TCGA-32-2495-01A-01D-1227-04	1	16911911	16964267	5	-1.0133
TCGA-32-2495-01A-01D-1227-04	1	17082119	150839754	9293	-0.0241
TCGA-32-2495-01A-01D-1227-04	1	150844444	150848509	2	-2.1725
TCGA-32-2495-01A-01D-1227-04	1	150852858	195005520	3873	-0.0305
TCGA-32-2495-01A-01D-1227-04	1	195015116	195033552	3	-0.8856
TCGA-32-2495-01A-01D-1227-04	1	195045871	247190718	4473	-0.0333
TCGA-32-2495-01A-01D-1227-04	10	115544	135356671	11035	-0.6563
TCGA-32-2495-01A-01D-1227-04	11	182372	5738494	691	-0.065
TCGA-32-2495-01A-01D-1227-04	11	5742476	5762182	4	-0.7567
TCGA-32-2495-01A-01D-1227-04	11	5766615	134432265	10740	-0.0288
TCGA-32-2495-01A-01D-1227-04	12	33854	9452803	1015	-0.0548
TCGA-32-2495-01A-01D-1227-04	12	9528590	9585156	3	1.7382
TCGA-32-2495-01A-01D-1227-04	12	9613074	10464018	116	-0.0153
TCGA-32-2495-01A-01D-1227-04	12	10465787	10484956	3	-1.1931
TCGA-32-2495-01A-01D-1227-04	12	10493984	121916736	9130	-0.0208
TCGA-32-2495-01A-01D-1227-04	12	121927667	121927667	1	NA
TCGA-32-2495-01A-01D-1227-04	12	121936584	122078229	19	0.5343
TCGA-32-2495-01A-01D-1227-04	12	122088032	132289090	880	-0.0805
TCGA-32-2495-01A-01D-1227-04	13	18065953	114123862	7652	-0.0204
TCGA-32-2495-01A-01D-1227-04	14	18149473	19216369	10	0.3117
TCGA-32-2495-01A-01D-1227-04	14	19268776	19433191	20	-0.0912
TCGA-32-2495-01A-01D-1227-04	14	19446048	21479168	328	0.2978
TCGA-32-2495-01A-01D-1227-04	14	21485351	22081092	73	0.6005
TCGA-32-2495-01A-01D-1227-04	14	22086379	105422205	7664	0.3362
TCGA-32-2495-01A-01D-1227-04	14	105432521	105447369	3	-0.7796
TCGA-32-2495-01A-01D-1227-04	14	105455799	105594189	17	0.2018
TCGA-32-2495-01A-01D-1227-04	14	105602756	105623070	3	-2.5005
TCGA-32-2495-01A-01D-1227-04	14	105630089	106349756	78	0.3035
TCGA-32-2495-01A-01D-1227-04	15	18362555	32454294	1066	-0.0499
TCGA-32-2495-01A-01D-1227-04	15	32458866	32654561	18	-0.6462
TCGA-32-2495-01A-01D-1227-04	15	32667508	91079430	6131	-0.0299
TCGA-32-2495-01A-01D-1227-04	15	91087209	91341205	27	0.4365
TCGA-32-2495-01A-01D-1227-04	15	91348805	100282819	766	-0.0644
TCGA-32-2495-01A-01D-1227-04	16	28087	34297461	3031	-0.0519
TCGA-32-2495-01A-01D-1227-04	16	34339543	34605030	11	0.4249
TCGA-32-2495-01A-01D-1227-04	16	34634686	88690571	3752	-0.0565
TCGA-32-2495-01A-01D-1227-04	17	29169	33836794	3284	-0.0509
TCGA-32-2495-01A-01D-1227-04	17	33846724	34094286	21	-0.4687
TCGA-32-2495-01A-01D-1227-04	17	34111285	34824743	93	0.2821
TCGA-32-2495-01A-01D-1227-04	17	34837463	35381270	70	-0.0584
TCGA-32-2495-01A-01D-1227-04	17	35384799	36347062	141	-0.6187
TCGA-32-2495-01A-01D-1227-04	17	36351895	36534226	2	NA
TCGA-32-2495-01A-01D-1227-04	17	36541969	36857537	51	-0.0595
TCGA-32-2495-01A-01D-1227-04	17	36861607	37010657	30	-0.6604
TCGA-32-2495-01A-01D-1227-04	17	37014754	37183221	27	-0.0257
TCGA-32-2495-01A-01D-1227-04	17	37193893	37559380	58	-0.5517
TCGA-32-2495-01A-01D-1227-04	17	37565147	37730364	25	-0.0239
TCGA-32-2495-01A-01D-1227-04	17	37744308	41515622	447	0.2982
TCGA-32-2495-01A-01D-1227-04	17	41521544	41700762	15	0.9864
TCGA-32-2495-01A-01D-1227-04	17	41706870	74350436	2909	0.3209
TCGA-32-2495-01A-01D-1227-04	17	74363212	74577737	30	0.8104
TCGA-32-2495-01A-01D-1227-04	17	74585003	78653545	454	0.242
TCGA-32-2495-01A-01D-1227-04	18	4316	4316	1	NA
TCGA-32-2495-01A-01D-1227-04	18	59754	76110964	5773	-0.028
TCGA-32-2495-01A-01D-1227-04	19	64418	63784327	5977	0.3138
TCGA-32-2495-01A-01D-1227-04	2	20341	233340889	17640	-0.0303
TCGA-32-2495-01A-01D-1227-04	2	233346482	233956050	68	-0.6034
TCGA-32-2495-01A-01D-1227-04	2	233961514	242717016	826	-0.0633
TCGA-32-2495-01A-01D-1227-04	20	8747	25049716	2148	0.3663
TCGA-32-2495-01A-01D-1227-04	20	25072070	25105133	3	-0.4672
TCGA-32-2495-01A-01D-1227-04	20	25116611	62379059	3180	0.3501
TCGA-32-2495-01A-01D-1227-04	21	9896630	46914686	3362	-0.0368
TCGA-32-2495-01A-01D-1227-04	22	14504218	18407719	340	-0.056
TCGA-32-2495-01A-01D-1227-04	22	18412280	18430300	4	-0.8007
TCGA-32-2495-01A-01D-1227-04	22	18437980	49565816	3735	-0.0618
TCGA-32-2495-01A-01D-1227-04	23	2710316	6455262	276	1.1581
TCGA-32-2495-01A-01D-1227-04	23	6463313	6477006	3	-0.4197
TCGA-32-2495-01A-01D-1227-04	23	6487238	90843907	5890	1.2004
TCGA-32-2495-01A-01D-1227-04	23	90865947	92289605	56	0.7927
TCGA-32-2495-01A-01D-1227-04	23	92303812	153555953	4607	1.1868
TCGA-32-2495-01A-01D-1227-04	23	153566897	153652317	13	1.7023
TCGA-32-2495-01A-01D-1227-04	23	153656643	154582414	93	1.1296
TCGA-32-2495-01A-01D-1227-04	24	2710450	3223585	58	-2.3776
TCGA-32-2495-01A-01D-1227-04	24	3318461	6652868	95	-0.7998
TCGA-32-2495-01A-01D-1227-04	24	6696721	7860364	161	-1.8828
TCGA-32-2495-01A-01D-1227-04	24	7866716	8173133	46	-2.7115
TCGA-32-2495-01A-01D-1227-04	24	8176058	8255538	16	-1.7405
TCGA-32-2495-01A-01D-1227-04	24	8260890	8348004	16	-3.144
TCGA-32-2495-01A-01D-1227-04	24	8357273	8777927	59	-1.7012
TCGA-32-2495-01A-01D-1227-04	24	8802502	9132086	21	-2.7831
TCGA-32-2495-01A-01D-1227-04	24	9145335	10379512	23	-1.3007
TCGA-32-2495-01A-01D-1227-04	24	10397038	10511255	7	-3.0231
TCGA-32-2495-01A-01D-1227-04	24	10537808	12586920	21	-0.4263
TCGA-32-2495-01A-01D-1227-04	24	12593244	13052633	33	-1.7657
TCGA-32-2495-01A-01D-1227-04	24	13076816	14352278	148	-2.6404
TCGA-32-2495-01A-01D-1227-04	24	14356069	15149506	69	-1.6741
TCGA-32-2495-01A-01D-1227-04	24	15152354	24685322	491	-2.3089
TCGA-32-2495-01A-01D-1227-04	24	24754207	57440809	29	-1.0725
TCGA-32-2495-01A-01D-1227-04	3	39066	21746918	1852	-0.027
TCGA-32-2495-01A-01D-1227-04	3	21753138	22128514	17	0.515
TCGA-32-2495-01A-01D-1227-04	3	22172039	163966032	11085	-0.0128
TCGA-32-2495-01A-01D-1227-04	3	163977334	164101776	10	0.4871
TCGA-32-2495-01A-01D-1227-04	3	164112873	196942158	2655	-0.0096
TCGA-32-2495-01A-01D-1227-04	3	196943380	196958467	4	0.7249
TCGA-32-2495-01A-01D-1227-04	3	196968244	199379566	263	-0.0326
TCGA-32-2495-01A-01D-1227-04	4	41413	191173837	13353	-0.0183
TCGA-32-2495-01A-01D-1227-04	5	75149	98113816	6722	0.3443
TCGA-32-2495-01A-01D-1227-04	5	98121332	98126117	2	-0.7957
TCGA-32-2495-01A-01D-1227-04	5	98130848	140203440	3099	0.3526
TCGA-32-2495-01A-01D-1227-04	5	140207585	140216524	3	-3.4261
TCGA-32-2495-01A-01D-1227-04	5	140221835	173871073	2739	0.3385
TCGA-32-2495-01A-01D-1227-04	5	173911598	175070418	72	-0.6124
TCGA-32-2495-01A-01D-1227-04	5	175100404	180644810	607	0.2604
TCGA-32-2495-01A-01D-1227-04	6	97634	238441	11	0.2791
TCGA-32-2495-01A-01D-1227-04	6	252939	341386	10	-0.1496
TCGA-32-2495-01A-01D-1227-04	6	347016	6803194	641	0.3171
TCGA-32-2495-01A-01D-1227-04	6	6832950	14818042	618	-0.1011
TCGA-32-2495-01A-01D-1227-04	6	14838766	25384598	747	0.3477
TCGA-32-2495-01A-01D-1227-04	6	25393038	29950805	544	-0.1063
TCGA-32-2495-01A-01D-1227-04	6	29962849	30010234	6	-1.6045
TCGA-32-2495-01A-01D-1227-04	6	30021894	32507380	384	-0.1239
TCGA-32-2495-01A-01D-1227-04	6	32519935	32600962	6	-0.6066
TCGA-32-2495-01A-01D-1227-04	6	32605300	32728487	13	-0.4853
TCGA-32-2495-01A-01D-1227-04	6	32732764	34663072	235	0.2935
TCGA-32-2495-01A-01D-1227-04	6	34673781	165640218	9577	-0.0977
TCGA-32-2495-01A-01D-1227-04	6	165645537	165650610	2	1.3051
TCGA-32-2495-01A-01D-1227-04	6	165657596	170867396	471	-0.1297
TCGA-32-2495-01A-01D-1227-04	7	140213	38259147	3337	-0.0243
TCGA-32-2495-01A-01D-1227-04	7	38262701	38276237	3	0.7603
TCGA-32-2495-01A-01D-1227-04	7	38277728	48135497	839	-0.0473
TCGA-32-2495-01A-01D-1227-04	7	48164199	51668124	279	0.3921
TCGA-32-2495-01A-01D-1227-04	7	51698020	54217905	96	0.0337
TCGA-32-2495-01A-01D-1227-04	7	54241335	54516545	8	4.4721
TCGA-32-2495-01A-01D-1227-04	7	54544164	54590726	7	5.6589
TCGA-32-2495-01A-01D-1227-04	7	54597919	54856896	20	4.4155
TCGA-32-2495-01A-01D-1227-04	7	54892257	55133012	17	5.3994
TCGA-32-2495-01A-01D-1227-04	7	55141866	55141866	1	NA
TCGA-32-2495-01A-01D-1227-04	7	55150428	55177593	4	4.4877
TCGA-32-2495-01A-01D-1227-04	7	55191696	55383642	14	5.3895
TCGA-32-2495-01A-01D-1227-04	7	55393599	55458266	7	4.3087
TCGA-32-2495-01A-01D-1227-04	7	55466490	158811268	8609	0.384
TCGA-32-2495-01A-01D-1227-04	8	63810	4907651	491	-0.1036
TCGA-32-2495-01A-01D-1227-04	8	4924111	5163725	9	0.2511
TCGA-32-2495-01A-01D-1227-04	8	5194175	5290015	3	-0.3953
TCGA-32-2495-01A-01D-1227-04	8	5317755	5317755	1	NA
TCGA-32-2495-01A-01D-1227-04	8	5340958	5971101	24	0.2377
TCGA-32-2495-01A-01D-1227-04	8	5990903	6929691	98	-0.1178
TCGA-32-2495-01A-01D-1227-04	8	7040596	8132139	10	-0.5637
TCGA-32-2495-01A-01D-1227-04	8	8140070	146250765	10323	-0.0413
TCGA-32-2495-01A-01D-1227-04	8	146264846	146264846	1	NA
TCGA-32-2495-01A-01D-1227-04	9	153131	10138017	907	-0.0145
TCGA-32-2495-01A-01D-1227-04	9	10154896	10676662	37	-0.5082
TCGA-32-2495-01A-01D-1227-04	9	10711924	10962765	9	-0.0048
TCGA-32-2495-01A-01D-1227-04	9	10995880	11649296	21	-0.6521
TCGA-32-2495-01A-01D-1227-04	9	11687635	12038553	17	-0.0738
TCGA-32-2495-01A-01D-1227-04	9	12064176	12527982	20	-0.6117
TCGA-32-2495-01A-01D-1227-04	9	12544853	12722919	15	0.4808
TCGA-32-2495-01A-01D-1227-04	9	12748407	14939025	150	-0.661
TCGA-32-2495-01A-01D-1227-04	9	14965815	15451943	44	-0.0615
TCGA-32-2495-01A-01D-1227-04	9	15462577	15993053	59	0.3891
TCGA-32-2495-01A-01D-1227-04	9	16005445	16666504	43	-0.6086
TCGA-32-2495-01A-01D-1227-04	9	16676616	16907771	26	-0.058
TCGA-32-2495-01A-01D-1227-04	9	16937288	17405812	40	-0.6479
TCGA-32-2495-01A-01D-1227-04	9	17414228	17841059	42	0.0452
TCGA-32-2495-01A-01D-1227-04	9	17870008	19148673	94	-0.6266
TCGA-32-2495-01A-01D-1227-04	9	19166158	19822387	61	-0.0507
TCGA-32-2495-01A-01D-1227-04	9	19846967	19997631	10	-1.0579
TCGA-32-2495-01A-01D-1227-04	9	20011931	20810273	78	-1.9657
TCGA-32-2495-01A-01D-1227-04	9	20823666	21095075	33	-0.608
TCGA-32-2495-01A-01D-1227-04	9	21106004	21140819	7	-2.2132
TCGA-32-2495-01A-01D-1227-04	9	21149331	21321182	23	-0.5938
TCGA-32-2495-01A-01D-1227-04	9	21324395	21947735	65	-2.1123
TCGA-32-2495-01A-01D-1227-04	9	21957548	22018273	12	-1.4377
TCGA-32-2495-01A-01D-1227-04	9	22026446	22656569	31	-0.6893
TCGA-32-2495-01A-01D-1227-04	9	22664760	22797750	10	-1.3315
TCGA-32-2495-01A-01D-1227-04	9	22808496	23316739	21	-0.6145
TCGA-32-2495-01A-01D-1227-04	9	23338535	27445716	222	-0.0861
TCGA-32-2495-01A-01D-1227-04	9	27454336	27464501	2	-2.8144
TCGA-32-2495-01A-01D-1227-04	9	27472218	29932601	165	-0.1017
TCGA-32-2495-01A-01D-1227-04	9	29972920	31134867	48	0.4021
TCGA-32-2495-01A-01D-1227-04	9	31181538	31511170	19	-0.7633
TCGA-32-2495-01A-01D-1227-04	9	31523222	31933737	21	-0.0152
TCGA-32-2495-01A-01D-1227-04	9	31976262	32162607	6	-0.8019
TCGA-32-2495-01A-01D-1227-04	9	32195770	32463040	19	-0.1096
TCGA-32-2495-01A-01D-1227-04	9	32471409	44167273	724	0.3137
TCGA-32-2495-01A-01D-1227-04	9	44199401	70174301	18	-0.0856
TCGA-32-2495-01A-01D-1227-04	9	70223138	140241876	6284	0.3183
