barcode	chromosome	start	stop	num.mark	seg.mean
TCGA-06-0154-01A-02D-0238-04	1	554268	6410034	582	-0.0669
TCGA-06-0154-01A-02D-0238-04	1	6417820	6436594	4	-0.4808
TCGA-06-0154-01A-02D-0238-04	1	6442189	15458539	834	-0.019
TCGA-06-0154-01A-02D-0238-04	1	15480041	16499462	144	0.3634
TCGA-06-0154-01A-02D-0238-04	1	16512867	16884678	30	-0.0368
TCGA-06-0154-01A-02D-0238-04	1	16893620	16960984	6	-0.7546
TCGA-06-0154-01A-02D-0238-04	1	16964267	38855023	2105	-0.0173
TCGA-06-0154-01A-02D-0238-04	1	38891881	39685800	82	0.3976
TCGA-06-0154-01A-02D-0238-04	1	39701804	147213294	6727	0.0029
TCGA-06-0154-01A-02D-0238-04	1	147307637	147475854	8	-0.4794
TCGA-06-0154-01A-02D-0238-04	1	147499046	150819451	369	-0.0034
TCGA-06-0154-01A-02D-0238-04	1	150823073	150848509	5	-0.9959
TCGA-06-0154-01A-02D-0238-04	1	150852858	152885322	289	-0.0045
TCGA-06-0154-01A-02D-0238-04	1	152901700	153789079	138	0.3222
TCGA-06-0154-01A-02D-0238-04	1	153800347	153808065	2	NA
TCGA-06-0154-01A-02D-0238-04	1	153818769	157818879	461	-0.0025
TCGA-06-0154-01A-02D-0238-04	1	157824718	158246064	55	0.3633
TCGA-06-0154-01A-02D-0238-04	1	158252948	158789803	74	0.6943
TCGA-06-0154-01A-02D-0238-04	1	158805826	159148895	43	0.4033
TCGA-06-0154-01A-02D-0238-04	1	159168757	202408553	3501	0.0013
TCGA-06-0154-01A-02D-0238-04	1	202415607	203425835	109	0.7165
TCGA-06-0154-01A-02D-0238-04	1	203435533	204637883	115	-0.0071
TCGA-06-0154-01A-02D-0238-04	1	204650322	205303352	95	0.3871
TCGA-06-0154-01A-02D-0238-04	1	205308141	205308141	1	NA
TCGA-06-0154-01A-02D-0238-04	1	205312455	247190718	3466	0.0048
TCGA-06-0154-01A-02D-0238-04	10	115544	115544	1	NA
TCGA-06-0154-01A-02D-0238-04	10	126361	4434589	393	-0.015
TCGA-06-0154-01A-02D-0238-04	10	4449570	38669536	2775	-0.5591
TCGA-06-0154-01A-02D-0238-04	10	38682265	42175348	12	-0.2202
TCGA-06-0154-01A-02D-0238-04	10	42184626	79054203	2856	-0.5636
TCGA-06-0154-01A-02D-0238-04	10	79064929	79962624	77	-0.0203
TCGA-06-0154-01A-02D-0238-04	10	79973328	100670683	1803	-0.5617
TCGA-06-0154-01A-02D-0238-04	10	100678817	100686787	2	-1.3147
TCGA-06-0154-01A-02D-0238-04	10	100695568	135252519	3110	-0.5766
TCGA-06-0154-01A-02D-0238-04	10	135254461	135356671	6	-0.3949
TCGA-06-0154-01A-02D-0238-04	11	182372	20519729	2124	-0.01
TCGA-06-0154-01A-02D-0238-04	11	20559637	20693874	16	-0.4381
TCGA-06-0154-01A-02D-0238-04	11	20699828	55112329	2074	0.0053
TCGA-06-0154-01A-02D-0238-04	11	55118214	55261066	19	0.2367
TCGA-06-0154-01A-02D-0238-04	11	55270793	132725271	7052	-0.0063
TCGA-06-0154-01A-02D-0238-04	11	132730893	132875533	15	0.5946
TCGA-06-0154-01A-02D-0238-04	11	132888045	134432265	135	-0.0262
TCGA-06-0154-01A-02D-0238-04	12	33854	9452803	1015	-0.0098
TCGA-06-0154-01A-02D-0238-04	12	9528590	9554149	2	-2.2758
TCGA-06-0154-01A-02D-0238-04	12	9585156	10464018	117	-0.0119
TCGA-06-0154-01A-02D-0238-04	12	10465787	10484956	3	-0.8076
TCGA-06-0154-01A-02D-0238-04	12	10493984	48586672	2933	0.0035
TCGA-06-0154-01A-02D-0238-04	12	48592400	49443336	106	0.366
TCGA-06-0154-01A-02D-0238-04	12	49455663	49455663	1	NA
TCGA-06-0154-01A-02D-0238-04	12	49463530	132289090	6990	-0.0042
TCGA-06-0154-01A-02D-0238-04	13	18065953	56650373	3551	0.0022
TCGA-06-0154-01A-02D-0238-04	13	56658479	56673183	3	-0.5268
TCGA-06-0154-01A-02D-0238-04	13	56691355	114123862	4098	-0.0015
TCGA-06-0154-01A-02D-0238-04	14	18149473	19090564	8	-0.0401
TCGA-06-0154-01A-02D-0238-04	14	19154992	19484013	31	-0.2641
TCGA-06-0154-01A-02D-0238-04	14	19490630	21479168	319	0.011
TCGA-06-0154-01A-02D-0238-04	14	21485351	22034704	68	0.2404
TCGA-06-0154-01A-02D-0238-04	14	22046097	40670538	1598	0.0066
TCGA-06-0154-01A-02D-0238-04	14	40704122	40726930	2	0.5947
TCGA-06-0154-01A-02D-0238-04	14	40746865	69078818	2524	0.008
TCGA-06-0154-01A-02D-0238-04	14	69088190	69092211	2	0.6594
TCGA-06-0154-01A-02D-0238-04	14	69098569	73060301	438	-0.0074
TCGA-06-0154-01A-02D-0238-04	14	73071404	73082250	3	-1.1233
TCGA-06-0154-01A-02D-0238-04	14	73092018	105594189	3122	-0.0121
TCGA-06-0154-01A-02D-0238-04	14	105602756	105630089	4	-0.5523
TCGA-06-0154-01A-02D-0238-04	14	105643293	106349756	77	0.0267
TCGA-06-0154-01A-02D-0238-04	15	18362555	18454050	6	0.0448
TCGA-06-0154-01A-02D-0238-04	15	18657388	19435500	42	-0.3594
TCGA-06-0154-01A-02D-0238-04	15	19465359	100282819	7960	-0.0011
TCGA-06-0154-01A-02D-0238-04	16	28087	54343465	3746	-0.0176
TCGA-06-0154-01A-02D-0238-04	16	54354643	54379834	5	-0.4186
TCGA-06-0154-01A-02D-0238-04	16	54390012	88690571	3043	-0.0079
TCGA-06-0154-01A-02D-0238-04	17	29169	41515622	4249	-0.0134
TCGA-06-0154-01A-02D-0238-04	17	41521544	41566540	7	0.3582
TCGA-06-0154-01A-02D-0238-04	17	41577520	77868413	3302	-0.0139
TCGA-06-0154-01A-02D-0238-04	17	77871761	78653545	99	0.3746
TCGA-06-0154-01A-02D-0238-04	18	4316	50198021	3839	8e-04
TCGA-06-0154-01A-02D-0238-04	18	50248665	53529754	258	-0.5693
TCGA-06-0154-01A-02D-0238-04	18	53546150	53694727	12	0.0981
TCGA-06-0154-01A-02D-0238-04	18	53741448	54424646	79	-0.547
TCGA-06-0154-01A-02D-0238-04	18	54436863	54814854	38	0.0415
TCGA-06-0154-01A-02D-0238-04	18	54843688	54983553	11	-0.6394
TCGA-06-0154-01A-02D-0238-04	18	54992640	55514893	62	-0.014
TCGA-06-0154-01A-02D-0238-04	18	55529154	55589139	7	-0.5783
TCGA-06-0154-01A-02D-0238-04	18	55603094	76110964	1468	0.0028
TCGA-06-0154-01A-02D-0238-04	19	64418	33929854	2719	0.3007
TCGA-06-0154-01A-02D-0238-04	19	33973326	39264157	325	-0.0239
TCGA-06-0154-01A-02D-0238-04	19	39279075	40784003	171	0.3252
TCGA-06-0154-01A-02D-0238-04	19	40791399	63784327	2762	-0.0369
TCGA-06-0154-01A-02D-0238-04	2	20341	34539740	2705	-0.0083
TCGA-06-0154-01A-02D-0238-04	2	34556434	34580533	2	-1.2467
TCGA-06-0154-01A-02D-0238-04	2	34608979	242717016	15827	0.0038
TCGA-06-0154-01A-02D-0238-04	20	8747	1506379	191	0.3714
TCGA-06-0154-01A-02D-0238-04	20	1516966	1539155	3	0.9981
TCGA-06-0154-01A-02D-0238-04	20	1546858	62379059	5137	0.3848
TCGA-06-0154-01A-02D-0238-04	21	9896630	46914686	3362	-0.0047
TCGA-06-0154-01A-02D-0238-04	22	14504218	49565816	4079	-0.0292
TCGA-06-0154-01A-02D-0238-04	23	2710316	154037006	10892	0.0284
TCGA-06-0154-01A-02D-0238-04	23	154050185	154078819	3	0.8342
TCGA-06-0154-01A-02D-0238-04	23	154086636	154582414	43	0.0255
TCGA-06-0154-01A-02D-0238-04	24	2710450	4785065	104	-0.0109
TCGA-06-0154-01A-02D-0238-04	24	4804841	4948824	10	-0.2949
TCGA-06-0154-01A-02D-0238-04	24	4955643	20319221	971	-0.0178
TCGA-06-0154-01A-02D-0238-04	24	20323658	20327100	2	-0.6372
TCGA-06-0154-01A-02D-0238-04	24	20331810	57440809	206	-0.0204
TCGA-06-0154-01A-02D-0238-04	3	39066	48032253	4017	0.0032
TCGA-06-0154-01A-02D-0238-04	3	48042646	48968453	124	0.3519
TCGA-06-0154-01A-02D-0238-04	3	48975874	163987457	8815	0.0058
TCGA-06-0154-01A-02D-0238-04	3	163997228	164101776	8	-3.0325
TCGA-06-0154-01A-02D-0238-04	3	164112873	199379566	2922	0.0082
TCGA-06-0154-01A-02D-0238-04	4	41413	68905670	4501	-0.0055
TCGA-06-0154-01A-02D-0238-04	4	69057735	69165814	11	0.7681
TCGA-06-0154-01A-02D-0238-04	4	69643272	139948564	5075	0.006
TCGA-06-0154-01A-02D-0238-04	4	139967531	140000788	3	0.7878
TCGA-06-0154-01A-02D-0238-04	4	140020431	165997580	1964	0.0081
TCGA-06-0154-01A-02D-0238-04	4	166005357	166012593	2	-1.1312
TCGA-06-0154-01A-02D-0238-04	4	166020505	191173837	1797	0.0073
TCGA-06-0154-01A-02D-0238-04	5	75149	745859	75	-0.0553
TCGA-06-0154-01A-02D-0238-04	5	763494	894957	13	-0.3532
TCGA-06-0154-01A-02D-0238-04	5	905462	17647063	1247	-0.0022
TCGA-06-0154-01A-02D-0238-04	5	17653599	17674967	3	-0.8351
TCGA-06-0154-01A-02D-0238-04	5	17685501	180644810	11906	0.0068
TCGA-06-0154-01A-02D-0238-04	6	97634	32056178	2898	0.0074
TCGA-06-0154-01A-02D-0238-04	6	32071823	32119501	4	-0.4628
TCGA-06-0154-01A-02D-0238-04	6	32123032	32519935	60	-0.0468
TCGA-06-0154-01A-02D-0238-04	6	32558677	32629848	7	-1.2616
TCGA-06-0154-01A-02D-0238-04	6	32634044	32728487	11	-0.3426
TCGA-06-0154-01A-02D-0238-04	6	32732764	46671760	1522	-0.0133
TCGA-06-0154-01A-02D-0238-04	6	46687185	47602750	79	0.4029
TCGA-06-0154-01A-02D-0238-04	6	47609406	78983276	1927	0.0052
TCGA-06-0154-01A-02D-0238-04	6	79035891	79079988	3	-0.7856
TCGA-06-0154-01A-02D-0238-04	6	79101978	112326844	2196	0.0136
TCGA-06-0154-01A-02D-0238-04	6	112347833	112523868	16	-0.5333
TCGA-06-0154-01A-02D-0238-04	6	112527145	112737103	23	-0.0404
TCGA-06-0154-01A-02D-0238-04	6	112756254	113466712	30	-0.5402
TCGA-06-0154-01A-02D-0238-04	6	113488617	114269865	26	-0.2522
TCGA-06-0154-01A-02D-0238-04	6	114277437	114513913	29	-0.5723
TCGA-06-0154-01A-02D-0238-04	6	114533846	116091946	48	0.0041
TCGA-06-0154-01A-02D-0238-04	6	116145132	137305587	1714	-0.558
TCGA-06-0154-01A-02D-0238-04	6	137314969	137387268	8	-0.0259
TCGA-06-0154-01A-02D-0238-04	6	137394043	137928470	33	-0.5506
TCGA-06-0154-01A-02D-0238-04	6	137982450	138093451	4	0.0456
TCGA-06-0154-01A-02D-0238-04	6	138115038	138115038	1	NA
TCGA-06-0154-01A-02D-0238-04	6	138136891	138377029	20	-0.472
TCGA-06-0154-01A-02D-0238-04	6	138386999	138802960	45	0.0133
TCGA-06-0154-01A-02D-0238-04	6	138810967	141191792	141	-0.5726
TCGA-06-0154-01A-02D-0238-04	6	141223304	141610830	15	-0.0628
TCGA-06-0154-01A-02D-0238-04	6	141642595	142744680	77	-0.558
TCGA-06-0154-01A-02D-0238-04	6	142753070	143174268	32	0.0168
TCGA-06-0154-01A-02D-0238-04	6	143184955	143318805	10	-0.4654
TCGA-06-0154-01A-02D-0238-04	6	143339669	144573814	130	0.0077
TCGA-06-0154-01A-02D-0238-04	6	144586415	159830410	1212	-0.5549
TCGA-06-0154-01A-02D-0238-04	6	159869956	160643267	83	-0.0023
TCGA-06-0154-01A-02D-0238-04	6	160669310	160810581	15	-0.5623
TCGA-06-0154-01A-02D-0238-04	6	160820326	161578556	68	0.0174
TCGA-06-0154-01A-02D-0238-04	6	161591964	162574081	104	-0.5636
TCGA-06-0154-01A-02D-0238-04	6	162582128	162635870	6	0.0798
TCGA-06-0154-01A-02D-0238-04	6	162647400	163430177	85	-0.5675
TCGA-06-0154-01A-02D-0238-04	6	163436241	163494827	7	-0.0113
TCGA-06-0154-01A-02D-0238-04	6	163507534	163782257	23	-0.4421
TCGA-06-0154-01A-02D-0238-04	6	163796404	163796404	1	NA
TCGA-06-0154-01A-02D-0238-04	6	163803397	163969463	18	0.0591
TCGA-06-0154-01A-02D-0238-04	6	164016427	165729729	72	-0.4889
TCGA-06-0154-01A-02D-0238-04	6	165739328	166010431	32	0.035
TCGA-06-0154-01A-02D-0238-04	6	166018727	167021295	103	-0.5933
TCGA-06-0154-01A-02D-0238-04	6	167027934	168040442	87	-0.0174
TCGA-06-0154-01A-02D-0238-04	6	168045882	169836500	158	-0.5504
TCGA-06-0154-01A-02D-0238-04	6	169845274	170336511	34	-0.0479
TCGA-06-0154-01A-02D-0238-04	6	170347153	170689181	35	-0.5805
TCGA-06-0154-01A-02D-0238-04	6	170693840	170867396	13	-0.0338
TCGA-06-0154-01A-02D-0238-04	7	140213	178408	4	0.3584
TCGA-06-0154-01A-02D-0238-04	7	196611	32964207	2860	0.0036
TCGA-06-0154-01A-02D-0238-04	7	32978585	32991749	2	1.7226
TCGA-06-0154-01A-02D-0238-04	7	33014140	38244071	469	0.0068
TCGA-06-0154-01A-02D-0238-04	7	38254010	38347832	16	0.2321
TCGA-06-0154-01A-02D-0238-04	7	38356482	51121048	1072	-0.0049
TCGA-06-0154-01A-02D-0238-04	7	51126121	51207748	9	0.1189
TCGA-06-0154-01A-02D-0238-04	7	51219365	51250170	5	0.4149
TCGA-06-0154-01A-02D-0238-04	7	51257015	51923945	29	0.1746
TCGA-06-0154-01A-02D-0238-04	7	51948179	52209737	8	4.07
TCGA-06-0154-01A-02D-0238-04	7	52228745	54140676	78	0.1584
TCGA-06-0154-01A-02D-0238-04	7	54192191	55271892	68	3.9714
TCGA-06-0154-01A-02D-0238-04	7	55282948	55605523	29	0.2322
TCGA-06-0154-01A-02D-0238-04	7	55621572	55932949	24	3.5101
TCGA-06-0154-01A-02D-0238-04	7	55940687	56731686	76	0.2057
TCGA-06-0154-01A-02D-0238-04	7	56742063	61469275	55	0.0353
TCGA-06-0154-01A-02D-0238-04	7	61668100	101551957	3291	0.3615
TCGA-06-0154-01A-02D-0238-04	7	101559694	101577453	3	-0.1888
TCGA-06-0154-01A-02D-0238-04	7	101590192	120912789	1523	0.3834
TCGA-06-0154-01A-02D-0238-04	7	120927655	120927655	1	NA
TCGA-06-0154-01A-02D-0238-04	7	120948482	124169232	262	-0.0222
TCGA-06-0154-01A-02D-0238-04	7	124173285	141408013	1677	0.3769
TCGA-06-0154-01A-02D-0238-04	7	141413352	141438504	3	-0.8302
TCGA-06-0154-01A-02D-0238-04	7	141452085	141687978	26	0.337
TCGA-06-0154-01A-02D-0238-04	7	141705163	141711513	2	2.5115
TCGA-06-0154-01A-02D-0238-04	7	141720324	143501811	222	0.3814
TCGA-06-0154-01A-02D-0238-04	7	143514962	143584350	4	1.2376
TCGA-06-0154-01A-02D-0238-04	7	143705425	150226086	607	0.3681
TCGA-06-0154-01A-02D-0238-04	7	150231972	151302950	142	0.5796
TCGA-06-0154-01A-02D-0238-04	7	151315165	158811268	674	0.3513
TCGA-06-0154-01A-02D-0238-04	8	63810	11897919	993	-0.0024
TCGA-06-0154-01A-02D-0238-04	8	11903901	12077339	2	0.279
TCGA-06-0154-01A-02D-0238-04	8	12276178	12285464	2	0.5948
TCGA-06-0154-01A-02D-0238-04	8	12448374	39341524	2172	-2e-04
TCGA-06-0154-01A-02D-0238-04	8	39356595	39505256	20	0.7178
TCGA-06-0154-01A-02D-0238-04	8	39511632	80392393	2692	0.0072
TCGA-06-0154-01A-02D-0238-04	8	80450947	81284305	67	0.4213
TCGA-06-0154-01A-02D-0238-04	8	81305283	146264846	5012	-0.0019
TCGA-06-0154-01A-02D-0238-04	9	153131	19628418	1568	-0.5547
TCGA-06-0154-01A-02D-0238-04	9	19636699	19983767	26	-1.5425
TCGA-06-0154-01A-02D-0238-04	9	19997631	20240034	11	-0.5271
TCGA-06-0154-01A-02D-0238-04	9	20256431	22076798	212	-1.517
TCGA-06-0154-01A-02D-0238-04	9	22115405	39131835	1261	-0.5572
TCGA-06-0154-01A-02D-0238-04	9	39141696	140241876	6325	-0.0079
