barcode	chromosome	start	stop	num.mark	seg.mean
TCGA-14-1825-01A-01D-0592-04	1	554268	2557633	270	-0.0401
TCGA-14-1825-01A-01D-0592-04	1	2572620	2623228	3	-0.8629
TCGA-14-1825-01A-01D-0592-04	1	2684591	16719747	1315	-0.0122
TCGA-14-1825-01A-01D-0592-04	1	16799334	17218458	31	-0.293
TCGA-14-1825-01A-01D-0592-04	1	17232195	25457903	814	-0.0195
TCGA-14-1825-01A-01D-0592-04	1	25482036	25536086	6	-0.8627
TCGA-14-1825-01A-01D-0592-04	1	25541997	76476101	4598	-0.0106
TCGA-14-1825-01A-01D-0592-04	1	76490018	76949936	48	-0.8548
TCGA-14-1825-01A-01D-0592-04	1	76964627	77802723	82	-0.0342
TCGA-14-1825-01A-01D-0592-04	1	77819229	83061240	284	-0.7803
TCGA-14-1825-01A-01D-0592-04	1	83093714	83526148	25	-0.0328
TCGA-14-1825-01A-01D-0592-04	1	83545141	88187967	396	-0.7922
TCGA-14-1825-01A-01D-0592-04	1	88206772	88206772	1	NA
TCGA-14-1825-01A-01D-0592-04	1	88224218	147134175	2639	-0.0331
TCGA-14-1825-01A-01D-0592-04	1	147203277	148002694	17	-0.5466
TCGA-14-1825-01A-01D-0592-04	1	148035420	150839754	365	-0.0164
TCGA-14-1825-01A-01D-0592-04	1	150844444	150848509	2	-1.2549
TCGA-14-1825-01A-01D-0592-04	1	150852858	167483267	1814	-0.0321
TCGA-14-1825-01A-01D-0592-04	1	167493768	167507882	2	-3.2229
TCGA-14-1825-01A-01D-0592-04	1	167523140	171053232	334	-0.0348
TCGA-14-1825-01A-01D-0592-04	1	171079626	172422390	113	0.421
TCGA-14-1825-01A-01D-0592-04	1	172430634	194978218	1609	-0.0262
TCGA-14-1825-01A-01D-0592-04	1	195005520	195067764	8	-0.6214
TCGA-14-1825-01A-01D-0592-04	1	195091758	247190718	4469	-0.0396
TCGA-14-1825-01A-01D-0592-04	10	115544	52289698	3768	-0.7502
TCGA-14-1825-01A-01D-0592-04	10	52298312	52298312	1	NA
TCGA-14-1825-01A-01D-0592-04	10	52306765	53475481	130	-2.7071
TCGA-14-1825-01A-01D-0592-04	10	53484234	56142414	199	-0.7561
TCGA-14-1825-01A-01D-0592-04	10	56156122	56175202	3	-2.31
TCGA-14-1825-01A-01D-0592-04	10	56184015	89241227	2655	-0.7249
TCGA-14-1825-01A-01D-0592-04	10	89253592	91616589	239	-2.6728
TCGA-14-1825-01A-01D-0592-04	10	91635697	135356671	4040	-0.7281
TCGA-14-1825-01A-01D-0592-04	11	182372	55118214	4215	-0.0354
TCGA-14-1825-01A-01D-0592-04	11	55124730	55207305	13	-0.7261
TCGA-14-1825-01A-01D-0592-04	11	55225136	134432265	7207	-0.0332
TCGA-14-1825-01A-01D-0592-04	12	33854	132289090	11167	-0.0642
TCGA-14-1825-01A-01D-0592-04	13	18065953	56650373	3551	-0.2249
TCGA-14-1825-01A-01D-0592-04	13	56658479	56691355	4	0.3887
TCGA-14-1825-01A-01D-0592-04	13	56726008	114123862	4097	-0.2377
TCGA-14-1825-01A-01D-0592-04	14	18149473	19535787	44	0.049
TCGA-14-1825-01A-01D-0592-04	14	19540294	21523818	320	-0.7953
TCGA-14-1825-01A-01D-0592-04	14	21529816	21993784	57	-0.4891
TCGA-14-1825-01A-01D-0592-04	14	22000194	69078818	4129	-0.7676
TCGA-14-1825-01A-01D-0592-04	14	69088190	69092211	2	-3.015
TCGA-14-1825-01A-01D-0592-04	14	69098569	73051686	437	-0.7717
TCGA-14-1825-01A-01D-0592-04	14	73060301	73060301	1	NA
TCGA-14-1825-01A-01D-0592-04	14	73071404	73075500	2	-1.9108
TCGA-14-1825-01A-01D-0592-04	14	73082250	78437201	632	-0.7479
TCGA-14-1825-01A-01D-0592-04	14	78443154	105845658	2518	-0.0459
TCGA-14-1825-01A-01D-0592-04	14	105857193	105898674	5	-0.7102
TCGA-14-1825-01A-01D-0592-04	14	105907191	106349756	49	0.0248
TCGA-14-1825-01A-01D-0592-04	15	18362555	19146596	23	-0.1618
TCGA-14-1825-01A-01D-0592-04	15	19162213	20079935	53	0.1409
TCGA-14-1825-01A-01D-0592-04	15	20220416	22021181	107	-0.1292
TCGA-14-1825-01A-01D-0592-04	15	22038880	22289273	9	-0.8464
TCGA-14-1825-01A-01D-0592-04	15	22329016	41683257	1864	-0.0774
TCGA-14-1825-01A-01D-0592-04	15	41704248	41782489	9	-0.7827
TCGA-14-1825-01A-01D-0592-04	15	41803782	85910768	4547	-0.0578
TCGA-14-1825-01A-01D-0592-04	15	85914598	85923322	3	-1.0489
TCGA-14-1825-01A-01D-0592-04	15	85928030	100282819	1393	-0.0672
TCGA-14-1825-01A-01D-0592-04	16	28087	54683190	3768	-0.0392
TCGA-14-1825-01A-01D-0592-04	16	54695554	62828712	564	-0.7731
TCGA-14-1825-01A-01D-0592-04	16	62849872	88675835	2461	-0.0415
TCGA-14-1825-01A-01D-0592-04	16	88690571	88690571	1	NA
TCGA-14-1825-01A-01D-0592-04	17	29169	41566540	4256	-0.0285
TCGA-14-1825-01A-01D-0592-04	17	41577520	42049540	12	-0.4394
TCGA-14-1825-01A-01D-0592-04	17	42142363	77503378	3238	-0.0209
TCGA-14-1825-01A-01D-0592-04	17	77503673	77503685	2	-1.4891
TCGA-14-1825-01A-01D-0592-04	17	77519913	78653545	149	-0.0234
TCGA-14-1825-01A-01D-0592-04	18	4316	830811	91	-0.0852
TCGA-14-1825-01A-01D-0592-04	18	851334	877751	3	-0.9553
TCGA-14-1825-01A-01D-0592-04	18	882644	27636922	1992	-0.0656
TCGA-14-1825-01A-01D-0592-04	18	27648207	27964750	32	0.2406
TCGA-14-1825-01A-01D-0592-04	18	27974994	54590561	2088	-0.0715
TCGA-14-1825-01A-01D-0592-04	18	54623296	54708592	8	-0.7255
TCGA-14-1825-01A-01D-0592-04	18	54715711	65706554	767	-0.0683
TCGA-14-1825-01A-01D-0592-04	18	65715985	65756533	6	-1.1218
TCGA-14-1825-01A-01D-0592-04	18	65765583	66324076	45	-0.0699
TCGA-14-1825-01A-01D-0592-04	18	66358047	68533620	89	-0.8381
TCGA-14-1825-01A-01D-0592-04	18	68552713	76110964	653	-0.0703
TCGA-14-1825-01A-01D-0592-04	19	64418	63784327	5977	-0.0609
TCGA-14-1825-01A-01D-0592-04	2	20341	10274556	786	-0.0634
TCGA-14-1825-01A-01D-0592-04	2	10284910	11033179	76	-0.7681
TCGA-14-1825-01A-01D-0592-04	2	11059753	90982930	6135	-0.0339
TCGA-14-1825-01A-01D-0592-04	2	90999012	94770336	18	-0.4214
TCGA-14-1825-01A-01D-0592-04	2	94784165	242717016	11519	-0.0424
TCGA-14-1825-01A-01D-0592-04	20	8747	62379059	5331	-0.044
TCGA-14-1825-01A-01D-0592-04	21	9896630	14314039	48	-0.3896
TCGA-14-1825-01A-01D-0592-04	21	14320039	46914686	3314	-0.0614
TCGA-14-1825-01A-01D-0592-04	22	14504218	22671374	819	-0.0307
TCGA-14-1825-01A-01D-0592-04	22	22677959	22720195	9	0.8282
TCGA-14-1825-01A-01D-0592-04	22	22725305	22725305	1	NA
TCGA-14-1825-01A-01D-0592-04	22	22731196	49565816	3250	-0.0328
TCGA-14-1825-01A-01D-0592-04	23	2710316	69378366	4948	-0.0108
TCGA-14-1825-01A-01D-0592-04	23	69383512	69386723	2	1.0104
TCGA-14-1825-01A-01D-0592-04	23	69390695	154037006	5942	-0.019
TCGA-14-1825-01A-01D-0592-04	23	154050185	154078819	3	0.9266
TCGA-14-1825-01A-01D-0592-04	23	154086636	154582414	43	0.0528
TCGA-14-1825-01A-01D-0592-04	24	2710450	57440809	1293	-0.0824
TCGA-14-1825-01A-01D-0592-04	3	39066	38000446	3036	0.7474
TCGA-14-1825-01A-01D-0592-04	3	38004095	38022037	6	0.1374
TCGA-14-1825-01A-01D-0592-04	3	38030306	75535753	3532	0.7594
TCGA-14-1825-01A-01D-0592-04	3	75546791	75546791	1	NA
TCGA-14-1825-01A-01D-0592-04	3	75554518	76019295	14	0.1662
TCGA-14-1825-01A-01D-0592-04	3	76042344	163977334	6366	0.7608
TCGA-14-1825-01A-01D-0592-04	3	163987457	164101776	9	1.4989
TCGA-14-1825-01A-01D-0592-04	3	164112873	199379566	2922	0.7586
TCGA-14-1825-01A-01D-0592-04	4	41413	53208288	3571	-0.0675
TCGA-14-1825-01A-01D-0592-04	4	53216279	57678413	388	0.465
TCGA-14-1825-01A-01D-0592-04	4	57686394	190749363	9364	-0.0684
TCGA-14-1825-01A-01D-0592-04	4	190780239	190907865	10	-0.4732
TCGA-14-1825-01A-01D-0592-04	4	190924564	191173837	20	-0.2103
TCGA-14-1825-01A-01D-0592-04	5	75149	180194323	13198	-0.0467
TCGA-14-1825-01A-01D-0592-04	5	180342860	180362342	4	-0.6773
TCGA-14-1825-01A-01D-0592-04	5	180365950	180644810	42	-0.0698
TCGA-14-1825-01A-01D-0592-04	6	97634	32567382	2964	-0.0522
TCGA-14-1825-01A-01D-0592-04	6	32586131	32629848	5	1.0301
TCGA-14-1825-01A-01D-0592-04	6	32634044	72977036	3108	-0.0511
TCGA-14-1825-01A-01D-0592-04	6	72982440	72982440	1	NA
TCGA-14-1825-01A-01D-0592-04	6	72996312	74140951	117	-0.8094
TCGA-14-1825-01A-01D-0592-04	6	74149584	78983276	313	-0.0726
TCGA-14-1825-01A-01D-0592-04	6	79035891	79079988	3	-0.9126
TCGA-14-1825-01A-01D-0592-04	6	79101978	98822856	1204	-0.0604
TCGA-14-1825-01A-01D-0592-04	6	98846307	99024710	8	0.4577
TCGA-14-1825-01A-01D-0592-04	6	99055246	99055246	1	NA
TCGA-14-1825-01A-01D-0592-04	6	99073630	165640218	5068	-0.0429
TCGA-14-1825-01A-01D-0592-04	6	165645537	165650610	2	1.0022
TCGA-14-1825-01A-01D-0592-04	6	165657596	170867396	471	-0.0507
TCGA-14-1825-01A-01D-0592-04	7	140213	50114407	4339	0.2697
TCGA-14-1825-01A-01D-0592-04	7	50120456	50705851	53	0.6425
TCGA-14-1825-01A-01D-0592-04	7	50717638	52685550	100	0.2597
TCGA-14-1825-01A-01D-0592-04	7	52705763	54140676	60	0.6155
TCGA-14-1825-01A-01D-0592-04	7	54192191	54192191	1	NA
TCGA-14-1825-01A-01D-0592-04	7	54217905	115230262	4648	0.2526
TCGA-14-1825-01A-01D-0592-04	7	115266522	115662908	29	0.6464
TCGA-14-1825-01A-01D-0592-04	7	115676433	141687978	2360	0.277
TCGA-14-1825-01A-01D-0592-04	7	141705163	141711513	2	1.637
TCGA-14-1825-01A-01D-0592-04	7	141720324	142152205	50	0.3787
TCGA-14-1825-01A-01D-0592-04	7	142159154	142171618	4	-1.2005
TCGA-14-1825-01A-01D-0592-04	7	142178220	145499593	275	0.2195
TCGA-14-1825-01A-01D-0592-04	7	145509605	158811268	1320	-0.2932
TCGA-14-1825-01A-01D-0592-04	8	63810	31118674	2547	0.3913
TCGA-14-1825-01A-01D-0592-04	8	31124490	31144235	4	1.0227
TCGA-14-1825-01A-01D-0592-04	8	31150601	31150601	1	NA
TCGA-14-1825-01A-01D-0592-04	8	31159551	39333915	616	0.3816
TCGA-14-1825-01A-01D-0592-04	8	39341524	39505256	21	0.7569
TCGA-14-1825-01A-01D-0592-04	8	39511632	146264846	7771	0.3987
TCGA-14-1825-01A-01D-0592-04	9	153131	21324395	1737	-0.0341
TCGA-14-1825-01A-01D-0592-04	9	21331663	21331663	1	NA
TCGA-14-1825-01A-01D-0592-04	9	21337678	21698371	43	-0.7774
TCGA-14-1825-01A-01D-0592-04	9	21733410	22768706	71	-2.7016
TCGA-14-1825-01A-01D-0592-04	9	22787299	22963881	9	-0.8941
TCGA-14-1825-01A-01D-0592-04	9	22992318	71281397	1382	-0.0328
TCGA-14-1825-01A-01D-0592-04	9	71288892	71304203	3	0.795
TCGA-14-1825-01A-01D-0592-04	9	71316891	140241876	6157	-0.0353
