barcode	chromosome	start	stop	num.mark	seg.mean
TCGA-02-0330-01A-01D-0276-04	1	554268	16719747	1588	0.029
TCGA-02-0330-01A-01D-0276-04	1	16799334	16900526	8	0.5825
TCGA-02-0330-01A-01D-0276-04	1	16911911	16964267	5	-0.2572
TCGA-02-0330-01A-01D-0276-04	1	17082119	17130528	8	0.7925
TCGA-02-0330-01A-01D-0276-04	1	17148592	110023268	7783	0.0687
TCGA-02-0330-01A-01D-0276-04	1	110033832	110041428	2	0.8094
TCGA-02-0330-01A-01D-0276-04	1	110057882	150819451	1497	0.0784
TCGA-02-0330-01A-01D-0276-04	1	150823073	150848509	5	0.6815
TCGA-02-0330-01A-01D-0276-04	1	150852858	194978218	3872	0.0975
TCGA-02-0330-01A-01D-0276-04	1	195005520	195062024	7	-1.1359
TCGA-02-0330-01A-01D-0276-04	1	195067764	195158232	10	0.7015
TCGA-02-0330-01A-01D-0276-04	1	195165228	200757267	489	0.0982
TCGA-02-0330-01A-01D-0276-04	1	200786282	200898740	13	0.6852
TCGA-02-0330-01A-01D-0276-04	1	200909540	202801982	219	1.0361
TCGA-02-0330-01A-01D-0276-04	1	202814268	202814268	1	NA
TCGA-02-0330-01A-01D-0276-04	1	202819785	205384851	286	0.106
TCGA-02-0330-01A-01D-0276-04	1	205397289	205406885	2	-0.8772
TCGA-02-0330-01A-01D-0276-04	1	205418661	208250023	197	0.1059
TCGA-02-0330-01A-01D-0276-04	1	208261003	208631183	38	0.3129
TCGA-02-0330-01A-01D-0276-04	1	208638728	244560369	2891	0.1027
TCGA-02-0330-01A-01D-0276-04	1	244568256	244779697	19	-0.2127
TCGA-02-0330-01A-01D-0276-04	1	244787282	246522148	230	0.1157
TCGA-02-0330-01A-01D-0276-04	1	246530195	246794522	31	0.3924
TCGA-02-0330-01A-01D-0276-04	1	246795223	246862029	10	-0.813
TCGA-02-0330-01A-01D-0276-04	1	246874992	247190718	34	0.1433
TCGA-02-0330-01A-01D-0276-04	10	115544	16720787	1440	-0.4846
TCGA-02-0330-01A-01D-0276-04	10	16738168	16747692	2	-1.2792
TCGA-02-0330-01A-01D-0276-04	10	16758088	38555662	1721	-0.4586
TCGA-02-0330-01A-01D-0276-04	10	38563575	42150759	17	-0.1843
TCGA-02-0330-01A-01D-0276-04	10	42175348	45468415	249	-0.4584
TCGA-02-0330-01A-01D-0276-04	10	45478103	46568496	31	-0.252
TCGA-02-0330-01A-01D-0276-04	10	47010385	127563278	6862	-0.4793
TCGA-02-0330-01A-01D-0276-04	10	127578239	127612803	6	0.0139
TCGA-02-0330-01A-01D-0276-04	10	127620976	135356671	707	-0.495
TCGA-02-0330-01A-01D-0276-04	11	182372	5738494	691	-0.0114
TCGA-02-0330-01A-01D-0276-04	11	5742476	5762182	4	-0.7722
TCGA-02-0330-01A-01D-0276-04	11	5766615	7762277	255	0.0125
TCGA-02-0330-01A-01D-0276-04	11	7774067	7783344	3	-0.9454
TCGA-02-0330-01A-01D-0276-04	11	7797993	55118214	3262	0.0172
TCGA-02-0330-01A-01D-0276-04	11	55124730	55207305	13	-0.5373
TCGA-02-0330-01A-01D-0276-04	11	55225136	55225136	1	NA
TCGA-02-0330-01A-01D-0276-04	11	55230765	70505018	1885	-0.0281
TCGA-02-0330-01A-01D-0276-04	11	70513116	70552702	6	-0.4663
TCGA-02-0330-01A-01D-0276-04	11	70559370	134432265	5315	-1e-04
TCGA-02-0330-01A-01D-0276-04	12	33854	9452803	1015	-0.0124
TCGA-02-0330-01A-01D-0276-04	12	9528590	9613074	4	0.7699
TCGA-02-0330-01A-01D-0276-04	12	9626736	67306482	4911	0.0213
TCGA-02-0330-01A-01D-0276-04	12	67315874	67332062	3	0.5408
TCGA-02-0330-01A-01D-0276-04	12	67337260	67595330	33	1.5829
TCGA-02-0330-01A-01D-0276-04	12	67605070	67943751	24	0.7285
TCGA-02-0330-01A-01D-0276-04	12	67950428	132289090	5177	0.0158
TCGA-02-0330-01A-01D-0276-04	13	18065953	75002224	4607	-0.451
TCGA-02-0330-01A-01D-0276-04	13	75006025	75016304	3	0.5114
TCGA-02-0330-01A-01D-0276-04	13	75020426	91839689	966	-0.4302
TCGA-02-0330-01A-01D-0276-04	13	91844390	114123862	2076	0.0191
TCGA-02-0330-01A-01D-0276-04	14	18149473	19293976	14	-0.4609
TCGA-02-0330-01A-01D-0276-04	14	19297726	19490630	26	-1.1839
TCGA-02-0330-01A-01D-0276-04	14	19497023	21523818	324	-0.4715
TCGA-02-0330-01A-01D-0276-04	14	21529816	22131396	75	-0.2641
TCGA-02-0330-01A-01D-0276-04	14	22136611	105833372	7701	-0.4669
TCGA-02-0330-01A-01D-0276-04	14	105839439	105898674	7	-1.0489
TCGA-02-0330-01A-01D-0276-04	14	105907191	106349756	49	-0.4733
TCGA-02-0330-01A-01D-0276-04	15	18362555	19860116	56	0.382
TCGA-02-0330-01A-01D-0276-04	15	19865444	19886840	6	-0.2179
TCGA-02-0330-01A-01D-0276-04	15	19910867	20079935	14	0.3469
TCGA-02-0330-01A-01D-0276-04	15	20220416	22163893	112	-5e-04
TCGA-02-0330-01A-01D-0276-04	15	22232458	22250971	2	-0.7216
TCGA-02-0330-01A-01D-0276-04	15	22272781	100282819	7818	-0.0283
TCGA-02-0330-01A-01D-0276-04	16	28087	14876356	1504	-0.0345
TCGA-02-0330-01A-01D-0276-04	16	14956177	14997360	6	-0.789
TCGA-02-0330-01A-01D-0276-04	16	15023021	32004586	1469	-0.021
TCGA-02-0330-01A-01D-0276-04	16	32105104	33539023	33	0.3124
TCGA-02-0330-01A-01D-0276-04	16	33758082	34297461	19	-0.0379
TCGA-02-0330-01A-01D-0276-04	16	34339543	34685270	13	0.5243
TCGA-02-0330-01A-01D-0276-04	16	34721950	70647078	2090	-0.0269
TCGA-02-0330-01A-01D-0276-04	16	70653499	70665355	3	1.336
TCGA-02-0330-01A-01D-0276-04	16	70669168	88690571	1657	-0.0298
TCGA-02-0330-01A-01D-0276-04	17	29169	19433346	1946	-0.0502
TCGA-02-0330-01A-01D-0276-04	17	19445241	19445241	1	NA
TCGA-02-0330-01A-01D-0276-04	17	19460284	19476901	2	-2.5469
TCGA-02-0330-01A-01D-0276-04	17	19486672	40926154	2251	-0.0437
TCGA-02-0330-01A-01D-0276-04	17	41011530	41031191	2	-0.8273
TCGA-02-0330-01A-01D-0276-04	17	41041674	41515622	47	-0.0704
TCGA-02-0330-01A-01D-0276-04	17	41521544	41706870	16	-0.5411
TCGA-02-0330-01A-01D-0276-04	17	41841187	74554948	2935	-0.0371
TCGA-02-0330-01A-01D-0276-04	17	74561409	74566999	2	-0.8725
TCGA-02-0330-01A-01D-0276-04	17	74577737	77503378	304	-0.0612
TCGA-02-0330-01A-01D-0276-04	17	77503673	77503685	2	0.7978
TCGA-02-0330-01A-01D-0276-04	17	77519913	78653545	149	-0.0375
TCGA-02-0330-01A-01D-0276-04	18	4316	76110964	5774	0.0131
TCGA-02-0330-01A-01D-0276-04	19	64418	59414645	5434	-0.0678
TCGA-02-0330-01A-01D-0276-04	19	59427018	59434159	2	-1.3109
TCGA-02-0330-01A-01D-0276-04	19	59440274	63784327	541	-0.0909
TCGA-02-0330-01A-01D-0276-04	2	20341	27599983	2061	-0.0099
TCGA-02-0330-01A-01D-0276-04	2	27617960	27627741	2	-0.8558
TCGA-02-0330-01A-01D-0276-04	2	27635568	87178812	4801	-0.0089
TCGA-02-0330-01A-01D-0276-04	2	87229588	87781651	10	-0.5036
TCGA-02-0330-01A-01D-0276-04	2	87786474	242717016	11660	0.0027
TCGA-02-0330-01A-01D-0276-04	20	8747	1506379	191	-0.0577
TCGA-02-0330-01A-01D-0276-04	20	1516966	1528899	2	-1.9961
TCGA-02-0330-01A-01D-0276-04	20	1539155	62379059	5138	-0.03
TCGA-02-0330-01A-01D-0276-04	21	9896630	23298230	727	0.0122
TCGA-02-0330-01A-01D-0276-04	21	23320327	23359204	3	-0.9614
TCGA-02-0330-01A-01D-0276-04	21	23378746	46914686	2632	-0.0305
TCGA-02-0330-01A-01D-0276-04	22	14504218	37683516	2614	-0.066
TCGA-02-0330-01A-01D-0276-04	22	37689058	37715385	6	-0.954
TCGA-02-0330-01A-01D-0276-04	22	37718669	41219395	468	-0.0773
TCGA-02-0330-01A-01D-0276-04	22	41226636	41303616	13	0.2087
TCGA-02-0330-01A-01D-0276-04	22	41312620	49565816	978	-0.0837
TCGA-02-0330-01A-01D-0276-04	23	2710316	38259086	2897	0.9632
TCGA-02-0330-01A-01D-0276-04	23	38283722	38293309	2	0.0942
TCGA-02-0330-01A-01D-0276-04	23	38304133	52916249	1131	0.9184
TCGA-02-0330-01A-01D-0276-04	23	52921839	52966148	3	0.0196
TCGA-02-0330-01A-01D-0276-04	23	52971245	91540190	2172	0.9368
TCGA-02-0330-01A-01D-0276-04	23	91570242	92184315	18	0.4008
TCGA-02-0330-01A-01D-0276-04	23	92263775	153127027	4547	0.9562
TCGA-02-0330-01A-01D-0276-04	23	153158679	153158822	2	2.373
TCGA-02-0330-01A-01D-0276-04	23	153176364	154037006	120	0.8481
TCGA-02-0330-01A-01D-0276-04	23	154050185	154078819	3	1.7413
TCGA-02-0330-01A-01D-0276-04	23	154086636	154582414	43	0.9515
TCGA-02-0330-01A-01D-0276-04	24	2710450	3219184	57	-4.4027
TCGA-02-0330-01A-01D-0276-04	24	3223585	6577257	95	-0.8675
TCGA-02-0330-01A-01D-0276-04	24	6652868	10511255	350	-3.9886
TCGA-02-0330-01A-01D-0276-04	24	10537808	12486140	16	-0.6402
TCGA-02-0330-01A-01D-0276-04	24	12502304	12786515	22	-3.0243
TCGA-02-0330-01A-01D-0276-04	24	12796639	14500820	184	-4.482
TCGA-02-0330-01A-01D-0276-04	24	14508021	14547895	5	-1.1828
TCGA-02-0330-01A-01D-0276-04	24	14555872	14598838	5	-4.4297
TCGA-02-0330-01A-01D-0276-04	24	14601165	14684159	6	-1.2113
TCGA-02-0330-01A-01D-0276-04	24	14687714	15358372	75	-4.2428
TCGA-02-0330-01A-01D-0276-04	24	15362520	15370027	3	-0.4355
TCGA-02-0330-01A-01D-0276-04	24	15376350	15564959	25	-4.7522
TCGA-02-0330-01A-01D-0276-04	24	15587741	15682936	6	-1.3518
TCGA-02-0330-01A-01D-0276-04	24	15707307	22930737	413	-4.3882
TCGA-02-0330-01A-01D-0276-04	24	23283689	57440809	31	-0.8499
TCGA-02-0330-01A-01D-0276-04	3	39066	75554518	6576	-0.4675
TCGA-02-0330-01A-01D-0276-04	3	75653844	75957900	11	0.0409
TCGA-02-0330-01A-01D-0276-04	3	75971233	126884362	3385	-0.4514
TCGA-02-0330-01A-01D-0276-04	3	127015325	127130398	5	0.1327
TCGA-02-0330-01A-01D-0276-04	3	127138038	163987457	2979	-0.4619
TCGA-02-0330-01A-01D-0276-04	3	163997228	164101776	8	0.5834
TCGA-02-0330-01A-01D-0276-04	3	164112873	169864630	308	-0.4402
TCGA-02-0330-01A-01D-0276-04	3	169880648	170608076	61	-0.044
TCGA-02-0330-01A-01D-0276-04	3	170622196	170874415	29	-0.4641
TCGA-02-0330-01A-01D-0276-04	3	170886995	171147752	31	-0.0797
TCGA-02-0330-01A-01D-0276-04	3	171156796	171156796	1	NA
TCGA-02-0330-01A-01D-0276-04	3	171168211	177983322	595	-0.4577
TCGA-02-0330-01A-01D-0276-04	3	178008218	196150675	1509	0.0021
TCGA-02-0330-01A-01D-0276-04	3	196165408	196830270	114	-0.4862
TCGA-02-0330-01A-01D-0276-04	3	196904349	196933317	6	-1.5194
TCGA-02-0330-01A-01D-0276-04	3	196942158	199379566	268	-0.5053
TCGA-02-0330-01A-01D-0276-04	4	41413	68905670	4501	0.0078
TCGA-02-0330-01A-01D-0276-04	4	69057735	69165814	11	1.0133
TCGA-02-0330-01A-01D-0276-04	4	69643272	70159690	49	-0.0218
TCGA-02-0330-01A-01D-0276-04	4	70184190	70201666	3	-0.9234
TCGA-02-0330-01A-01D-0276-04	4	70207135	70237778	4	-2.9006
TCGA-02-0330-01A-01D-0276-04	4	70255674	70327740	5	-0.5018
TCGA-02-0330-01A-01D-0276-04	4	70338878	191173837	8780	0.0355
TCGA-02-0330-01A-01D-0276-04	5	75149	745859	75	-0.0318
TCGA-02-0330-01A-01D-0276-04	5	763494	878290	12	0.5744
TCGA-02-0330-01A-01D-0276-04	5	894957	117247576	7811	0.0284
TCGA-02-0330-01A-01D-0276-04	5	117272683	117494204	12	-0.2149
TCGA-02-0330-01A-01D-0276-04	5	117533932	150166447	2888	0.016
TCGA-02-0330-01A-01D-0276-04	5	150185190	150201145	2	-3.8332
TCGA-02-0330-01A-01D-0276-04	5	150209789	180644810	2444	0.0156
TCGA-02-0330-01A-01D-0276-04	6	97634	174815	7	-0.031
TCGA-02-0330-01A-01D-0276-04	6	204528	238441	4	0.4906
TCGA-02-0330-01A-01D-0276-04	6	252939	29950805	2560	0.0078
TCGA-02-0330-01A-01D-0276-04	6	29962849	30031367	9	0.4092
TCGA-02-0330-01A-01D-0276-04	6	30040917	32567382	384	-0.0462
TCGA-02-0330-01A-01D-0276-04	6	32586131	32629848	5	-2.6164
TCGA-02-0330-01A-01D-0276-04	6	32634044	32660090	3	-0.5767
TCGA-02-0330-01A-01D-0276-04	6	32672983	64705894	2591	-0.0076
TCGA-02-0330-01A-01D-0276-04	6	64750730	64750730	1	NA
TCGA-02-0330-01A-01D-0276-04	6	64787807	170762955	7699	-0.4381
TCGA-02-0330-01A-01D-0276-04	6	170780949	170867396	2	0.0014
TCGA-02-0330-01A-01D-0276-04	7	140213	38259147	3337	0.3646
TCGA-02-0330-01A-01D-0276-04	7	38262701	38290450	7	0.785
TCGA-02-0330-01A-01D-0276-04	7	38296218	110818210	5542	0.3651
TCGA-02-0330-01A-01D-0276-04	7	110831271	110831271	1	NA
TCGA-02-0330-01A-01D-0276-04	7	110836656	110869762	4	-0.9334
TCGA-02-0330-01A-01D-0276-04	7	110879667	141687978	2699	0.3773
TCGA-02-0330-01A-01D-0276-04	7	141705163	141711513	2	1.6762
TCGA-02-0330-01A-01D-0276-04	7	141720324	151994935	1035	0.3647
TCGA-02-0330-01A-01D-0276-04	7	152002230	152162096	13	0.553
TCGA-02-0330-01A-01D-0276-04	7	152174012	158811268	601	0.3726
TCGA-02-0330-01A-01D-0276-04	8	63810	7040596	627	0.0121
TCGA-02-0330-01A-01D-0276-04	8	7256229	8140070	10	0.434
TCGA-02-0330-01A-01D-0276-04	8	8148437	39333915	2531	0.0121
TCGA-02-0330-01A-01D-0276-04	8	39341524	39505256	21	0.7401
TCGA-02-0330-01A-01D-0276-04	8	39511632	146264846	7771	0.0279
TCGA-02-0330-01A-01D-0276-04	9	153131	499521	38	-0.4586
TCGA-02-0330-01A-01D-0276-04	9	507485	512936	2	-1.9542
TCGA-02-0330-01A-01D-0276-04	9	522700	118558274	7022	-0.4632
TCGA-02-0330-01A-01D-0276-04	9	118567145	118572937	2	0.3272
TCGA-02-0330-01A-01D-0276-04	9	118580317	140193674	2338	-0.4965
TCGA-02-0330-01A-01D-0276-04	9	140241876	140241876	1	NA
