barcode	chromosome	start	stop	num.mark	seg.mean
TCGA-08-0349-11A-02D-0311-04	1	554268	72523186	6796	0.0118
TCGA-08-0349-11A-02D-0311-04	1	72533856	72533856	1	NA
TCGA-08-0349-11A-02D-0311-04	1	72550248	72568009	2	-3.8345
TCGA-08-0349-11A-02D-0311-04	1	72602597	121052394	3525	-0.0095
TCGA-08-0349-11A-02D-0311-04	1	142721264	143820820	26	-0.4181
TCGA-08-0349-11A-02D-0311-04	1	143832902	150819451	541	-0.0207
TCGA-08-0349-11A-02D-0311-04	1	150823073	150852858	6	1.8577
TCGA-08-0349-11A-02D-0311-04	1	150857070	150857070	1	NA
TCGA-08-0349-11A-02D-0311-04	1	150861724	247190718	8347	-0.0185
TCGA-08-0349-11A-02D-0311-04	10	115544	45520815	3433	-0.0214
TCGA-08-0349-11A-02D-0311-04	10	45534651	46568496	27	-0.4067
TCGA-08-0349-11A-02D-0311-04	10	47010385	135356671	7575	-0.0063
TCGA-08-0349-11A-02D-0311-04	11	182372	134432265	11435	0.0012
TCGA-08-0349-11A-02D-0311-04	12	33854	9452803	1015	-0.0058
TCGA-08-0349-11A-02D-0311-04	12	9528590	9554149	2	1.6883
TCGA-08-0349-11A-02D-0311-04	12	9585156	132289090	10150	-0.0074
TCGA-08-0349-11A-02D-0311-04	13	18065953	114123862	7652	-0.018
TCGA-08-0349-11A-02D-0311-04	14	18149473	19216369	10	-0.0807
TCGA-08-0349-11A-02D-0311-04	14	19268776	19490630	30	-0.5553
TCGA-08-0349-11A-02D-0311-04	14	19497023	21518235	323	-0.0155
TCGA-08-0349-11A-02D-0311-04	14	21523818	22012263	61	0.4153
TCGA-08-0349-11A-02D-0311-04	14	22022060	73047267	4564	-0.0118
TCGA-08-0349-11A-02D-0311-04	14	73051686	73082250	5	-0.8974
TCGA-08-0349-11A-02D-0311-04	14	73092018	73104572	2	NA
TCGA-08-0349-11A-02D-0311-04	14	73106558	105594189	3120	-9e-04
TCGA-08-0349-11A-02D-0311-04	14	105602756	105630089	4	-1.6361
TCGA-08-0349-11A-02D-0311-04	14	105643293	106349756	77	0.0343
TCGA-08-0349-11A-02D-0311-04	15	18362555	18683110	8	-0.0502
TCGA-08-0349-11A-02D-0311-04	15	18722595	19976279	62	-0.5568
TCGA-08-0349-11A-02D-0311-04	15	19982333	28606757	603	-0.0048
TCGA-08-0349-11A-02D-0311-04	15	28719136	28731195	2	-1.3613
TCGA-08-0349-11A-02D-0311-04	15	28742018	100282819	7333	-0.0084
TCGA-08-0349-11A-02D-0311-04	16	28087	69397102	4989	-4e-04
TCGA-08-0349-11A-02D-0311-04	16	69409493	69753919	38	-0.5474
TCGA-08-0349-11A-02D-0311-04	16	69763173	88690571	1767	-0.0082
TCGA-08-0349-11A-02D-0311-04	17	29169	746560	82	0.0157
TCGA-08-0349-11A-02D-0311-04	17	756888	933334	26	0.5137
TCGA-08-0349-11A-02D-0311-04	17	947769	78653545	7549	0.0011
TCGA-08-0349-11A-02D-0311-04	18	4316	76110964	5774	-0.0115
TCGA-08-0349-11A-02D-0311-04	19	64418	63784327	5977	0.0106
TCGA-08-0349-11A-02D-0311-04	2	20341	34539740	2705	-0.0054
TCGA-08-0349-11A-02D-0311-04	2	34556434	34580533	2	1.824
TCGA-08-0349-11A-02D-0311-04	2	34608979	89101034	4264	-0.0101
TCGA-08-0349-11A-02D-0311-04	2	89104501	91625698	42	-0.3217
TCGA-08-0349-11A-02D-0311-04	2	94707984	242717016	11521	-0.007
TCGA-08-0349-11A-02D-0311-04	20	8747	62379059	5331	0.0034
TCGA-08-0349-11A-02D-0311-04	21	9896630	14334542	50	-0.3975
TCGA-08-0349-11A-02D-0311-04	21	14346873	46914686	3312	7e-04
TCGA-08-0349-11A-02D-0311-04	22	14504218	15275597	6	-0.4274
TCGA-08-0349-11A-02D-0311-04	22	15409055	22658543	812	0.0463
TCGA-08-0349-11A-02D-0311-04	22	22671374	22671374	1	NA
TCGA-08-0349-11A-02D-0311-04	22	22677959	22696162	4	-0.905
TCGA-08-0349-11A-02D-0311-04	22	22701205	22720195	5	-2.4558
TCGA-08-0349-11A-02D-0311-04	22	22725305	49565816	3251	0.0187
TCGA-08-0349-11A-02D-0311-04	23	2710316	154582414	10938	0.3727
TCGA-08-0349-11A-02D-0311-04	24	2710450	23283689	1263	0.3052
TCGA-08-0349-11A-02D-0311-04	24	24685322	57440809	30	-0.1505
TCGA-08-0349-11A-02D-0311-04	3	39066	163987457	12956	-0.0089
TCGA-08-0349-11A-02D-0311-04	3	163997228	164101776	8	-3.6032
TCGA-08-0349-11A-02D-0311-04	3	164112873	196830270	2648	-0.0106
TCGA-08-0349-11A-02D-0311-04	3	196904349	196943380	8	-1.2292
TCGA-08-0349-11A-02D-0311-04	3	196945209	199379566	266	-0.02
TCGA-08-0349-11A-02D-0311-04	4	41413	69057735	4502	-0.0173
TCGA-08-0349-11A-02D-0311-04	4	69069563	69097336	4	0.9812
TCGA-08-0349-11A-02D-0311-04	4	69114068	132909295	4803	-0.02
TCGA-08-0349-11A-02D-0311-04	4	132924766	133000912	3	-1.6528
TCGA-08-0349-11A-02D-0311-04	4	133018822	190749363	4011	-0.0148
TCGA-08-0349-11A-02D-0311-04	4	190780239	190899523	9	-1.0048
TCGA-08-0349-11A-02D-0311-04	4	190907865	191173837	21	-0.1491
TCGA-08-0349-11A-02D-0311-04	5	75149	180644810	13244	-0.0113
TCGA-08-0349-11A-02D-0311-04	6	97634	211079	9	-0.0684
TCGA-08-0349-11A-02D-0311-04	6	228968	341386	12	-0.6288
TCGA-08-0349-11A-02D-0311-04	6	347016	32586131	2944	-0.0038
TCGA-08-0349-11A-02D-0311-04	6	32595402	32600962	2	-2.237
TCGA-08-0349-11A-02D-0311-04	6	32605300	57297153	2376	-0.0045
TCGA-08-0349-11A-02D-0311-04	6	57298746	57307563	2	NA
TCGA-08-0349-11A-02D-0311-04	6	57313842	57648021	35	-0.6206
TCGA-08-0349-11A-02D-0311-04	6	57683389	57683389	1	NA
TCGA-08-0349-11A-02D-0311-04	6	57704050	165640218	7411	-0.018
TCGA-08-0349-11A-02D-0311-04	6	165645537	165650610	2	1.3273
TCGA-08-0349-11A-02D-0311-04	6	165657596	165657596	1	NA
TCGA-08-0349-11A-02D-0311-04	6	165664947	170867396	470	-0.0012
TCGA-08-0349-11A-02D-0311-04	7	140213	38259147	3337	-0.0055
TCGA-08-0349-11A-02D-0311-04	7	38262701	38397824	20	0.504
TCGA-08-0349-11A-02D-0311-04	7	38405899	133414697	7409	-0.0152
TCGA-08-0349-11A-02D-0311-04	7	133439454	133447868	2	-4.5057
TCGA-08-0349-11A-02D-0311-04	7	133459759	141687978	822	-0.008
TCGA-08-0349-11A-02D-0311-04	7	141705163	141711513	2	-2.8011
TCGA-08-0349-11A-02D-0311-04	7	141720324	142152205	50	0.1271
TCGA-08-0349-11A-02D-0311-04	7	142159154	142171618	4	-1.4659
TCGA-08-0349-11A-02D-0311-04	7	142178220	158811268	1595	-0.0106
TCGA-08-0349-11A-02D-0311-04	8	63810	39363050	3171	-0.001
TCGA-08-0349-11A-02D-0311-04	8	39368509	39505256	18	0.8408
TCGA-08-0349-11A-02D-0311-04	8	39511632	146264846	7771	-0.0024
TCGA-08-0349-11A-02D-0311-04	9	153131	140241876	9403	-0.0048
