barcode	chromosome	start	stop	num.mark	seg.mean
TCGA-06-0158-10A-01D-0239-04	1	554268	12793618	1276	0.0084
TCGA-06-0158-10A-01D-0239-04	1	12822189	12841351	4	-0.6705
TCGA-06-0158-10A-01D-0239-04	1	13065132	103899771	7733	0.0061
TCGA-06-0158-10A-01D-0239-04	1	103909053	103956767	5	0.6257
TCGA-06-0158-10A-01D-0239-04	1	103965227	150819451	1873	-0.0034
TCGA-06-0158-10A-01D-0239-04	1	150823073	150852858	6	0.7374
TCGA-06-0158-10A-01D-0239-04	1	150857070	151026228	30	0.004
TCGA-06-0158-10A-01D-0239-04	1	151027357	151036435	3	0.8338
TCGA-06-0158-10A-01D-0239-04	1	151040463	167483267	1780	-0.0028
TCGA-06-0158-10A-01D-0239-04	1	167493768	167507882	2	-4.1199
TCGA-06-0158-10A-01D-0239-04	1	167523140	246433956	6446	-0.0057
TCGA-06-0158-10A-01D-0239-04	1	246442698	246795223	44	0.1992
TCGA-06-0158-10A-01D-0239-04	1	246805521	246862029	9	-0.8935
TCGA-06-0158-10A-01D-0239-04	1	246874992	247190718	34	0.0055
TCGA-06-0158-10A-01D-0239-04	10	115544	45554717	3435	0.0014
TCGA-06-0158-10A-01D-0239-04	10	46371243	47735472	39	-0.3185
TCGA-06-0158-10A-01D-0239-04	10	47954413	48272394	28	-0.0306
TCGA-06-0158-10A-01D-0239-04	10	48866929	48932353	3	-0.5562
TCGA-06-0158-10A-01D-0239-04	10	49060081	135324730	7529	-0.0064
TCGA-06-0158-10A-01D-0239-04	10	135356671	135356671	1	NA
TCGA-06-0158-10A-01D-0239-04	11	182372	4195010	473	-0.0026
TCGA-06-0158-10A-01D-0239-04	11	4219393	4323836	3	-1.1038
TCGA-06-0158-10A-01D-0239-04	11	4343816	5738494	215	-0.0026
TCGA-06-0158-10A-01D-0239-04	11	5742476	5762182	4	-0.8754
TCGA-06-0158-10A-01D-0239-04	11	5766615	55097753	3518	-1e-04
TCGA-06-0158-10A-01D-0239-04	11	55112329	55207305	15	0.2639
TCGA-06-0158-10A-01D-0239-04	11	55225136	134432265	7207	-0.0039
TCGA-06-0158-10A-01D-0239-04	12	33854	7828567	853	-0.0018
TCGA-06-0158-10A-01D-0239-04	12	7832607	7983887	19	0.2431
TCGA-06-0158-10A-01D-0239-04	12	7989709	132289090	10295	0.003
TCGA-06-0158-10A-01D-0239-04	13	18065953	114123862	7652	-0.0035
TCGA-06-0158-10A-01D-0239-04	14	18149473	19293976	14	-0.0624
TCGA-06-0158-10A-01D-0239-04	14	19297726	19490630	26	-0.2681
TCGA-06-0158-10A-01D-0239-04	14	19497023	40670538	1984	0.0058
TCGA-06-0158-10A-01D-0239-04	14	40704122	40726930	2	0.5814
TCGA-06-0158-10A-01D-0239-04	14	40746865	69078818	2524	0.006
TCGA-06-0158-10A-01D-0239-04	14	69088190	69092211	2	0.7036
TCGA-06-0158-10A-01D-0239-04	14	69098569	105845658	3590	-0.0023
TCGA-06-0158-10A-01D-0239-04	14	105857193	105863067	2	-1.0523
TCGA-06-0158-10A-01D-0239-04	14	105873009	106216726	35	-0.0191
TCGA-06-0158-10A-01D-0239-04	14	106223137	106251081	4	0.3481
TCGA-06-0158-10A-01D-0239-04	14	106260876	106349756	13	0.0133
TCGA-06-0158-10A-01D-0239-04	15	18362555	18454050	6	-0.0148
TCGA-06-0158-10A-01D-0239-04	15	18657388	19882711	55	0.2188
TCGA-06-0158-10A-01D-0239-04	15	19886840	22163893	127	-0.0164
TCGA-06-0158-10A-01D-0239-04	15	22232458	22272781	3	-0.9396
TCGA-06-0158-10A-01D-0239-04	15	22289273	100282819	7817	0.0034
TCGA-06-0158-10A-01D-0239-04	16	28087	54343465	3746	0.0111
TCGA-06-0158-10A-01D-0239-04	16	54354643	54379834	5	-0.6366
TCGA-06-0158-10A-01D-0239-04	16	54390012	73800145	1634	0.0172
TCGA-06-0158-10A-01D-0239-04	16	73803521	73812685	3	-0.4958
TCGA-06-0158-10A-01D-0239-04	16	73815706	88690571	1406	0.0047
TCGA-06-0158-10A-01D-0239-04	17	29169	31456645	3130	0.0139
TCGA-06-0158-10A-01D-0239-04	17	31461588	31504564	5	0.5545
TCGA-06-0158-10A-01D-0239-04	17	31889297	77503378	4371	0.0093
TCGA-06-0158-10A-01D-0239-04	17	77503673	77503685	2	-1.0806
TCGA-06-0158-10A-01D-0239-04	17	77519913	78638467	148	0.011
TCGA-06-0158-10A-01D-0239-04	17	78653545	78653545	1	NA
TCGA-06-0158-10A-01D-0239-04	18	4316	76110964	5774	-0.0061
TCGA-06-0158-10A-01D-0239-04	19	64418	20383210	2387	0.0241
TCGA-06-0158-10A-01D-0239-04	19	20422576	20493401	5	-0.838
TCGA-06-0158-10A-01D-0239-04	19	20510787	63784327	3585	0.0121
TCGA-06-0158-10A-01D-0239-04	2	20341	48873299	3896	-0.0035
TCGA-06-0158-10A-01D-0239-04	2	48904719	48949549	2	-0.6076
TCGA-06-0158-10A-01D-0239-04	2	48970582	75282914	2176	-1e-04
TCGA-06-0158-10A-01D-0239-04	2	75293093	75333601	3	-0.9713
TCGA-06-0158-10A-01D-0239-04	2	75366492	227946001	11025	-0.0071
TCGA-06-0158-10A-01D-0239-04	2	227952131	227964962	3	0.6968
TCGA-06-0158-10A-01D-0239-04	2	227973265	242717016	1429	-7e-04
TCGA-06-0158-10A-01D-0239-04	20	8747	1506379	191	-0.0047
TCGA-06-0158-10A-01D-0239-04	20	1516966	1528899	2	-2.7295
TCGA-06-0158-10A-01D-0239-04	20	1539155	62379059	5138	-0.001
TCGA-06-0158-10A-01D-0239-04	21	9896630	46914686	3362	-0.0056
TCGA-06-0158-10A-01D-0239-04	22	14504218	49565816	4079	0.0043
TCGA-06-0158-10A-01D-0239-04	23	2710316	126432049	8709	-0.0086
TCGA-06-0158-10A-01D-0239-04	23	126461489	126476808	2	NA
TCGA-06-0158-10A-01D-0239-04	23	126497861	126535147	3	-5.2306
TCGA-06-0158-10A-01D-0239-04	23	126561589	154037006	2178	-0.0187
TCGA-06-0158-10A-01D-0239-04	23	154050185	154078819	3	0.8063
TCGA-06-0158-10A-01D-0239-04	23	154086636	154582414	43	-0.0505
TCGA-06-0158-10A-01D-0239-04	24	2710450	3769177	76	0.0022
TCGA-06-0158-10A-01D-0239-04	24	3773407	3894117	4	-0.458
TCGA-06-0158-10A-01D-0239-04	24	3944956	57440809	1213	0.0018
TCGA-06-0158-10A-01D-0239-04	3	39066	163987457	12956	-0.0026
TCGA-06-0158-10A-01D-0239-04	3	163997228	164101776	8	1.0757
TCGA-06-0158-10A-01D-0239-04	3	164112873	196830270	2648	8e-04
TCGA-06-0158-10A-01D-0239-04	3	196904349	196942158	7	-0.7565
TCGA-06-0158-10A-01D-0239-04	3	196943380	199379566	267	0.0166
TCGA-06-0158-10A-01D-0239-04	4	41413	68905670	4501	-0.0044
TCGA-06-0158-10A-01D-0239-04	4	69057735	69165814	11	0.8017
TCGA-06-0158-10A-01D-0239-04	4	69643272	70159690	49	-0.0556
TCGA-06-0158-10A-01D-0239-04	4	70184190	70237778	7	-0.6073
TCGA-06-0158-10A-01D-0239-04	4	70255674	191173837	8785	-0.0024
TCGA-06-0158-10A-01D-0239-04	5	75149	763494	76	-0.0233
TCGA-06-0158-10A-01D-0239-04	5	771310	826044	6	-0.6228
TCGA-06-0158-10A-01D-0239-04	5	837253	32133136	2006	-0.012
TCGA-06-0158-10A-01D-0239-04	5	32146491	32203336	9	0.6854
TCGA-06-0158-10A-01D-0239-04	5	32209048	69741318	2535	2e-04
TCGA-06-0158-10A-01D-0239-04	5	69767948	70422297	4	-0.9168
TCGA-06-0158-10A-01D-0239-04	5	70622715	140196482	5186	-1e-04
TCGA-06-0158-10A-01D-0239-04	5	140203440	140216524	4	-0.8608
TCGA-06-0158-10A-01D-0239-04	5	140221835	177316379	3033	-0.0075
TCGA-06-0158-10A-01D-0239-04	5	177324620	177331382	2	-0.9262
TCGA-06-0158-10A-01D-0239-04	5	177337357	180644810	383	0.0118
TCGA-06-0158-10A-01D-0239-04	6	97634	29950805	2571	-0.0043
TCGA-06-0158-10A-01D-0239-04	6	29962849	30010234	6	0.5041
TCGA-06-0158-10A-01D-0239-04	6	30021894	32558677	386	-0.0037
TCGA-06-0158-10A-01D-0239-04	6	32567382	32629848	6	-1.7624
TCGA-06-0158-10A-01D-0239-04	6	32634044	170867396	10296	-0.0038
TCGA-06-0158-10A-01D-0239-04	7	140213	141402937	11560	0.0024
TCGA-06-0158-10A-01D-0239-04	7	141408013	141408013	1	NA
TCGA-06-0158-10A-01D-0239-04	7	141413352	141438504	3	-0.8904
TCGA-06-0158-10A-01D-0239-04	7	141452085	141687978	26	-0.0366
TCGA-06-0158-10A-01D-0239-04	7	141705163	141711513	2	2.2556
TCGA-06-0158-10A-01D-0239-04	7	141720324	158811268	1649	-0.0102
TCGA-06-0158-10A-01D-0239-04	8	63810	39323411	3167	-0.003
TCGA-06-0158-10A-01D-0239-04	8	39333915	39511632	23	-0.2423
TCGA-06-0158-10A-01D-0239-04	8	39535655	146264846	7770	-0.0034
TCGA-06-0158-10A-01D-0239-04	9	153131	140241876	9403	0.0015
