barcode	chromosome	start	stop	num.mark	seg.mean
TCGA-06-0397-01A-01D-0276-04	1	554268	25457903	2433	-0.0214
TCGA-06-0397-01A-01D-0276-04	1	25482036	25536086	6	-0.8333
TCGA-06-0397-01A-01D-0276-04	1	25541997	101496887	6462	-0.0082
TCGA-06-0397-01A-01D-0276-04	1	101515081	101515081	1	NA
TCGA-06-0397-01A-01D-0276-04	1	101555909	104122714	121	-0.6686
TCGA-06-0397-01A-01D-0276-04	1	104154897	150819451	1868	-0.0091
TCGA-06-0397-01A-01D-0276-04	1	150823073	150848509	5	0.8346
TCGA-06-0397-01A-01D-0276-04	1	150852858	200613454	4365	-0.005
TCGA-06-0397-01A-01D-0276-04	1	200622656	200654714	5	-0.5801
TCGA-06-0397-01A-01D-0276-04	1	200670407	246406563	3889	-0.0187
TCGA-06-0397-01A-01D-0276-04	1	246417356	246812523	49	0.2032
TCGA-06-0397-01A-01D-0276-04	1	246822838	247190718	41	0.0205
TCGA-06-0397-01A-01D-0276-04	10	115544	24564345	2047	-0.0158
TCGA-06-0397-01A-01D-0276-04	10	24574144	25387465	84	-0.6844
TCGA-06-0397-01A-01D-0276-04	10	25399466	56112067	1963	-0.0202
TCGA-06-0397-01A-01D-0276-04	10	56122417	56135384	3	0.5594
TCGA-06-0397-01A-01D-0276-04	10	56142414	127531848	6221	-0.0114
TCGA-06-0397-01A-01D-0276-04	10	127537028	127603523	9	-0.3029
TCGA-06-0397-01A-01D-0276-04	10	127612803	135356671	708	-0.054
TCGA-06-0397-01A-01D-0276-04	11	182372	5738494	691	-0.0209
TCGA-06-0397-01A-01D-0276-04	11	5742476	5762182	4	-5.2214
TCGA-06-0397-01A-01D-0276-04	11	5766615	70505018	5419	-0.0063
TCGA-06-0397-01A-01D-0276-04	11	70513116	70559370	7	-0.4878
TCGA-06-0397-01A-01D-0276-04	11	70562838	134432265	5314	-0.0114
TCGA-06-0397-01A-01D-0276-04	12	33854	132289090	11167	-0.0071
TCGA-06-0397-01A-01D-0276-04	13	18065953	42914774	2410	-0.0221
TCGA-06-0397-01A-01D-0276-04	13	42930254	43079522	21	0.488
TCGA-06-0397-01A-01D-0276-04	13	43087409	43087409	1	NA
TCGA-06-0397-01A-01D-0276-04	13	43103865	56650373	1119	-0.0042
TCGA-06-0397-01A-01D-0276-04	13	56658479	56673183	3	-0.5726
TCGA-06-0397-01A-01D-0276-04	13	56691355	92898868	2129	-0.0017
TCGA-06-0397-01A-01D-0276-04	13	92906395	93439683	70	-0.712
TCGA-06-0397-01A-01D-0276-04	13	93447210	114123862	1899	-0.0162
TCGA-06-0397-01A-01D-0276-04	14	18149473	18624383	5	-0.5579
TCGA-06-0397-01A-01D-0276-04	14	18642252	19535787	39	-0.1666
TCGA-06-0397-01A-01D-0276-04	14	19540294	21523818	320	-0.6812
TCGA-06-0397-01A-01D-0276-04	14	21529816	22034704	62	-0.4146
TCGA-06-0397-01A-01D-0276-04	14	22046097	23489052	194	-0.6575
TCGA-06-0397-01A-01D-0276-04	14	23493483	23530469	3	-2.2425
TCGA-06-0397-01A-01D-0276-04	14	23574920	69923336	4021	-0.678
TCGA-06-0397-01A-01D-0276-04	14	69931620	73060301	346	-0.0258
TCGA-06-0397-01A-01D-0276-04	14	73071404	73075500	2	-1.0063
TCGA-06-0397-01A-01D-0276-04	14	73082250	73092018	2	-0.6963
TCGA-06-0397-01A-01D-0276-04	14	73104572	89435236	1362	-0.0184
TCGA-06-0397-01A-01D-0276-04	14	89444222	105594189	1759	0.418
TCGA-06-0397-01A-01D-0276-04	14	105602756	105630089	4	-0.7125
TCGA-06-0397-01A-01D-0276-04	14	105643293	106002179	38	0.1942
TCGA-06-0397-01A-01D-0276-04	14	106017453	106349756	39	0.5282
TCGA-06-0397-01A-01D-0276-04	15	18362555	18752131	11	0.0597
TCGA-06-0397-01A-01D-0276-04	15	18790589	18810004	2	NA
TCGA-06-0397-01A-01D-0276-04	15	18835660	19435500	35	0.3159
TCGA-06-0397-01A-01D-0276-04	15	19465359	20060061	27	0.603
TCGA-06-0397-01A-01D-0276-04	15	20079935	20079935	1	NA
TCGA-06-0397-01A-01D-0276-04	15	20220416	22163893	112	-0.0451
TCGA-06-0397-01A-01D-0276-04	15	22232458	22289273	4	-0.925
TCGA-06-0397-01A-01D-0276-04	15	22329016	100282819	7816	-0.0156
TCGA-06-0397-01A-01D-0276-04	16	28087	87305787	6602	-0.0192
TCGA-06-0397-01A-01D-0276-04	16	87313486	87330963	4	-0.5128
TCGA-06-0397-01A-01D-0276-04	16	87337484	88690571	188	-0.0057
TCGA-06-0397-01A-01D-0276-04	17	29169	7286918	872	-0.0095
TCGA-06-0397-01A-01D-0276-04	17	7290085	7941435	100	-0.6343
TCGA-06-0397-01A-01D-0276-04	17	7945504	7992573	8	-0.075
TCGA-06-0397-01A-01D-0276-04	17	7997853	8059222	16	-0.5399
TCGA-06-0397-01A-01D-0276-04	17	8065224	26382193	1593	-0.0216
TCGA-06-0397-01A-01D-0276-04	17	26401127	26453026	5	-0.6911
TCGA-06-0397-01A-01D-0276-04	17	26459746	26669741	25	-0.0153
TCGA-06-0397-01A-01D-0276-04	17	26676968	26797944	15	-0.6878
TCGA-06-0397-01A-01D-0276-04	17	26807124	41566540	1622	-0.0164
TCGA-06-0397-01A-01D-0276-04	17	41577520	41841187	10	-0.6043
TCGA-06-0397-01A-01D-0276-04	17	41983407	78653545	3391	-0.0059
TCGA-06-0397-01A-01D-0276-04	18	4316	76110964	5774	-0.0163
TCGA-06-0397-01A-01D-0276-04	19	64418	56808618	5109	-0.015
TCGA-06-0397-01A-01D-0276-04	19	56816785	56816785	1	NA
TCGA-06-0397-01A-01D-0276-04	19	56831724	56840346	2	-0.8513
TCGA-06-0397-01A-01D-0276-04	19	56850433	63784327	865	-0.0356
TCGA-06-0397-01A-01D-0276-04	2	20341	132676890	9620	-0.0121
TCGA-06-0397-01A-01D-0276-04	2	132728614	132739926	2	-0.8549
TCGA-06-0397-01A-01D-0276-04	2	132753228	242717016	8912	-0.0044
TCGA-06-0397-01A-01D-0276-04	20	8747	1506379	191	0.4161
TCGA-06-0397-01A-01D-0276-04	20	1516966	1539155	3	-0.6108
TCGA-06-0397-01A-01D-0276-04	20	1546858	15234818	1185	0.4394
TCGA-06-0397-01A-01D-0276-04	20	15242531	15752118	53	0.0377
TCGA-06-0397-01A-01D-0276-04	20	15758818	26129166	788	0.4224
TCGA-06-0397-01A-01D-0276-04	20	26156026	28266113	10	-0.0245
TCGA-06-0397-01A-01D-0276-04	20	29297270	62379059	3101	0.4217
TCGA-06-0397-01A-01D-0276-04	21	9896630	10055549	11	-0.1146
TCGA-06-0397-01A-01D-0276-04	21	10062378	10198129	11	-0.4999
TCGA-06-0397-01A-01D-0276-04	21	13334960	32212312	1479	0
TCGA-06-0397-01A-01D-0276-04	21	32218621	32331144	14	0.4365
TCGA-06-0397-01A-01D-0276-04	21	32354552	46914686	1847	-0.0166
TCGA-06-0397-01A-01D-0276-04	22	14504218	22696162	823	-0.6507
TCGA-06-0397-01A-01D-0276-04	22	22701205	22725305	6	-3.2883
TCGA-06-0397-01A-01D-0276-04	22	22731196	28291838	584	-0.676
TCGA-06-0397-01A-01D-0276-04	22	28296016	28335907	7	-1.8443
TCGA-06-0397-01A-01D-0276-04	22	28344172	47515323	2404	-0.6777
TCGA-06-0397-01A-01D-0276-04	22	47523742	47532115	2	-0.0691
TCGA-06-0397-01A-01D-0276-04	22	47539965	49565816	253	-0.6812
TCGA-06-0397-01A-01D-0276-04	23	2710316	2832157	15	0.8736
TCGA-06-0397-01A-01D-0276-04	23	2836003	2846358	3	0.1719
TCGA-06-0397-01A-01D-0276-04	23	2850957	89066572	6108	0.96
TCGA-06-0397-01A-01D-0276-04	23	89081631	89968680	15	0.6281
TCGA-06-0397-01A-01D-0276-04	23	90003509	90865947	29	1.0016
TCGA-06-0397-01A-01D-0276-04	23	90917565	91284359	17	0.4869
TCGA-06-0397-01A-01D-0276-04	23	91300737	91300737	1	NA
TCGA-06-0397-01A-01D-0276-04	23	91315210	91425227	11	1.0012
TCGA-06-0397-01A-01D-0276-04	23	91445574	92184315	24	0.3828
TCGA-06-0397-01A-01D-0276-04	23	92263775	154037006	4669	0.9577
TCGA-06-0397-01A-01D-0276-04	23	154050185	154078819	3	1.8501
TCGA-06-0397-01A-01D-0276-04	23	154086636	154388209	26	0.9625
TCGA-06-0397-01A-01D-0276-04	23	154396894	154449960	7	1.3194
TCGA-06-0397-01A-01D-0276-04	23	154456908	154582414	10	0.9909
TCGA-06-0397-01A-01D-0276-04	24	2710450	3223585	58	-4.173
TCGA-06-0397-01A-01D-0276-04	24	3318461	3318461	1	NA
TCGA-06-0397-01A-01D-0276-04	24	3379762	3894117	21	-0.5459
TCGA-06-0397-01A-01D-0276-04	24	3944956	4511076	17	-1.5515
TCGA-06-0397-01A-01D-0276-04	24	4529397	4529397	1	NA
TCGA-06-0397-01A-01D-0276-04	24	4597974	4846477	9	-2.4437
TCGA-06-0397-01A-01D-0276-04	24	4869078	6474449	43	-0.9396
TCGA-06-0397-01A-01D-0276-04	24	6518097	10511255	352	-3.7244
TCGA-06-0397-01A-01D-0276-04	24	10537808	12586920	21	-1.041
TCGA-06-0397-01A-01D-0276-04	24	12593244	22930737	739	-3.9588
TCGA-06-0397-01A-01D-0276-04	24	23283689	57440809	31	-1.0305
TCGA-06-0397-01A-01D-0276-04	3	39066	75799957	6579	-0.0128
TCGA-06-0397-01A-01D-0276-04	3	75845446	75945890	7	-0.5029
TCGA-06-0397-01A-01D-0276-04	3	75957900	117084240	2507	0.0015
TCGA-06-0397-01A-01D-0276-04	3	117091908	117357834	31	-0.6244
TCGA-06-0397-01A-01D-0276-04	3	117365686	117492666	14	-2.1591
TCGA-06-0397-01A-01D-0276-04	3	117504687	117567970	8	-0.7583
TCGA-06-0397-01A-01D-0276-04	3	117581405	189568736	5807	-0.0038
TCGA-06-0397-01A-01D-0276-04	3	189579610	189798105	29	-0.6771
TCGA-06-0397-01A-01D-0276-04	3	189807230	196830270	630	-0.0061
TCGA-06-0397-01A-01D-0276-04	3	196904349	196942158	7	-0.4331
TCGA-06-0397-01A-01D-0276-04	3	196943380	196950095	3	0.4851
TCGA-06-0397-01A-01D-0276-04	3	196958467	199379566	264	-0.0165
TCGA-06-0397-01A-01D-0276-04	4	41413	68905670	4501	-0.0158
TCGA-06-0397-01A-01D-0276-04	4	69057735	69165814	11	-2.4651
TCGA-06-0397-01A-01D-0276-04	4	69643272	132135793	4767	0.0016
TCGA-06-0397-01A-01D-0276-04	4	132185870	132185870	1	NA
TCGA-06-0397-01A-01D-0276-04	4	132220340	132566146	17	0.5265
TCGA-06-0397-01A-01D-0276-04	4	132571968	191173837	4056	-0.0046
TCGA-06-0397-01A-01D-0276-04	5	75149	75149	1	NA
TCGA-06-0397-01A-01D-0276-04	5	90692	763494	75	0.3922
TCGA-06-0397-01A-01D-0276-04	5	771310	894957	12	-0.0134
TCGA-06-0397-01A-01D-0276-04	5	905462	17570523	1246	0.424
TCGA-06-0397-01A-01D-0276-04	5	17647063	17653599	2	-1.2171
TCGA-06-0397-01A-01D-0276-04	5	17662005	68850823	3293	0.44
TCGA-06-0397-01A-01D-0276-04	5	68868713	68868713	1	NA
TCGA-06-0397-01A-01D-0276-04	5	69274433	69741318	2	-0.4591
TCGA-06-0397-01A-01D-0276-04	5	69767948	70622715	5	0.1698
TCGA-06-0397-01A-01D-0276-04	5	70693444	180644810	8607	0.4449
TCGA-06-0397-01A-01D-0276-04	6	97634	31377756	2770	-0.0164
TCGA-06-0397-01A-01D-0276-04	6	31385778	31418006	3	0.6391
TCGA-06-0397-01A-01D-0276-04	6	31425144	32558677	190	-0.0142
TCGA-06-0397-01A-01D-0276-04	6	32567382	32586131	2	-1.0927
TCGA-06-0397-01A-01D-0276-04	6	32595402	32629848	4	-2.8549
TCGA-06-0397-01A-01D-0276-04	6	32634044	32711957	8	-0.0496
TCGA-06-0397-01A-01D-0276-04	6	32718991	32728487	3	-1.2024
TCGA-06-0397-01A-01D-0276-04	6	32732764	101936530	4928	-0.0044
TCGA-06-0397-01A-01D-0276-04	6	101947146	102454307	60	-0.6827
TCGA-06-0397-01A-01D-0276-04	6	102467362	165640218	4824	-0.0022
TCGA-06-0397-01A-01D-0276-04	6	165645537	165650610	2	0.9547
TCGA-06-0397-01A-01D-0276-04	6	165657596	170867396	471	-0.0202
TCGA-06-0397-01A-01D-0276-04	7	140213	4453829	455	0.3983
TCGA-06-0397-01A-01D-0276-04	7	4467077	4568504	8	-1.0172
TCGA-06-0397-01A-01D-0276-04	7	4578991	38244071	2872	0.4517
TCGA-06-0397-01A-01D-0276-04	7	38254010	38254010	1	NA
TCGA-06-0397-01A-01D-0276-04	7	38259147	38276237	4	1.3066
TCGA-06-0397-01A-01D-0276-04	7	38277728	38405899	18	0.6484
TCGA-06-0397-01A-01D-0276-04	7	38416860	90075384	3556	0.4265
TCGA-06-0397-01A-01D-0276-04	7	90088312	90973707	83	0.0124
TCGA-06-0397-01A-01D-0276-04	7	90994046	100162851	931	0.4388
TCGA-06-0397-01A-01D-0276-04	7	100171204	100174991	2	-0.6502
TCGA-06-0397-01A-01D-0276-04	7	100183859	133414697	2836	0.4417
TCGA-06-0397-01A-01D-0276-04	7	133439454	133447868	2	-1.355
TCGA-06-0397-01A-01D-0276-04	7	133459759	133780869	31	0.402
TCGA-06-0397-01A-01D-0276-04	7	133785581	133805435	4	-0.9821
TCGA-06-0397-01A-01D-0276-04	7	133817337	141687978	787	0.4403
TCGA-06-0397-01A-01D-0276-04	7	141705163	141711513	2	2.748
TCGA-06-0397-01A-01D-0276-04	7	141720324	143501811	222	0.4553
TCGA-06-0397-01A-01D-0276-04	7	143514962	143584350	4	-0.4725
TCGA-06-0397-01A-01D-0276-04	7	143705425	151701438	788	0.4178
TCGA-06-0397-01A-01D-0276-04	7	151709873	151718391	2	-0.443
TCGA-06-0397-01A-01D-0276-04	7	151724590	158811268	633	0.4137
TCGA-06-0397-01A-01D-0276-04	8	63810	12077339	995	-0.0288
TCGA-06-0397-01A-01D-0276-04	8	12276178	12285464	2	-0.8963
TCGA-06-0397-01A-01D-0276-04	8	12448374	39341524	2172	-0.0119
TCGA-06-0397-01A-01D-0276-04	8	39356595	39363050	2	-1.8471
TCGA-06-0397-01A-01D-0276-04	8	39368509	39505256	18	-4.6852
TCGA-06-0397-01A-01D-0276-04	8	39511632	146264846	7771	-0.0061
TCGA-06-0397-01A-01D-0276-04	9	153131	21958041	1803	-0.6834
TCGA-06-0397-01A-01D-0276-04	9	21968346	22136626	16	-1.8997
TCGA-06-0397-01A-01D-0276-04	9	22166172	22712626	29	-0.6277
TCGA-06-0397-01A-01D-0276-04	9	22723912	140193674	7554	-0.0168
TCGA-06-0397-01A-01D-0276-04	9	140241876	140241876	1	NA
