barcode	chromosome	start	stop	num.mark	seg.mean
TCGA-06-0197-10A-01D-0239-04	1	554268	16704725	1587	-0.004
TCGA-06-0197-10A-01D-0239-04	1	16719747	17124554	21	-0.4186
TCGA-06-0197-10A-01D-0239-04	1	17130528	25457903	825	-0.0037
TCGA-06-0197-10A-01D-0239-04	1	25482036	25536086	6	-0.8706
TCGA-06-0197-10A-01D-0239-04	1	25541997	110017502	6952	-0.003
TCGA-06-0197-10A-01D-0239-04	1	110023268	110041428	3	-0.6223
TCGA-06-0197-10A-01D-0239-04	1	110057882	150819451	1497	-0.0189
TCGA-06-0197-10A-01D-0239-04	1	150823073	150848509	5	0.8421
TCGA-06-0197-10A-01D-0239-04	1	150852858	200613454	4365	-0.0046
TCGA-06-0197-10A-01D-0239-04	1	200622656	200654714	5	-0.7157
TCGA-06-0197-10A-01D-0239-04	1	200670407	246314797	3877	-8e-04
TCGA-06-0197-10A-01D-0239-04	1	246323428	246659020	47	0.1834
TCGA-06-0197-10A-01D-0239-04	1	246671177	247190718	55	0.0276
TCGA-06-0197-10A-01D-0239-04	10	115544	52862509	3828	-0.0064
TCGA-06-0197-10A-01D-0239-04	10	52875630	52881487	2	-0.8191
TCGA-06-0197-10A-01D-0239-04	10	52888819	52888819	1	NA
TCGA-06-0197-10A-01D-0239-04	10	52897465	135356671	7204	0.0065
TCGA-06-0197-10A-01D-0239-04	11	182372	5738494	691	-0.0027
TCGA-06-0197-10A-01D-0239-04	11	5742476	5762182	4	-0.662
TCGA-06-0197-10A-01D-0239-04	11	5766615	134409214	10739	0.0023
TCGA-06-0197-10A-01D-0239-04	11	134432265	134432265	1	NA
TCGA-06-0197-10A-01D-0239-04	12	33854	9452803	1015	-0.0035
TCGA-06-0197-10A-01D-0239-04	12	9528590	9554149	2	-2.5008
TCGA-06-0197-10A-01D-0239-04	12	9585156	9585156	1	NA
TCGA-06-0197-10A-01D-0239-04	12	9613074	132289090	10149	-6e-04
TCGA-06-0197-10A-01D-0239-04	13	18065953	114123862	7652	3e-04
TCGA-06-0197-10A-01D-0239-04	14	18149473	19490630	40	-0.7475
TCGA-06-0197-10A-01D-0239-04	14	19497023	21559744	329	-0.0137
TCGA-06-0197-10A-01D-0239-04	14	21569676	22012263	55	0.2237
TCGA-06-0197-10A-01D-0239-04	14	22022060	73051686	4565	-6e-04
TCGA-06-0197-10A-01D-0239-04	14	73060301	73060301	1	NA
TCGA-06-0197-10A-01D-0239-04	14	73071404	73114128	7	0.5499
TCGA-06-0197-10A-01D-0239-04	14	73123697	105845658	3145	0.0049
TCGA-06-0197-10A-01D-0239-04	14	105857193	105946993	9	-0.2306
TCGA-06-0197-10A-01D-0239-04	14	105962305	106002179	6	-0.6625
TCGA-06-0197-10A-01D-0239-04	14	106017453	106086435	8	0.1431
TCGA-06-0197-10A-01D-0239-04	14	106092825	106160175	8	-0.1156
TCGA-06-0197-10A-01D-0239-04	14	106165044	106349756	23	0.1466
TCGA-06-0197-10A-01D-0239-04	15	18362555	18810004	13	-0.075
TCGA-06-0197-10A-01D-0239-04	15	18835660	19845942	42	0.2318
TCGA-06-0197-10A-01D-0239-04	15	19860116	19886840	7	-0.1785
TCGA-06-0197-10A-01D-0239-04	15	19910867	20079935	14	0.268
TCGA-06-0197-10A-01D-0239-04	15	20220416	72325455	5209	-0.007
TCGA-06-0197-10A-01D-0239-04	15	72331204	72349865	3	0.6942
TCGA-06-0197-10A-01D-0239-04	15	72358709	73221154	125	-0.0076
TCGA-06-0197-10A-01D-0239-04	15	73241231	73288867	8	0.4748
TCGA-06-0197-10A-01D-0239-04	15	73292553	95606006	2088	0.001
TCGA-06-0197-10A-01D-0239-04	15	95616750	95632390	2	-0.8158
TCGA-06-0197-10A-01D-0239-04	15	95658438	100282819	497	-0.0011
TCGA-06-0197-10A-01D-0239-04	16	28087	32004586	2979	-0.0085
TCGA-06-0197-10A-01D-0239-04	16	32105104	33539023	33	0.1801
TCGA-06-0197-10A-01D-0239-04	16	33758082	54315834	731	0.0027
TCGA-06-0197-10A-01D-0239-04	16	54324724	54336421	2	NA
TCGA-06-0197-10A-01D-0239-04	16	54343465	54379834	6	-0.3501
TCGA-06-0197-10A-01D-0239-04	16	54390012	84290920	2571	-0.0013
TCGA-06-0197-10A-01D-0239-04	16	84301610	84341580	5	0.4267
TCGA-06-0197-10A-01D-0239-04	16	84353770	84353770	1	NA
TCGA-06-0197-10A-01D-0239-04	16	84363053	88690571	466	-0.0079
TCGA-06-0197-10A-01D-0239-04	17	29169	42906929	4352	-0.0122
TCGA-06-0197-10A-01D-0239-04	17	42975134	43019545	4	-0.7076
TCGA-06-0197-10A-01D-0239-04	17	43027760	78653545	3301	-0.0127
TCGA-06-0197-10A-01D-0239-04	18	4316	76110964	5774	0.0024
TCGA-06-0197-10A-01D-0239-04	19	64418	20383210	2387	-0.0226
TCGA-06-0197-10A-01D-0239-04	19	20422576	20493401	5	-0.7623
TCGA-06-0197-10A-01D-0239-04	19	20510787	47952689	1643	-0.023
TCGA-06-0197-10A-01D-0239-04	19	47986294	48449548	22	0.3269
TCGA-06-0197-10A-01D-0239-04	19	48500241	56816785	1053	-0.0063
TCGA-06-0197-10A-01D-0239-04	19	56831724	56840346	2	-0.7529
TCGA-06-0197-10A-01D-0239-04	19	56850433	63784327	865	-0.0364
TCGA-06-0197-10A-01D-0239-04	2	20341	131614154	9569	0.0018
TCGA-06-0197-10A-01D-0239-04	2	131621493	131867774	14	-0.2257
TCGA-06-0197-10A-01D-0239-04	2	131883077	132079307	17	-0.0226
TCGA-06-0197-10A-01D-0239-04	2	132093699	132739926	22	-0.2367
TCGA-06-0197-10A-01D-0239-04	2	132753228	242717016	8912	0.0031
TCGA-06-0197-10A-01D-0239-04	20	8747	1506379	191	0.0042
TCGA-06-0197-10A-01D-0239-04	20	1516966	1528899	2	-1.2318
TCGA-06-0197-10A-01D-0239-04	20	1539155	62379059	5138	-0.0029
TCGA-06-0197-10A-01D-0239-04	21	9896630	10084231	15	-0.4014
TCGA-06-0197-10A-01D-0239-04	21	10101956	46914686	3347	-0.0061
TCGA-06-0197-10A-01D-0239-04	22	14504218	15275597	6	-0.561
TCGA-06-0197-10A-01D-0239-04	22	15409055	41226636	3083	-0.0071
TCGA-06-0197-10A-01D-0239-04	22	41237731	41279485	7	-0.3925
TCGA-06-0197-10A-01D-0239-04	22	41287060	49565816	983	-2e-04
TCGA-06-0197-10A-01D-0239-04	23	2710316	2832157	15	0.9076
TCGA-06-0197-10A-01D-0239-04	23	2836003	2850957	4	0.399
TCGA-06-0197-10A-01D-0239-04	23	2854934	6463313	258	0.9945
TCGA-06-0197-10A-01D-0239-04	23	6467403	6477006	2	-0.1107
TCGA-06-0197-10A-01D-0239-04	23	6487238	29902575	1938	1.0147
TCGA-06-0197-10A-01D-0239-04	23	29925174	29978595	2	0.1769
TCGA-06-0197-10A-01D-0239-04	23	30021949	89066572	3907	1.0004
TCGA-06-0197-10A-01D-0239-04	23	89081631	90168286	19	0.7211
TCGA-06-0197-10A-01D-0239-04	23	90188324	90865947	25	0.9724
TCGA-06-0197-10A-01D-0239-04	23	90917565	91300737	18	0.5381
TCGA-06-0197-10A-01D-0239-04	23	91315210	91425227	11	1.148
TCGA-06-0197-10A-01D-0239-04	23	91445574	92184315	24	0.4464
TCGA-06-0197-10A-01D-0239-04	23	92263775	111587586	1510	1.0135
TCGA-06-0197-10A-01D-0239-04	23	111598647	111613676	3	0.087
TCGA-06-0197-10A-01D-0239-04	23	111659917	154037006	3156	1.0075
TCGA-06-0197-10A-01D-0239-04	23	154050185	154078819	3	1.922
TCGA-06-0197-10A-01D-0239-04	23	154086636	154582414	43	0.96
TCGA-06-0197-10A-01D-0239-04	24	2710450	3223585	58	-4.5222
TCGA-06-0197-10A-01D-0239-04	24	3318461	3944956	23	-0.4395
TCGA-06-0197-10A-01D-0239-04	24	4008751	5310900	41	-1.3679
TCGA-06-0197-10A-01D-0239-04	24	5334468	6577257	30	-0.5719
TCGA-06-0197-10A-01D-0239-04	24	6652868	7631265	120	-3.5462
TCGA-06-0197-10A-01D-0239-04	24	7645171	7679075	9	-1.5703
TCGA-06-0197-10A-01D-0239-04	24	7682695	7726934	10	-4.7697
TCGA-06-0197-10A-01D-0239-04	24	7729619	7802397	14	-2.0749
TCGA-06-0197-10A-01D-0239-04	24	7806605	7853950	8	-4.2277
TCGA-06-0197-10A-01D-0239-04	24	7860364	7908370	8	-2.2871
TCGA-06-0197-10A-01D-0239-04	24	7914104	8194312	44	-4.476
TCGA-06-0197-10A-01D-0239-04	24	8198435	8220124	5	-1.5852
TCGA-06-0197-10A-01D-0239-04	24	8230756	8623887	57	-3.7804
TCGA-06-0197-10A-01D-0239-04	24	8641679	8690572	12	-2.5251
TCGA-06-0197-10A-01D-0239-04	24	8695195	9132086	33	-4.7806
TCGA-06-0197-10A-01D-0239-04	24	9145335	10251061	20	-3.1759
TCGA-06-0197-10A-01D-0239-04	24	10254943	10511255	10	-5.439
TCGA-06-0197-10A-01D-0239-04	24	10537808	12598397	23	-0.8512
TCGA-06-0197-10A-01D-0239-04	24	12604268	15564959	318	-4.1147
TCGA-06-0197-10A-01D-0239-04	24	15587741	15682936	6	-1.0367
TCGA-06-0197-10A-01D-0239-04	24	15707307	24685322	415	-4.1824
TCGA-06-0197-10A-01D-0239-04	24	24754207	26957814	10	-1.3979
TCGA-06-0197-10A-01D-0239-04	24	26965331	57440809	19	-0.4764
TCGA-06-0197-10A-01D-0239-04	3	39066	163987457	12956	0.0045
TCGA-06-0197-10A-01D-0239-04	3	163997228	164101776	8	-4.584
TCGA-06-0197-10A-01D-0239-04	3	164112873	196830270	2648	0.0037
TCGA-06-0197-10A-01D-0239-04	3	196904349	196942158	7	-0.8997
TCGA-06-0197-10A-01D-0239-04	3	196943380	199379566	267	-0.0425
TCGA-06-0197-10A-01D-0239-04	4	41413	191173837	13353	0.0043
TCGA-06-0197-10A-01D-0239-04	5	75149	745859	75	0.0187
TCGA-06-0197-10A-01D-0239-04	5	763494	894957	13	-0.4192
TCGA-06-0197-10A-01D-0239-04	5	905462	180644810	13156	0.0038
TCGA-06-0197-10A-01D-0239-04	6	97634	29950805	2571	0.0033
TCGA-06-0197-10A-01D-0239-04	6	29962849	30010234	6	0.4325
TCGA-06-0197-10A-01D-0239-04	6	30021894	32558677	386	-0.0297
TCGA-06-0197-10A-01D-0239-04	6	32567382	32629848	6	-0.9238
TCGA-06-0197-10A-01D-0239-04	6	32634044	32723366	10	-0.3228
TCGA-06-0197-10A-01D-0239-04	6	32728487	32728487	1	NA
TCGA-06-0197-10A-01D-0239-04	6	32732764	165640218	9812	2e-04
TCGA-06-0197-10A-01D-0239-04	6	165645537	165650610	2	0.8867
TCGA-06-0197-10A-01D-0239-04	6	165657596	170867396	471	0.0048
TCGA-06-0197-10A-01D-0239-04	7	140213	158811268	13241	0
TCGA-06-0197-10A-01D-0239-04	8	63810	7040596	627	-0.0087
TCGA-06-0197-10A-01D-0239-04	8	7256229	7789937	7	-0.53
TCGA-06-0197-10A-01D-0239-04	8	8117271	15437205	570	0.0132
TCGA-06-0197-10A-01D-0239-04	8	15447810	15453544	2	-0.7873
TCGA-06-0197-10A-01D-0239-04	8	15466032	39333915	1962	0.0049
TCGA-06-0197-10A-01D-0239-04	8	39341524	39341524	1	NA
TCGA-06-0197-10A-01D-0239-04	8	39356595	39505256	20	0.7986
TCGA-06-0197-10A-01D-0239-04	8	39511632	78582171	2612	5e-04
TCGA-06-0197-10A-01D-0239-04	8	78602913	78656441	3	-0.8536
TCGA-06-0197-10A-01D-0239-04	8	78683881	78683881	1	NA
TCGA-06-0197-10A-01D-0239-04	8	78747343	146264846	5155	0.0041
TCGA-06-0197-10A-01D-0239-04	9	153131	17568661	1405	-0.0021
TCGA-06-0197-10A-01D-0239-04	9	17585185	17620872	5	0.5879
TCGA-06-0197-10A-01D-0239-04	9	17626610	140193674	7992	-4e-04
TCGA-06-0197-10A-01D-0239-04	9	140241876	140241876	1	NA
