barcode	chromosome	start	stop	num.mark	seg.mean
TCGA-06-1087-10A-01D-0518-04	1	554268	16877283	1593	0.0129
TCGA-06-1087-10A-01D-0518-04	1	16884678	17088704	11	-0.5247
TCGA-06-1087-10A-01D-0518-04	1	17094475	72533856	5193	-9e-04
TCGA-06-1087-10A-01D-0518-04	1	72550248	72568009	2	-3.3163
TCGA-06-1087-10A-01D-0518-04	1	72602597	121013177	3524	-0.0176
TCGA-06-1087-10A-01D-0518-04	1	121052394	144093719	31	-0.3086
TCGA-06-1087-10A-01D-0518-04	1	144099712	144099712	1	NA
TCGA-06-1087-10A-01D-0518-04	1	144112795	147213294	159	0.0182
TCGA-06-1087-10A-01D-0518-04	1	147307637	147475854	8	0.4855
TCGA-06-1087-10A-01D-0518-04	1	147499046	150819451	369	-0.0156
TCGA-06-1087-10A-01D-0518-04	1	150823073	150848509	5	2.0059
TCGA-06-1087-10A-01D-0518-04	1	150852858	247190718	8349	-0.0112
TCGA-06-1087-10A-01D-0518-04	10	115544	45534651	3434	-0.0036
TCGA-06-1087-10A-01D-0518-04	10	45554717	46568496	26	-0.6015
TCGA-06-1087-10A-01D-0518-04	10	47010385	135356671	7575	-0.0043
TCGA-06-1087-10A-01D-0518-04	11	182372	55118214	4215	-0.0034
TCGA-06-1087-10A-01D-0518-04	11	55124730	55194990	11	-4.3194
TCGA-06-1087-10A-01D-0518-04	11	55200744	134432265	7209	-0.0042
TCGA-06-1087-10A-01D-0518-04	12	33854	9452803	1015	-0.0097
TCGA-06-1087-10A-01D-0518-04	12	9528590	9554149	2	1.0322
TCGA-06-1087-10A-01D-0518-04	12	9585156	132289090	10150	-0.0042
TCGA-06-1087-10A-01D-0518-04	13	18065953	114123862	7652	-0.0105
TCGA-06-1087-10A-01D-0518-04	14	18149473	19490630	40	-0.7157
TCGA-06-1087-10A-01D-0518-04	14	19497023	106349756	8156	-0.0024
TCGA-06-1087-10A-01D-0518-04	15	18362555	19874690	59	-0.6699
TCGA-06-1087-10A-01D-0518-04	15	19879661	19882711	2	-5.4073
TCGA-06-1087-10A-01D-0518-04	15	19886840	32454294	1005	0.013
TCGA-06-1087-10A-01D-0518-04	15	32458866	32628679	17	-0.5983
TCGA-06-1087-10A-01D-0518-04	15	32654561	100282819	6925	-0.0075
TCGA-06-1087-10A-01D-0518-04	16	28087	32745412	2990	0.0038
TCGA-06-1087-10A-01D-0518-04	16	32748349	33298899	6	-0.5924
TCGA-06-1087-10A-01D-0518-04	16	33300400	54390012	756	-0.0021
TCGA-06-1087-10A-01D-0518-04	16	54400475	54422612	4	0.8839
TCGA-06-1087-10A-01D-0518-04	16	54437553	69454200	1240	-0.0079
TCGA-06-1087-10A-01D-0518-04	16	69464949	69464949	1	NA
TCGA-06-1087-10A-01D-0518-04	16	69470476	69753919	30	-0.2922
TCGA-06-1087-10A-01D-0518-04	16	69763173	88690571	1767	-0.0104
TCGA-06-1087-10A-01D-0518-04	17	29169	77478901	7505	-0.0095
TCGA-06-1087-10A-01D-0518-04	17	77503378	77503685	3	0.9953
TCGA-06-1087-10A-01D-0518-04	17	77519913	78653545	149	-0.0582
TCGA-06-1087-10A-01D-0518-04	18	4316	76110964	5774	-0.0039
TCGA-06-1087-10A-01D-0518-04	19	64418	63784327	5977	-0.0184
TCGA-06-1087-10A-01D-0518-04	2	20341	242717016	18534	-0.0085
TCGA-06-1087-10A-01D-0518-04	20	8747	1506379	191	0.016
TCGA-06-1087-10A-01D-0518-04	20	1516966	1528899	2	-1.8518
TCGA-06-1087-10A-01D-0518-04	20	1539155	62379059	5138	-0.003
TCGA-06-1087-10A-01D-0518-04	21	9896630	10022306	10	-0.1519
TCGA-06-1087-10A-01D-0518-04	21	10055549	10167413	11	-0.6808
TCGA-06-1087-10A-01D-0518-04	21	10198129	46914686	3341	-0.0025
TCGA-06-1087-10A-01D-0518-04	22	14504218	17041724	178	-0.0183
TCGA-06-1087-10A-01D-0518-04	22	17086001	17390449	21	0.452
TCGA-06-1087-10A-01D-0518-04	22	17403824	37683516	2415	0.0084
TCGA-06-1087-10A-01D-0518-04	22	37689058	37715385	6	-0.7993
TCGA-06-1087-10A-01D-0518-04	22	37718669	49565816	1459	0.0019
TCGA-06-1087-10A-01D-0518-04	23	2710316	154582414	10938	0.209
TCGA-06-1087-10A-01D-0518-04	24	2710450	57432579	1292	-0.3433
TCGA-06-1087-10A-01D-0518-04	24	57440809	57440809	1	NA
TCGA-06-1087-10A-01D-0518-04	3	39066	163987457	12956	-0.0043
TCGA-06-1087-10A-01D-0518-04	3	163997228	164101776	8	-4.7257
TCGA-06-1087-10A-01D-0518-04	3	164112873	199379566	2922	-0.0245
TCGA-06-1087-10A-01D-0518-04	4	41413	69069563	4503	-0.0094
TCGA-06-1087-10A-01D-0518-04	4	69075140	69097336	3	0.849
TCGA-06-1087-10A-01D-0518-04	4	69114068	70130975	54	0.056
TCGA-06-1087-10A-01D-0518-04	4	70159690	70327740	13	-0.5124
TCGA-06-1087-10A-01D-0518-04	4	70338878	189237236	8641	-0.0052
TCGA-06-1087-10A-01D-0518-04	4	189244072	189279537	6	-1.0678
TCGA-06-1087-10A-01D-0518-04	4	189284725	190749363	103	-0.0562
TCGA-06-1087-10A-01D-0518-04	4	190780239	190907865	10	-0.5327
TCGA-06-1087-10A-01D-0518-04	4	190924564	191173837	20	-0.0267
TCGA-06-1087-10A-01D-0518-04	5	75149	140196482	9822	-0.008
TCGA-06-1087-10A-01D-0518-04	5	140203440	140216524	4	-0.7848
TCGA-06-1087-10A-01D-0518-04	5	140221835	180644810	3418	5e-04
TCGA-06-1087-10A-01D-0518-04	6	97634	228968	10	0.0472
TCGA-06-1087-10A-01D-0518-04	6	238441	320890	9	-0.6373
TCGA-06-1087-10A-01D-0518-04	6	334423	32558677	2944	-0.0145
TCGA-06-1087-10A-01D-0518-04	6	32567382	32629848	6	1.1221
TCGA-06-1087-10A-01D-0518-04	6	32634044	165640218	9823	-0.0125
TCGA-06-1087-10A-01D-0518-04	6	165645537	165650610	2	-1.9519
TCGA-06-1087-10A-01D-0518-04	6	165657596	170867396	471	-0.0035
TCGA-06-1087-10A-01D-0518-04	7	140213	38254010	3336	-0.0107
TCGA-06-1087-10A-01D-0518-04	7	38259147	38397824	21	0.4033
TCGA-06-1087-10A-01D-0518-04	7	38405899	158811268	9884	-0.0099
TCGA-06-1087-10A-01D-0518-04	8	63810	146264846	10960	-1e-04
TCGA-06-1087-10A-01D-0518-04	9	153131	153131	1	NA
TCGA-06-1087-10A-01D-0518-04	9	194193	140241876	9402	-0.0019
