barcode	chromosome	start	stop	num.mark	seg.mean
TCGA-02-0074-01A-01D-0196-04	1	554268	12793618	1276	-0.0664
TCGA-02-0074-01A-01D-0196-04	1	12822189	12835156	2	-1.1044
TCGA-02-0074-01A-01D-0196-04	1	12840011	31088021	1695	-0.0507
TCGA-02-0074-01A-01D-0196-04	1	31110276	31130439	4	0.6687
TCGA-02-0074-01A-01D-0196-04	1	31143771	34979125	380	-0.0361
TCGA-02-0074-01A-01D-0196-04	1	34992126	35029151	6	-0.415
TCGA-02-0074-01A-01D-0196-04	1	35040030	50200692	1493	-0.0642
TCGA-02-0074-01A-01D-0196-04	1	50215710	50893748	56	-0.9516
TCGA-02-0074-01A-01D-0196-04	1	50907316	50907316	1	NA
TCGA-02-0074-01A-01D-0196-04	1	50915181	51246871	35	-2.5028
TCGA-02-0074-01A-01D-0196-04	1	51283191	52279830	92	-0.9071
TCGA-02-0074-01A-01D-0196-04	1	52288705	53168295	99	0.0029
TCGA-02-0074-01A-01D-0196-04	1	53180519	53192949	2	-1.0384
TCGA-02-0074-01A-01D-0196-04	1	53199762	116950996	4897	-0.1103
TCGA-02-0074-01A-01D-0196-04	1	116970390	116995577	3	0.4252
TCGA-02-0074-01A-01D-0196-04	1	117001475	150839754	853	-0.0743
TCGA-02-0074-01A-01D-0196-04	1	150844444	150848509	2	0.6194
TCGA-02-0074-01A-01D-0196-04	1	150852858	151027357	32	-0.0989
TCGA-02-0074-01A-01D-0196-04	1	151033188	151036435	2	1.006
TCGA-02-0074-01A-01D-0196-04	1	151040463	246688566	8264	-0.0986
TCGA-02-0074-01A-01D-0196-04	1	246696388	246794522	7	0.2747
TCGA-02-0074-01A-01D-0196-04	1	246795223	246822838	4	-1.4176
TCGA-02-0074-01A-01D-0196-04	1	246831381	246862029	6	-4.3973
TCGA-02-0074-01A-01D-0196-04	1	246874992	247190718	34	-0.2563
TCGA-02-0074-01A-01D-0196-04	10	115544	32279814	2716	-0.185
TCGA-02-0074-01A-01D-0196-04	10	32297822	34272515	146	0.0606
TCGA-02-0074-01A-01D-0196-04	10	34299958	42175348	319	-0.1811
TCGA-02-0074-01A-01D-0196-04	10	42184626	43237088	84	-0.8151
TCGA-02-0074-01A-01D-0196-04	10	43243809	43724597	42	-0.5152
TCGA-02-0074-01A-01D-0196-04	10	43742203	43742203	1	NA
TCGA-02-0074-01A-01D-0196-04	10	43755824	44956762	74	-0.9331
TCGA-02-0074-01A-01D-0196-04	10	44963357	45019681	8	-0.515
TCGA-02-0074-01A-01D-0196-04	10	45062883	45448745	37	-0.8755
TCGA-02-0074-01A-01D-0196-04	10	45455357	46371243	9	-0.5337
TCGA-02-0074-01A-01D-0196-04	10	46384979	103676371	4827	-0.8516
TCGA-02-0074-01A-01D-0196-04	10	103683000	104762562	150	-0.4115
TCGA-02-0074-01A-01D-0196-04	10	104775388	127563278	1909	-0.8624
TCGA-02-0074-01A-01D-0196-04	10	127578239	127603523	5	-0.0957
TCGA-02-0074-01A-01D-0196-04	10	127612803	131036889	274	-0.9527
TCGA-02-0074-01A-01D-0196-04	10	131048905	131464368	45	-0.6707
TCGA-02-0074-01A-01D-0196-04	10	131475675	133015999	128	-0.9854
TCGA-02-0074-01A-01D-0196-04	10	133030188	133312556	21	-0.5907
TCGA-02-0074-01A-01D-0196-04	10	133331744	133503658	16	-1.0137
TCGA-02-0074-01A-01D-0196-04	10	133521630	134889680	156	-0.5643
TCGA-02-0074-01A-01D-0196-04	10	134895022	134939447	11	-0.312
TCGA-02-0074-01A-01D-0196-04	10	134943146	134978883	9	-0.8907
TCGA-02-0074-01A-01D-0196-04	10	134983480	135010614	5	-0.4387
TCGA-02-0074-01A-01D-0196-04	10	135015685	135286023	41	-0.9644
TCGA-02-0074-01A-01D-0196-04	10	135324730	135356671	2	-0.2918
TCGA-02-0074-01A-01D-0196-04	11	182372	55976261	4344	-0.3257
TCGA-02-0074-01A-01D-0196-04	11	55981168	56600048	65	-0.0604
TCGA-02-0074-01A-01D-0196-04	11	56638774	87977988	3196	-0.3085
TCGA-02-0074-01A-01D-0196-04	11	87994166	89108951	106	-8e-04
TCGA-02-0074-01A-01D-0196-04	11	89295514	89296560	2	-1.2446
TCGA-02-0074-01A-01D-0196-04	11	89344807	90873318	128	0.0477
TCGA-02-0074-01A-01D-0196-04	11	90905807	111185670	1517	-0.3566
TCGA-02-0074-01A-01D-0196-04	11	111195350	111413279	26	0.2711
TCGA-02-0074-01A-01D-0196-04	11	111421787	116260832	363	-0.35
TCGA-02-0074-01A-01D-0196-04	11	116269674	118074266	216	0.0013
TCGA-02-0074-01A-01D-0196-04	11	118081299	118654590	91	-0.2767
TCGA-02-0074-01A-01D-0196-04	11	118661002	118685474	3	-0.7485
TCGA-02-0074-01A-01D-0196-04	11	118689940	120511634	157	-0.3774
TCGA-02-0074-01A-01D-0196-04	11	120518066	121636921	89	-0.1654
TCGA-02-0074-01A-01D-0196-04	11	121665015	134432265	1132	-0.3644
TCGA-02-0074-01A-01D-0196-04	12	33854	9452803	1015	0.0093
TCGA-02-0074-01A-01D-0196-04	12	9528590	9585156	3	1.0293
TCGA-02-0074-01A-01D-0196-04	12	9613074	56244480	4112	0.0235
TCGA-02-0074-01A-01D-0196-04	12	56255954	56765443	67	3.3656
TCGA-02-0074-01A-01D-0196-04	12	56828309	121528688	5020	0.0215
TCGA-02-0074-01A-01D-0196-04	12	121533873	121648404	15	0.3318
TCGA-02-0074-01A-01D-0196-04	12	121659869	132289090	935	-0.0089
TCGA-02-0074-01A-01D-0196-04	13	18065953	114123862	7652	-0.1613
TCGA-02-0074-01A-01D-0196-04	14	18149473	19490630	40	0.046
TCGA-02-0074-01A-01D-0196-04	14	19497023	21624686	337	-0.6605
TCGA-02-0074-01A-01D-0196-04	14	21635428	22005835	46	-0.4381
TCGA-02-0074-01A-01D-0196-04	14	22012263	73060301	4567	-0.7015
TCGA-02-0074-01A-01D-0196-04	14	73071404	73082250	3	-1.2907
TCGA-02-0074-01A-01D-0196-04	14	73092018	105594189	3122	-0.7011
TCGA-02-0074-01A-01D-0196-04	14	105602756	105630089	4	-2.3827
TCGA-02-0074-01A-01D-0196-04	14	105643293	106349756	77	-0.7177
TCGA-02-0074-01A-01D-0196-04	15	18362555	19786655	51	-0.1026
TCGA-02-0074-01A-01D-0196-04	15	19805960	20249886	27	0.1579
TCGA-02-0074-01A-01D-0196-04	15	20307869	32447707	987	-0.297
TCGA-02-0074-01A-01D-0196-04	15	32454294	32628679	18	-0.0336
TCGA-02-0074-01A-01D-0196-04	15	32654561	43132400	1150	-0.2365
TCGA-02-0074-01A-01D-0196-04	15	43147630	43176993	5	-0.5807
TCGA-02-0074-01A-01D-0196-04	15	43180437	48417834	493	-0.2904
TCGA-02-0074-01A-01D-0196-04	15	48427090	48769820	41	-0.116
TCGA-02-0074-01A-01D-0196-04	15	48775860	87829990	4053	-0.2542
TCGA-02-0074-01A-01D-0196-04	15	87834687	87840587	2	-0.8541
TCGA-02-0074-01A-01D-0196-04	15	87844908	100282819	1181	-0.3089
TCGA-02-0074-01A-01D-0196-04	16	28087	33316641	2998	-0.4046
TCGA-02-0074-01A-01D-0196-04	16	33373002	34634686	45	-0.6097
TCGA-02-0074-01A-01D-0196-04	16	34685270	35004950	12	-0.4145
TCGA-02-0074-01A-01D-0196-04	16	45018886	45193386	17	-0.2225
TCGA-02-0074-01A-01D-0196-04	16	45199683	88690571	3722	-0.4406
TCGA-02-0074-01A-01D-0196-04	17	29169	28501363	2815	-0.049
TCGA-02-0074-01A-01D-0196-04	17	28509991	29882787	139	-0.2167
TCGA-02-0074-01A-01D-0196-04	17	29900284	31456645	176	-0.071
TCGA-02-0074-01A-01D-0196-04	17	31461588	31504564	5	0.4179
TCGA-02-0074-01A-01D-0196-04	17	31889297	31891535	2	NA
TCGA-02-0074-01A-01D-0196-04	17	31897238	41566540	1119	-0.0231
TCGA-02-0074-01A-01D-0196-04	17	41577520	41841187	10	0.2776
TCGA-02-0074-01A-01D-0196-04	17	41983407	42898150	85	-0.042
TCGA-02-0074-01A-01D-0196-04	17	42906929	42975134	2	0.5889
TCGA-02-0074-01A-01D-0196-04	17	42995220	78653545	3304	-0.055
TCGA-02-0074-01A-01D-0196-04	18	4316	4648053	428	0.0499
TCGA-02-0074-01A-01D-0196-04	18	4664270	4811357	11	-0.176
TCGA-02-0074-01A-01D-0196-04	18	4823412	76110964	5335	0.0222
TCGA-02-0074-01A-01D-0196-04	19	64418	13566709	1603	0.1
TCGA-02-0074-01A-01D-0196-04	19	13596570	13720694	7	0.7002
TCGA-02-0074-01A-01D-0196-04	19	13726338	59487170	3834	0.0944
TCGA-02-0074-01A-01D-0196-04	19	59492650	59497049	2	-0.7436
TCGA-02-0074-01A-01D-0196-04	19	59502178	63784327	531	0.0457
TCGA-02-0074-01A-01D-0196-04	2	20341	17056219	1223	-0.3503
TCGA-02-0074-01A-01D-0196-04	2	17074335	25357856	556	-1.0413
TCGA-02-0074-01A-01D-0196-04	2	25371870	89879264	5215	-0.2885
TCGA-02-0074-01A-01D-0196-04	2	89889099	94785814	23	-0.0773
TCGA-02-0074-01A-01D-0196-04	2	94794245	94892766	5	0.1998
TCGA-02-0074-01A-01D-0196-04	2	94896405	94912517	4	-0.1377
TCGA-02-0074-01A-01D-0196-04	2	94920265	110206301	1145	-0.304
TCGA-02-0074-01A-01D-0196-04	2	110219766	111085301	19	0.2447
TCGA-02-0074-01A-01D-0196-04	2	111108666	113884346	257	-0.3066
TCGA-02-0074-01A-01D-0196-04	2	113911006	114037136	4	0.1195
TCGA-02-0074-01A-01D-0196-04	2	114146308	182257742	5000	-0.3113
TCGA-02-0074-01A-01D-0196-04	2	182272213	182474874	10	0.1411
TCGA-02-0074-01A-01D-0196-04	2	182486861	242717016	5073	-0.2981
TCGA-02-0074-01A-01D-0196-04	20	8747	62379059	5331	0.0482
TCGA-02-0074-01A-01D-0196-04	21	9896630	10013263	9	-0.1909
TCGA-02-0074-01A-01D-0196-04	21	10022306	10117898	8	0.3807
TCGA-02-0074-01A-01D-0196-04	21	10134435	14258259	28	0.0547
TCGA-02-0074-01A-01D-0196-04	21	14294323	46914686	3317	-0.1168
TCGA-02-0074-01A-01D-0196-04	22	14504218	21793064	691	0.08
TCGA-02-0074-01A-01D-0196-04	22	21798269	21933430	21	0.4924
TCGA-02-0074-01A-01D-0196-04	22	21935826	22681995	109	0.0898
TCGA-02-0074-01A-01D-0196-04	22	22686690	22725305	8	0.478
TCGA-02-0074-01A-01D-0196-04	22	22731196	36837438	1656	0.0829
TCGA-02-0074-01A-01D-0196-04	22	36848760	37004044	24	0.6496
TCGA-02-0074-01A-01D-0196-04	22	37010204	49565816	1570	0.0565
TCGA-02-0074-01A-01D-0196-04	23	2710316	52909690	4029	0.9127
TCGA-02-0074-01A-01D-0196-04	23	52916249	52966148	4	0.1703
TCGA-02-0074-01A-01D-0196-04	23	52971245	88340209	2085	0.914
TCGA-02-0074-01A-01D-0196-04	23	88514592	92184315	105	0.6182
TCGA-02-0074-01A-01D-0196-04	23	92263775	99732223	360	0.9087
TCGA-02-0074-01A-01D-0196-04	23	99735646	99744995	3	0.011
TCGA-02-0074-01A-01D-0196-04	23	99748633	152602982	4102	0.9005
TCGA-02-0074-01A-01D-0196-04	23	152611048	152793677	31	0.5328
TCGA-02-0074-01A-01D-0196-04	23	152799575	153127027	51	0.8299
TCGA-02-0074-01A-01D-0196-04	23	153158679	153158822	2	-0.4266
TCGA-02-0074-01A-01D-0196-04	23	153176364	153542123	59	0.6821
TCGA-02-0074-01A-01D-0196-04	23	153555953	154037006	61	0.8911
TCGA-02-0074-01A-01D-0196-04	23	154050185	154078819	3	1.5161
TCGA-02-0074-01A-01D-0196-04	23	154086636	154582414	43	0.8699
TCGA-02-0074-01A-01D-0196-04	24	2710450	3219184	57	-3.8243
TCGA-02-0074-01A-01D-0196-04	24	3223585	3223585	1	NA
TCGA-02-0074-01A-01D-0196-04	24	3318461	3894117	22	-0.4476
TCGA-02-0074-01A-01D-0196-04	24	3944956	4846477	27	-1.4149
TCGA-02-0074-01A-01D-0196-04	24	4869078	6652868	46	-0.7188
TCGA-02-0074-01A-01D-0196-04	24	6696721	6806404	14	-4.1797
TCGA-02-0074-01A-01D-0196-04	24	6811771	7286542	81	-2.9823
TCGA-02-0074-01A-01D-0196-04	24	7289497	7631265	24	-4.5321
TCGA-02-0074-01A-01D-0196-04	24	7645171	7688250	11	-1.712
TCGA-02-0074-01A-01D-0196-04	24	7693408	7723783	7	-3.9206
TCGA-02-0074-01A-01D-0196-04	24	7726934	7802397	15	-1.7366
TCGA-02-0074-01A-01D-0196-04	24	7806605	8186454	59	-4.1403
TCGA-02-0074-01A-01D-0196-04	24	8194312	8823361	90	-3.3301
TCGA-02-0074-01A-01D-0196-04	24	8828716	9132086	18	-5.096
TCGA-02-0074-01A-01D-0196-04	24	9145335	10260135	22	-2.9092
TCGA-02-0074-01A-01D-0196-04	24	10379512	10511255	8	-5.821
TCGA-02-0074-01A-01D-0196-04	24	10537808	10537808	1	NA
TCGA-02-0074-01A-01D-0196-04	24	10578072	12598397	22	-0.8625
TCGA-02-0074-01A-01D-0196-04	24	12604268	14352278	179	-3.8606
TCGA-02-0074-01A-01D-0196-04	24	14356069	17170574	228	-3.2704
TCGA-02-0074-01A-01D-0196-04	24	17181456	17482749	20	-4.4986
TCGA-02-0074-01A-01D-0196-04	24	17492482	17530333	4	-0.9692
TCGA-02-0074-01A-01D-0196-04	24	17544651	17544651	1	NA
TCGA-02-0074-01A-01D-0196-04	24	17557953	22930737	305	-3.9416
TCGA-02-0074-01A-01D-0196-04	24	23283689	26968533	14	-1.2753
TCGA-02-0074-01A-01D-0196-04	24	26972181	26980386	2	NA
TCGA-02-0074-01A-01D-0196-04	24	26984336	57440809	15	-0.2005
TCGA-02-0074-01A-01D-0196-04	3	39066	135770220	10820	0.0429
TCGA-02-0074-01A-01D-0196-04	3	135780733	135810223	4	-0.3596
TCGA-02-0074-01A-01D-0196-04	3	135818867	163987457	2132	0.0506
TCGA-02-0074-01A-01D-0196-04	3	163997228	164101776	8	-4.5832
TCGA-02-0074-01A-01D-0196-04	3	164112873	181330579	1266	0.0532
TCGA-02-0074-01A-01D-0196-04	3	181381974	181447315	2	0.8075
TCGA-02-0074-01A-01D-0196-04	3	181504851	196933317	1386	0.0774
TCGA-02-0074-01A-01D-0196-04	3	196942158	196958467	5	0.6161
TCGA-02-0074-01A-01D-0196-04	3	196968244	199379566	263	0.1133
TCGA-02-0074-01A-01D-0196-04	4	41413	49276565	3497	0.0671
TCGA-02-0074-01A-01D-0196-04	4	52383858	52383858	1	NA
TCGA-02-0074-01A-01D-0196-04	4	52395837	55453832	266	3.9107
TCGA-02-0074-01A-01D-0196-04	4	55487675	59190533	245	0.5177
TCGA-02-0074-01A-01D-0196-04	4	59211236	68499428	451	0.0665
TCGA-02-0074-01A-01D-0196-04	4	68504714	68511739	2	-0.5917
TCGA-02-0074-01A-01D-0196-04	4	68530854	68905670	39	0.0485
TCGA-02-0074-01A-01D-0196-04	4	69057735	69165814	11	-0.4556
TCGA-02-0074-01A-01D-0196-04	4	69643272	191173837	8841	0.069
TCGA-02-0074-01A-01D-0196-04	5	75149	21966989	1567	-0.1362
TCGA-02-0074-01A-01D-0196-04	5	21979223	22038375	6	0.5121
TCGA-02-0074-01A-01D-0196-04	5	22056803	55882800	2070	-0.082
TCGA-02-0074-01A-01D-0196-04	5	55913669	56048895	7	0.5122
TCGA-02-0074-01A-01D-0196-04	5	56085049	68868713	980	-0.0646
TCGA-02-0074-01A-01D-0196-04	5	69274433	70693444	8	0.8107
TCGA-02-0074-01A-01D-0196-04	5	70698794	133515237	4458	-0.0768
TCGA-02-0074-01A-01D-0196-04	5	133521458	134145644	78	0.0666
TCGA-02-0074-01A-01D-0196-04	5	134153840	180644810	4070	-0.0754
TCGA-02-0074-01A-01D-0196-04	6	97634	174815	7	-0.3529
TCGA-02-0074-01A-01D-0196-04	6	204528	320890	12	-0.7872
TCGA-02-0074-01A-01D-0196-04	6	334423	29975388	2554	-0.2549
TCGA-02-0074-01A-01D-0196-04	6	29981930	30010234	4	-0.7435
TCGA-02-0074-01A-01D-0196-04	6	30021894	32586131	388	-0.2013
TCGA-02-0074-01A-01D-0196-04	6	32595402	32629848	4	-2.1214
TCGA-02-0074-01A-01D-0196-04	6	32634044	32634044	1	NA
TCGA-02-0074-01A-01D-0196-04	6	32654432	32672983	3	-0.7294
TCGA-02-0074-01A-01D-0196-04	6	32683958	57445834	2387	-0.2484
TCGA-02-0074-01A-01D-0196-04	6	57456626	57704050	22	-0.0316
TCGA-02-0074-01A-01D-0196-04	6	57724750	170867396	7883	-0.2658
TCGA-02-0074-01A-01D-0196-04	7	140213	38259147	3337	0.2904
TCGA-02-0074-01A-01D-0196-04	7	38262701	38312900	10	0.6043
TCGA-02-0074-01A-01D-0196-04	7	38318910	133414697	7419	0.2996
TCGA-02-0074-01A-01D-0196-04	7	133439454	133447868	2	-1.1872
TCGA-02-0074-01A-01D-0196-04	7	133459759	139607331	578	0.3297
TCGA-02-0074-01A-01D-0196-04	7	139615475	140344464	85	0.5378
TCGA-02-0074-01A-01D-0196-04	7	140348443	140348443	1	NA
TCGA-02-0074-01A-01D-0196-04	7	140356895	158811268	1809	0.2786
TCGA-02-0074-01A-01D-0196-04	8	63810	7040596	627	-0.016
TCGA-02-0074-01A-01D-0196-04	8	7256229	8140070	10	-0.2683
TCGA-02-0074-01A-01D-0196-04	8	8148437	39341524	2532	0.0363
TCGA-02-0074-01A-01D-0196-04	8	39356595	39505256	20	-0.4505
TCGA-02-0074-01A-01D-0196-04	8	39511632	146264846	7771	0.031
TCGA-02-0074-01A-01D-0196-04	9	153131	71281397	3243	0.0406
TCGA-02-0074-01A-01D-0196-04	9	71288892	71304203	3	-0.9181
TCGA-02-0074-01A-01D-0196-04	9	71316891	140193674	6156	0.0449
TCGA-02-0074-01A-01D-0196-04	9	140241876	140241876	1	NA
