barcode	chromosome	start	stop	num.mark	seg.mean
TCGA-12-0656-10A-01D-0334-04	1	554268	72533856	6797	0.0045
TCGA-12-0656-10A-01D-0334-04	1	72550248	72568009	2	0.6777
TCGA-12-0656-10A-01D-0334-04	1	72602597	103899771	2214	0.0062
TCGA-12-0656-10A-01D-0334-04	1	103909053	103956767	5	0.4679
TCGA-12-0656-10A-01D-0334-04	1	103965227	150836484	1875	0.0028
TCGA-12-0656-10A-01D-0334-04	1	150839754	150848509	3	1.5555
TCGA-12-0656-10A-01D-0334-04	1	150852858	195048208	3878	8e-04
TCGA-12-0656-10A-01D-0334-04	1	195062024	195158232	11	-0.7406
TCGA-12-0656-10A-01D-0334-04	1	195165228	246433956	4373	-0.0032
TCGA-12-0656-10A-01D-0334-04	1	246442698	246755225	42	0.1874
TCGA-12-0656-10A-01D-0334-04	1	246794522	246862029	11	-0.75
TCGA-12-0656-10A-01D-0334-04	1	246874992	247190718	34	-0.0065
TCGA-12-0656-10A-01D-0334-04	10	115544	135356671	11035	-0.0011
TCGA-12-0656-10A-01D-0334-04	11	182372	25561757	2432	0.0037
TCGA-12-0656-10A-01D-0334-04	11	25572088	25579086	2	-1.7693
TCGA-12-0656-10A-01D-0334-04	11	25591933	49655667	1691	0.0067
TCGA-12-0656-10A-01D-0334-04	11	49671561	49688842	2	-0.67
TCGA-12-0656-10A-01D-0334-04	11	49735553	55118214	88	-0.0074
TCGA-12-0656-10A-01D-0334-04	11	55124730	55207305	13	0.4065
TCGA-12-0656-10A-01D-0334-04	11	55225136	70505018	1886	0.0049
TCGA-12-0656-10A-01D-0334-04	11	70513116	70552702	6	-0.3931
TCGA-12-0656-10A-01D-0334-04	11	70559370	134432265	5315	0.0018
TCGA-12-0656-10A-01D-0334-04	12	33854	7865499	859	-0.008
TCGA-12-0656-10A-01D-0334-04	12	7876756	8009244	15	0.6739
TCGA-12-0656-10A-01D-0334-04	12	8036400	9452803	141	-0.0017
TCGA-12-0656-10A-01D-0334-04	12	9528590	9585156	3	0.9747
TCGA-12-0656-10A-01D-0334-04	12	9613074	11393473	208	-8e-04
TCGA-12-0656-10A-01D-0334-04	12	11404653	11444721	5	-0.8398
TCGA-12-0656-10A-01D-0334-04	12	11466807	85211194	5951	0.0073
TCGA-12-0656-10A-01D-0334-04	12	85219810	85227102	2	-0.8607
TCGA-12-0656-10A-01D-0334-04	12	85235506	132289090	3983	0.0021
TCGA-12-0656-10A-01D-0334-04	13	18065953	114123862	7652	0.0014
TCGA-12-0656-10A-01D-0334-04	14	18149473	19490630	40	-0.2144
TCGA-12-0656-10A-01D-0334-04	14	19497023	20418299	154	-0.0182
TCGA-12-0656-10A-01D-0334-04	14	20423918	20477376	9	-0.8683
TCGA-12-0656-10A-01D-0334-04	14	20481680	21448635	151	-0.0053
TCGA-12-0656-10A-01D-0334-04	14	21457258	22046097	73	0.1814
TCGA-12-0656-10A-01D-0334-04	14	22052799	106349756	7769	0.0039
TCGA-12-0656-10A-01D-0334-04	15	18362555	18683110	8	0.1102
TCGA-12-0656-10A-01D-0334-04	15	18722595	19427350	39	-0.1495
TCGA-12-0656-10A-01D-0334-04	15	19435500	20079935	29	-0.562
TCGA-12-0656-10A-01D-0334-04	15	20220416	22038880	108	-0.0396
TCGA-12-0656-10A-01D-0334-04	15	22055553	22289273	8	-0.3113
TCGA-12-0656-10A-01D-0334-04	15	22329016	41638388	1861	-0.0025
TCGA-12-0656-10A-01D-0334-04	15	41676219	41682937	2	0.7236
TCGA-12-0656-10A-01D-0334-04	15	41683257	100282819	5953	-0.002
TCGA-12-0656-10A-01D-0334-04	16	28087	32004586	2979	0.0012
TCGA-12-0656-10A-01D-0334-04	16	32105104	32553402	9	0.5096
TCGA-12-0656-10A-01D-0334-04	16	32561819	33495501	19	0.1493
TCGA-12-0656-10A-01D-0334-04	16	33507497	33539023	5	0.4729
TCGA-12-0656-10A-01D-0334-04	16	33758082	68679377	1900	0.0045
TCGA-12-0656-10A-01D-0334-04	16	68706240	68751390	6	-0.3533
TCGA-12-0656-10A-01D-0334-04	16	68754234	70643051	215	-0.0048
TCGA-12-0656-10A-01D-0334-04	16	70647078	70653499	2	NA
TCGA-12-0656-10A-01D-0334-04	16	70664807	70665355	2	0.7119
TCGA-12-0656-10A-01D-0334-04	16	70669168	88690571	1657	-0.0066
TCGA-12-0656-10A-01D-0334-04	17	29169	41527705	4251	0.0053
TCGA-12-0656-10A-01D-0334-04	17	41533641	42049540	17	-0.4578
TCGA-12-0656-10A-01D-0334-04	17	42142363	42906929	84	-0.0155
TCGA-12-0656-10A-01D-0334-04	17	42975134	43019545	4	0.5355
TCGA-12-0656-10A-01D-0334-04	17	43027760	78653545	3301	0.0059
TCGA-12-0656-10A-01D-0334-04	18	4316	76110964	5774	-0.0051
TCGA-12-0656-10A-01D-0334-04	19	64418	63784327	5977	0.0102
TCGA-12-0656-10A-01D-0334-04	2	20341	242717016	18534	4e-04
TCGA-12-0656-10A-01D-0334-04	20	8747	1499034	190	1e-04
TCGA-12-0656-10A-01D-0334-04	20	1506379	1528899	3	-0.5576
TCGA-12-0656-10A-01D-0334-04	20	1539155	62379059	5138	-0.0051
TCGA-12-0656-10A-01D-0334-04	21	9896630	46905280	3361	-0.0023
TCGA-12-0656-10A-01D-0334-04	21	46914686	46914686	1	NA
TCGA-12-0656-10A-01D-0334-04	22	14504218	22246301	747	0.0043
TCGA-12-0656-10A-01D-0334-04	22	22250429	22304097	11	0.366
TCGA-12-0656-10A-01D-0334-04	22	22309303	49565816	3321	7e-04
TCGA-12-0656-10A-01D-0334-04	23	2710316	3268345	62	0.617
TCGA-12-0656-10A-01D-0334-04	23	3277622	88297542	6055	0.7896
TCGA-12-0656-10A-01D-0334-04	23	88340209	90168286	28	0.5639
TCGA-12-0656-10A-01D-0334-04	23	90188324	90865947	25	0.8738
TCGA-12-0656-10A-01D-0334-04	23	90917565	91300737	18	0.3921
TCGA-12-0656-10A-01D-0334-04	23	91315210	91425227	11	0.8952
TCGA-12-0656-10A-01D-0334-04	23	91445574	92184315	24	0.3423
TCGA-12-0656-10A-01D-0334-04	23	92263775	154582414	4715	0.7818
TCGA-12-0656-10A-01D-0334-04	24	2710450	3223585	58	-2.0565
TCGA-12-0656-10A-01D-0334-04	24	3318461	6652868	95	-0.5107
TCGA-12-0656-10A-01D-0334-04	24	6696721	7821580	155	-1.5686
TCGA-12-0656-10A-01D-0334-04	24	7828009	8306715	77	-2.2936
TCGA-12-0656-10A-01D-0334-04	24	8311405	8695195	55	-1.2894
TCGA-12-0656-10A-01D-0334-04	24	8701183	8935134	25	-2.4001
TCGA-12-0656-10A-01D-0334-04	24	8956792	10397038	31	-1.2957
TCGA-12-0656-10A-01D-0334-04	24	10408456	10511255	6	-2.9914
TCGA-12-0656-10A-01D-0334-04	24	10537808	12696422	33	-0.6626
TCGA-12-0656-10A-01D-0334-04	24	12715696	14342834	168	-2.1057
TCGA-12-0656-10A-01D-0334-04	24	14352278	16387273	183	-1.6978
TCGA-12-0656-10A-01D-0334-04	24	16399608	16492450	7	-3.4758
TCGA-12-0656-10A-01D-0334-04	24	16506525	19673058	129	-1.8304
TCGA-12-0656-10A-01D-0334-04	24	19677645	24685322	242	-2.1705
TCGA-12-0656-10A-01D-0334-04	24	24754207	57440809	29	-0.6886
TCGA-12-0656-10A-01D-0334-04	3	39066	62631056	5652	0.003
TCGA-12-0656-10A-01D-0334-04	3	62639785	62665528	3	-0.6821
TCGA-12-0656-10A-01D-0334-04	3	62677369	163987457	7301	0.0011
TCGA-12-0656-10A-01D-0334-04	3	163997228	164101776	8	-1.6985
TCGA-12-0656-10A-01D-0334-04	3	164112873	174680830	764	0.0092
TCGA-12-0656-10A-01D-0334-04	3	174692778	174698473	2	-0.8205
TCGA-12-0656-10A-01D-0334-04	3	174704469	199379566	2156	0.0034
TCGA-12-0656-10A-01D-0334-04	4	41413	86115928	5952	0.0028
TCGA-12-0656-10A-01D-0334-04	4	86124342	86148373	3	-0.827
TCGA-12-0656-10A-01D-0334-04	4	86160941	191173837	7398	0.0044
TCGA-12-0656-10A-01D-0334-04	5	75149	150166447	10798	0.001
TCGA-12-0656-10A-01D-0334-04	5	150185190	150201145	2	-1.156
TCGA-12-0656-10A-01D-0334-04	5	150209789	180644810	2444	-0.005
TCGA-12-0656-10A-01D-0334-04	6	97634	19744465	1625	-0.0115
TCGA-12-0656-10A-01D-0334-04	6	19759389	19795770	2	-0.6458
TCGA-12-0656-10A-01D-0334-04	6	19822204	29939288	943	-0.001
TCGA-12-0656-10A-01D-0334-04	6	29950805	30031367	10	0.3416
TCGA-12-0656-10A-01D-0334-04	6	30040917	170867396	10685	2e-04
TCGA-12-0656-10A-01D-0334-04	7	140213	4030401	413	0.0018
TCGA-12-0656-10A-01D-0334-04	7	4042651	4049103	2	-0.8464
TCGA-12-0656-10A-01D-0334-04	7	4057983	75885498	5425	4e-04
TCGA-12-0656-10A-01D-0334-04	7	75893817	76442283	22	0.2729
TCGA-12-0656-10A-01D-0334-04	7	76461301	125193324	4104	0.0068
TCGA-12-0656-10A-01D-0334-04	7	125243154	125358626	4	-0.8942
TCGA-12-0656-10A-01D-0334-04	7	125397290	143514962	1845	0.0057
TCGA-12-0656-10A-01D-0334-04	7	143582864	143584350	3	-0.5545
TCGA-12-0656-10A-01D-0334-04	7	143705425	158811268	1423	-0.0108
TCGA-12-0656-10A-01D-0334-04	8	63810	39341524	3169	-0.0095
TCGA-12-0656-10A-01D-0334-04	8	39356595	39505256	20	0.5088
TCGA-12-0656-10A-01D-0334-04	8	39511632	52236520	658	1e-04
TCGA-12-0656-10A-01D-0334-04	8	52264458	52312263	3	-0.6019
TCGA-12-0656-10A-01D-0334-04	8	52327368	146264846	7110	0.0036
TCGA-12-0656-10A-01D-0334-04	9	153131	114411556	6650	6e-04
TCGA-12-0656-10A-01D-0334-04	9	114419327	114628138	25	0.503
TCGA-12-0656-10A-01D-0334-04	9	114635317	140193674	2727	0.0019
TCGA-12-0656-10A-01D-0334-04	9	140241876	140241876	1	NA
