barcode	chromosome	start	stop	num.mark	seg.mean
TCGA-08-0522-01A-01D-0276-04	1	554268	16807713	1590	-0.0692
TCGA-08-0522-01A-01D-0276-04	1	16820714	16964267	11	-0.543
TCGA-08-0522-01A-01D-0276-04	1	17082119	25457903	832	-0.0689
TCGA-08-0522-01A-01D-0276-04	1	25482036	25536086	6	-0.8179
TCGA-08-0522-01A-01D-0276-04	1	25541997	83420365	5032	-0.0725
TCGA-08-0522-01A-01D-0276-04	1	83441975	83695596	11	0.2359
TCGA-08-0522-01A-01D-0276-04	1	83737764	110023268	1910	-0.0737
TCGA-08-0522-01A-01D-0276-04	1	110033832	110041428	2	-0.7405
TCGA-08-0522-01A-01D-0276-04	1	110057882	143250692	936	-0.0765
TCGA-08-0522-01A-01D-0276-04	1	143623628	143775908	15	0.1203
TCGA-08-0522-01A-01D-0276-04	1	143787504	150819451	546	-0.0624
TCGA-08-0522-01A-01D-0276-04	1	150823073	150848509	5	-1.6556
TCGA-08-0522-01A-01D-0276-04	1	150852858	151027357	32	-0.0839
TCGA-08-0522-01A-01D-0276-04	1	151033188	151036435	2	-5.6555
TCGA-08-0522-01A-01D-0276-04	1	151040463	167483267	1780	-0.0752
TCGA-08-0522-01A-01D-0276-04	1	167493768	167523140	3	-0.6484
TCGA-08-0522-01A-01D-0276-04	1	167538962	194978218	2055	-0.0817
TCGA-08-0522-01A-01D-0276-04	1	195005520	195026703	3	-0.9635
TCGA-08-0522-01A-01D-0276-04	1	195033552	246427528	4386	-0.0791
TCGA-08-0522-01A-01D-0276-04	1	246433956	246433956	1	NA
TCGA-08-0522-01A-01D-0276-04	1	246442698	246805521	45	0.0774
TCGA-08-0522-01A-01D-0276-04	1	246812523	247190718	42	-0.0587
TCGA-08-0522-01A-01D-0276-04	10	115544	741998	69	-0.4975
TCGA-08-0522-01A-01D-0276-04	10	756300	789830	4	-0.0028
TCGA-08-0522-01A-01D-0276-04	10	806569	38669536	3096	-0.4723
TCGA-08-0522-01A-01D-0276-04	10	38682265	42175348	12	-0.0444
TCGA-08-0522-01A-01D-0276-04	10	42184626	45520815	252	-0.4684
TCGA-08-0522-01A-01D-0276-04	10	45534651	47025997	29	-0.266
TCGA-08-0522-01A-01D-0276-04	10	47060942	50546616	201	-0.4591
TCGA-08-0522-01A-01D-0276-04	10	50559521	50721556	18	-0.0468
TCGA-08-0522-01A-01D-0276-04	10	50764988	51264997	19	-0.4494
TCGA-08-0522-01A-01D-0276-04	10	51306200	135356671	7335	-0.0805
TCGA-08-0522-01A-01D-0276-04	11	182372	134432265	11435	-0.0749
TCGA-08-0522-01A-01D-0276-04	12	33854	9452803	1015	-0.0684
TCGA-08-0522-01A-01D-0276-04	12	9528590	9554149	2	-5.6373
TCGA-08-0522-01A-01D-0276-04	12	9585156	10457163	116	-0.077
TCGA-08-0522-01A-01D-0276-04	12	10464018	10484956	4	-0.6996
TCGA-08-0522-01A-01D-0276-04	12	10493984	31162891	1685	-0.0804
TCGA-08-0522-01A-01D-0276-04	12	31173065	31284231	7	0.4319
TCGA-08-0522-01A-01D-0276-04	12	31314993	132289090	8338	-0.0754
TCGA-08-0522-01A-01D-0276-04	13	18065953	20636816	262	0.0623
TCGA-08-0522-01A-01D-0276-04	13	20640457	20644471	2	0.9252
TCGA-08-0522-01A-01D-0276-04	13	20649522	56610886	3285	0.0536
TCGA-08-0522-01A-01D-0276-04	13	56645552	56770498	8	0.3885
TCGA-08-0522-01A-01D-0276-04	13	56792837	114123862	4095	0.0489
TCGA-08-0522-01A-01D-0276-04	14	18149473	19216369	10	-0.2045
TCGA-08-0522-01A-01D-0276-04	14	19268776	19490630	30	-0.6762
TCGA-08-0522-01A-01D-0276-04	14	19497023	21505880	321	0.0649
TCGA-08-0522-01A-01D-0276-04	14	21511829	22034704	65	0.3223
TCGA-08-0522-01A-01D-0276-04	14	22046097	73060301	4564	0.0659
TCGA-08-0522-01A-01D-0276-04	14	73071404	73092018	4	0.6921
TCGA-08-0522-01A-01D-0276-04	14	73104572	105118885	3069	0.0642
TCGA-08-0522-01A-01D-0276-04	14	105128688	105239424	12	-0.5127
TCGA-08-0522-01A-01D-0276-04	14	105246206	105594189	40	0.0443
TCGA-08-0522-01A-01D-0276-04	14	105602756	105623070	3	-3.4451
TCGA-08-0522-01A-01D-0276-04	14	105630089	105946993	33	-0.0464
TCGA-08-0522-01A-01D-0276-04	14	105962305	106002179	6	-0.6893
TCGA-08-0522-01A-01D-0276-04	14	106017453	106349756	39	0.1646
TCGA-08-0522-01A-01D-0276-04	15	18362555	22055553	185	0.063
TCGA-08-0522-01A-01D-0276-04	15	22077517	22272781	6	-0.6947
TCGA-08-0522-01A-01D-0276-04	15	22289273	100282819	7817	0.0763
TCGA-08-0522-01A-01D-0276-04	16	28087	362131	55	0.0847
TCGA-08-0522-01A-01D-0276-04	16	369097	373220	2	-0.7343
TCGA-08-0522-01A-01D-0276-04	16	379324	32748349	2934	0.071
TCGA-08-0522-01A-01D-0276-04	16	33205648	33539023	21	-0.2061
TCGA-08-0522-01A-01D-0276-04	16	33758082	68667006	1899	0.069
TCGA-08-0522-01A-01D-0276-04	16	68679377	68754234	8	0.5082
TCGA-08-0522-01A-01D-0276-04	16	68795079	72917554	383	0.0728
TCGA-08-0522-01A-01D-0276-04	16	72933295	72964783	4	0.5731
TCGA-08-0522-01A-01D-0276-04	16	73012768	88690571	1488	0.0745
TCGA-08-0522-01A-01D-0276-04	17	29169	15414315	1594	-0.4399
TCGA-08-0522-01A-01D-0276-04	17	15423538	16521872	102	-0.2451
TCGA-08-0522-01A-01D-0276-04	17	16578627	16663504	3	0.2322
TCGA-08-0522-01A-01D-0276-04	17	16698289	16923190	20	-0.2272
TCGA-08-0522-01A-01D-0276-04	17	16930442	16930442	1	NA
TCGA-08-0522-01A-01D-0276-04	17	16937179	19850604	271	0.0541
TCGA-08-0522-01A-01D-0276-04	17	19866374	22129889	148	-0.2309
TCGA-08-0522-01A-01D-0276-04	17	22142513	22324326	3	0.3727
TCGA-08-0522-01A-01D-0276-04	17	22342766	23149889	61	-0.2219
TCGA-08-0522-01A-01D-0276-04	17	23163556	24460020	169	0.0661
TCGA-08-0522-01A-01D-0276-04	17	24473367	31456645	758	-0.2425
TCGA-08-0522-01A-01D-0276-04	17	31461588	31486540	4	-0.7538
TCGA-08-0522-01A-01D-0276-04	17	31504564	38382456	766	-0.2375
TCGA-08-0522-01A-01D-0276-04	17	38388066	38843015	43	0.0737
TCGA-08-0522-01A-01D-0276-04	17	38848171	39567413	86	-0.2311
TCGA-08-0522-01A-01D-0276-04	17	39577910	78653545	3628	0.0881
TCGA-08-0522-01A-01D-0276-04	18	4316	14956006	1279	0.1801
TCGA-08-0522-01A-01D-0276-04	18	14968075	76110964	4495	-0.2454
TCGA-08-0522-01A-01D-0276-04	19	64418	46032440	3824	0.0693
TCGA-08-0522-01A-01D-0276-04	19	46042726	46063357	4	-0.5645
TCGA-08-0522-01A-01D-0276-04	19	46073325	63784327	2149	0.0647
TCGA-08-0522-01A-01D-0276-04	2	20341	131632129	9571	0.2288
TCGA-08-0522-01A-01D-0276-04	2	131656280	132808398	57	0.0685
TCGA-08-0522-01A-01D-0276-04	2	132815977	173215174	3067	0.2244
TCGA-08-0522-01A-01D-0276-04	2	173233132	173257483	2	-0.47
TCGA-08-0522-01A-01D-0276-04	2	173290436	187714155	1119	0.2244
TCGA-08-0522-01A-01D-0276-04	2	187758371	187832894	4	-0.6525
TCGA-08-0522-01A-01D-0276-04	2	187867949	242717016	4714	0.2276
TCGA-08-0522-01A-01D-0276-04	20	8747	1506379	191	-0.4414
TCGA-08-0522-01A-01D-0276-04	20	1516966	1528899	2	-2.0633
TCGA-08-0522-01A-01D-0276-04	20	1539155	18415363	1453	-0.4705
TCGA-08-0522-01A-01D-0276-04	20	18422702	18464340	6	0.1261
TCGA-08-0522-01A-01D-0276-04	20	18477218	18506878	5	-0.5137
TCGA-08-0522-01A-01D-0276-04	20	18512375	25072070	492	0.0237
TCGA-08-0522-01A-01D-0276-04	20	25088219	25105133	2	-0.7537
TCGA-08-0522-01A-01D-0276-04	20	25116611	62379059	3180	0.0291
TCGA-08-0522-01A-01D-0276-04	21	9896630	10198129	22	-0.2362
TCGA-08-0522-01A-01D-0276-04	21	13334960	46914686	3340	0.0624
TCGA-08-0522-01A-01D-0276-04	22	14504218	14884298	4	-0.6127
TCGA-08-0522-01A-01D-0276-04	22	15019428	15508454	10	-0.0763
TCGA-08-0522-01A-01D-0276-04	22	15528564	22671374	805	-0.4307
TCGA-08-0522-01A-01D-0276-04	22	22677959	22725305	10	0.5184
TCGA-08-0522-01A-01D-0276-04	22	22731196	49565816	3250	-0.4466
TCGA-08-0522-01A-01D-0276-04	23	2710316	154037006	10892	0.0686
TCGA-08-0522-01A-01D-0276-04	23	154050185	154078819	3	0.88
TCGA-08-0522-01A-01D-0276-04	23	154086636	154582414	43	0.0703
TCGA-08-0522-01A-01D-0276-04	24	2710450	2710450	1	NA
TCGA-08-0522-01A-01D-0276-04	24	2713809	57440809	1292	0.0385
TCGA-08-0522-01A-01D-0276-04	3	39066	75799957	6579	0.0732
TCGA-08-0522-01A-01D-0276-04	3	75845446	75896020	5	-0.3224
TCGA-08-0522-01A-01D-0276-04	3	75914406	98180530	1042	0.0563
TCGA-08-0522-01A-01D-0276-04	3	98191800	98213039	3	-0.5152
TCGA-08-0522-01A-01D-0276-04	3	98224484	163987457	5327	0.0716
TCGA-08-0522-01A-01D-0276-04	3	163997228	164101776	8	1.1288
TCGA-08-0522-01A-01D-0276-04	3	164112873	187882442	1833	0.0756
TCGA-08-0522-01A-01D-0276-04	3	187891716	187899237	2	-1.0671
TCGA-08-0522-01A-01D-0276-04	3	187905544	196830270	813	0.0774
TCGA-08-0522-01A-01D-0276-04	3	196904349	196942158	7	-0.6871
TCGA-08-0522-01A-01D-0276-04	3	196943380	199379566	267	0.0796
TCGA-08-0522-01A-01D-0276-04	4	41413	68896316	4500	-0.0826
TCGA-08-0522-01A-01D-0276-04	4	68905670	68905670	1	NA
TCGA-08-0522-01A-01D-0276-04	4	69057735	69165814	11	0.796
TCGA-08-0522-01A-01D-0276-04	4	69643272	70159690	49	-0.0897
TCGA-08-0522-01A-01D-0276-04	4	70184190	70264689	9	-0.6978
TCGA-08-0522-01A-01D-0276-04	4	70296172	191173837	8783	-0.0815
TCGA-08-0522-01A-01D-0276-04	5	75149	69741318	4632	0.062
TCGA-08-0522-01A-01D-0276-04	5	69767948	70345552	3	1.019
TCGA-08-0522-01A-01D-0276-04	5	70422297	180644810	8609	0.0738
TCGA-08-0522-01A-01D-0276-04	6	97634	238441	11	-0.0673
TCGA-08-0522-01A-01D-0276-04	6	252939	320890	8	-0.3664
TCGA-08-0522-01A-01D-0276-04	6	334423	29950805	2552	-0.0816
TCGA-08-0522-01A-01D-0276-04	6	29962849	30010234	6	0.3462
TCGA-08-0522-01A-01D-0276-04	6	30021894	32567382	387	-0.0702
TCGA-08-0522-01A-01D-0276-04	6	32586131	32600962	3	-2.4797
TCGA-08-0522-01A-01D-0276-04	6	32605300	32629848	2	-0.9077
TCGA-08-0522-01A-01D-0276-04	6	32634044	32672983	4	-0.3626
TCGA-08-0522-01A-01D-0276-04	6	32683958	78983276	3535	-0.0795
TCGA-08-0522-01A-01D-0276-04	6	79035891	79079988	3	-1.1659
TCGA-08-0522-01A-01D-0276-04	6	79101978	170867396	6754	-0.0777
TCGA-08-0522-01A-01D-0276-04	7	140213	38259147	3337	0.3524
TCGA-08-0522-01A-01D-0276-04	7	38262701	38343026	13	0.6395
TCGA-08-0522-01A-01D-0276-04	7	38347832	133400864	7415	0.3482
TCGA-08-0522-01A-01D-0276-04	7	133414697	133414697	1	NA
TCGA-08-0522-01A-01D-0276-04	7	133439454	133447868	2	-0.9433
TCGA-08-0522-01A-01D-0276-04	7	133459759	141687978	822	0.3642
TCGA-08-0522-01A-01D-0276-04	7	141705163	141711513	2	-1.4511
TCGA-08-0522-01A-01D-0276-04	7	141720324	142125602	47	0.4191
TCGA-08-0522-01A-01D-0276-04	7	142135117	142178220	8	0.741
TCGA-08-0522-01A-01D-0276-04	7	142178751	143514962	168	0.3506
TCGA-08-0522-01A-01D-0276-04	7	143582864	143584350	3	-0.5244
TCGA-08-0522-01A-01D-0276-04	7	143705425	158811268	1423	0.3463
TCGA-08-0522-01A-01D-0276-04	8	63810	90816	2	0.0434
TCGA-08-0522-01A-01D-0276-04	8	166452	39341524	3167	-0.3967
TCGA-08-0522-01A-01D-0276-04	8	39356595	39356595	1	NA
TCGA-08-0522-01A-01D-0276-04	8	39363050	39505256	19	-0.8307
TCGA-08-0522-01A-01D-0276-04	8	39511632	43452736	349	-0.3955
TCGA-08-0522-01A-01D-0276-04	8	43478243	146264846	7422	-0.1028
TCGA-08-0522-01A-01D-0276-04	9	153131	21875149	1793	0.0719
TCGA-08-0522-01A-01D-0276-04	9	21892814	22136626	26	-1.3252
TCGA-08-0522-01A-01D-0276-04	9	22166172	26246129	181	0.0759
TCGA-08-0522-01A-01D-0276-04	9	26264518	26413210	8	-2.3373
TCGA-08-0522-01A-01D-0276-04	9	26433722	134579586	6699	0.0746
TCGA-08-0522-01A-01D-0276-04	9	134589868	134726890	17	0.3406
TCGA-08-0522-01A-01D-0276-04	9	134732057	140241876	679	0.0744
