barcode	chromosome	start	stop	num.mark	seg.mean
TCGA-28-1757-01A-02D-0592-04	1	554268	554268	1	NA
TCGA-28-1757-01A-02D-0592-04	1	554287	105873580	9074	-0.0122
TCGA-28-1757-01A-02D-0592-04	1	105900548	105931012	2	1.018
TCGA-28-1757-01A-02D-0592-04	1	105951526	150819451	1814	-0.0234
TCGA-28-1757-01A-02D-0592-04	1	150823073	150823073	1	NA
TCGA-28-1757-01A-02D-0592-04	1	150836484	150852858	5	0.8884
TCGA-28-1757-01A-02D-0592-04	1	150857070	246755225	8303	-0.0153
TCGA-28-1757-01A-02D-0592-04	1	246794522	246862029	11	-0.9253
TCGA-28-1757-01A-02D-0592-04	1	246874992	247190718	34	0.0787
TCGA-28-1757-01A-02D-0592-04	10	115544	135356671	11035	-0.6404
TCGA-28-1757-01A-02D-0592-04	11	182372	7762277	950	-0.0325
TCGA-28-1757-01A-02D-0592-04	11	7774067	7783344	3	-1.0776
TCGA-28-1757-01A-02D-0592-04	11	7797993	55118214	3262	-0.0019
TCGA-28-1757-01A-02D-0592-04	11	55124730	55207305	13	-0.7561
TCGA-28-1757-01A-02D-0592-04	11	55225136	134432265	7207	-0.0134
TCGA-28-1757-01A-02D-0592-04	12	33854	33854	1	NA
TCGA-28-1757-01A-02D-0592-04	12	59839	7894681	861	-0.0109
TCGA-28-1757-01A-02D-0592-04	12	7905005	8009244	12	0.6458
TCGA-28-1757-01A-02D-0592-04	12	8036400	50347649	3411	-0.0087
TCGA-28-1757-01A-02D-0592-04	12	50353487	50908947	69	0.3475
TCGA-28-1757-01A-02D-0592-04	12	50914309	132289090	6813	-2e-04
TCGA-28-1757-01A-02D-0592-04	13	18065953	18194527	2	NA
TCGA-28-1757-01A-02D-0592-04	13	18225344	114114513	7649	-0.0129
TCGA-28-1757-01A-02D-0592-04	13	114123862	114123862	1	NA
TCGA-28-1757-01A-02D-0592-04	14	18149473	18187154	2	NA
TCGA-28-1757-01A-02D-0592-04	14	18504575	19216369	8	-0.1871
TCGA-28-1757-01A-02D-0592-04	14	19268776	19490630	30	-0.719
TCGA-28-1757-01A-02D-0592-04	14	19497023	69078818	4510	0.0043
TCGA-28-1757-01A-02D-0592-04	14	69088190	69092211	2	1.1639
TCGA-28-1757-01A-02D-0592-04	14	69098569	105405952	3541	-0.0049
TCGA-28-1757-01A-02D-0592-04	14	105413708	105447369	5	-0.9802
TCGA-28-1757-01A-02D-0592-04	14	105455799	105584008	16	-0.0348
TCGA-28-1757-01A-02D-0592-04	14	105594189	105594189	1	NA
TCGA-28-1757-01A-02D-0592-04	14	105602756	105623070	3	0.6616
TCGA-28-1757-01A-02D-0592-04	14	105630089	105845658	24	-0.0667
TCGA-28-1757-01A-02D-0592-04	14	105857193	105898674	5	-1.4588
TCGA-28-1757-01A-02D-0592-04	14	105907191	106002179	10	-0.4782
TCGA-28-1757-01A-02D-0592-04	14	106017453	106349756	39	0.0525
TCGA-28-1757-01A-02D-0592-04	15	18362555	18683110	8	-0.0289
TCGA-28-1757-01A-02D-0592-04	15	18722595	19786655	43	-0.4546
TCGA-28-1757-01A-02D-0592-04	15	19805960	50185179	2884	-0.0176
TCGA-28-1757-01A-02D-0592-04	15	50191377	52962499	223	-0.6616
TCGA-28-1757-01A-02D-0592-04	15	52995604	95606006	4351	-0.0035
TCGA-28-1757-01A-02D-0592-04	15	95616750	95632390	2	-1.0132
TCGA-28-1757-01A-02D-0592-04	15	95658438	100282819	497	6e-04
TCGA-28-1757-01A-02D-0592-04	16	28087	32378126	2982	-0.0026
TCGA-28-1757-01A-02D-0592-04	16	32481309	34124297	37	-0.3094
TCGA-28-1757-01A-02D-0592-04	16	34129763	88690571	3775	-0.0101
TCGA-28-1757-01A-02D-0592-04	17	29169	41515622	4249	-0.0055
TCGA-28-1757-01A-02D-0592-04	17	41521544	41706870	16	-0.764
TCGA-28-1757-01A-02D-0592-04	17	41841187	65945847	2140	0.006
TCGA-28-1757-01A-02D-0592-04	17	65961831	66014932	4	0.2127
TCGA-28-1757-01A-02D-0592-04	17	66046125	66399706	12	0.7101
TCGA-28-1757-01A-02D-0592-04	17	66421144	78653545	1236	0.2231
TCGA-28-1757-01A-02D-0592-04	18	4316	76110964	5774	-0.006
TCGA-28-1757-01A-02D-0592-04	19	64418	63784327	5977	-0.0204
TCGA-28-1757-01A-02D-0592-04	2	20341	242501239	18498	-0.0051
TCGA-28-1757-01A-02D-0592-04	2	242505261	242677069	33	-0.8441
TCGA-28-1757-01A-02D-0592-04	2	242689978	242717016	3	-0.0971
TCGA-28-1757-01A-02D-0592-04	20	8747	62379059	5331	-0.0059
TCGA-28-1757-01A-02D-0592-04	21	9896630	46914686	3362	-0.0061
TCGA-28-1757-01A-02D-0592-04	22	14504218	49565816	4079	-0.0097
TCGA-28-1757-01A-02D-0592-04	23	2710316	47756715	3595	-0.0028
TCGA-28-1757-01A-02D-0592-04	23	47766391	47845497	12	-4.1232
TCGA-28-1757-01A-02D-0592-04	23	47854239	47871484	3	-0.9631
TCGA-28-1757-01A-02D-0592-04	23	47892993	154037006	7282	-0.007
TCGA-28-1757-01A-02D-0592-04	23	154050185	154078819	3	0.9736
TCGA-28-1757-01A-02D-0592-04	23	154086636	154582414	43	0.0713
TCGA-28-1757-01A-02D-0592-04	24	2710450	2710450	1	NA
TCGA-28-1757-01A-02D-0592-04	24	2713809	57440809	1292	-0.087
TCGA-28-1757-01A-02D-0592-04	3	39066	90391698	7474	-0.0084
TCGA-28-1757-01A-02D-0592-04	3	95021157	96647725	85	-0.5969
TCGA-28-1757-01A-02D-0592-04	3	96684165	96706898	2	0.4651
TCGA-28-1757-01A-02D-0592-04	3	96758354	99541366	211	-0.6451
TCGA-28-1757-01A-02D-0592-04	3	99546714	99664672	14	-0.0171
TCGA-28-1757-01A-02D-0592-04	3	99674814	137873528	3197	-0.6395
TCGA-28-1757-01A-02D-0592-04	3	137879987	138001008	13	0.0637
TCGA-28-1757-01A-02D-0592-04	3	138011269	139637605	102	-0.6044
TCGA-28-1757-01A-02D-0592-04	3	139644492	196917657	4517	0.0046
TCGA-28-1757-01A-02D-0592-04	3	196924340	196958467	8	-0.7162
TCGA-28-1757-01A-02D-0592-04	3	196968244	199379566	263	-0.017
TCGA-28-1757-01A-02D-0592-04	4	41413	39397946	2740	-0.0229
TCGA-28-1757-01A-02D-0592-04	4	39407670	39915634	57	0.6243
TCGA-28-1757-01A-02D-0592-04	4	39934088	55711400	981	-0.025
TCGA-28-1757-01A-02D-0592-04	4	55748494	57080075	109	-0.6447
TCGA-28-1757-01A-02D-0592-04	4	57084559	57123475	6	-0.0985
TCGA-28-1757-01A-02D-0592-04	4	57135388	63358506	319	-0.6638
TCGA-28-1757-01A-02D-0592-04	4	63402428	70130975	348	-0.0295
TCGA-28-1757-01A-02D-0592-04	4	70159690	70299545	12	-0.5984
TCGA-28-1757-01A-02D-0592-04	4	70327740	191173837	8781	-0.0159
TCGA-28-1757-01A-02D-0592-04	5	75149	75149	1	NA
TCGA-28-1757-01A-02D-0592-04	5	90692	739292	73	-0.044
TCGA-28-1757-01A-02D-0592-04	5	745859	848744	10	-0.5495
TCGA-28-1757-01A-02D-0592-04	5	859176	180644810	13160	-0.0042
TCGA-28-1757-01A-02D-0592-04	6	97634	174815	7	-0.2474
TCGA-28-1757-01A-02D-0592-04	6	204528	334423	13	-0.7203
TCGA-28-1757-01A-02D-0592-04	6	341386	341386	1	NA
TCGA-28-1757-01A-02D-0592-04	6	347016	3562506	341	-0.2831
TCGA-28-1757-01A-02D-0592-04	6	3572675	4023607	43	0.4632
TCGA-28-1757-01A-02D-0592-04	6	4033449	32586131	2560	-0.0016
TCGA-28-1757-01A-02D-0592-04	6	32595402	32595402	1	NA
TCGA-28-1757-01A-02D-0592-04	6	32600962	32629848	3	-1.442
TCGA-28-1757-01A-02D-0592-04	6	32634044	32728487	11	-0.4461
TCGA-28-1757-01A-02D-0592-04	6	32732764	40624690	874	-0.016
TCGA-28-1757-01A-02D-0592-04	6	40635070	40701218	8	0.635
TCGA-28-1757-01A-02D-0592-04	6	40747924	165631035	8929	-0.0078
TCGA-28-1757-01A-02D-0592-04	6	165640218	165640218	1	NA
TCGA-28-1757-01A-02D-0592-04	6	165645537	165650610	2	1.4686
TCGA-28-1757-01A-02D-0592-04	6	165657596	170867396	471	0.0016
TCGA-28-1757-01A-02D-0592-04	7	140213	38530597	3371	0.7505
TCGA-28-1757-01A-02D-0592-04	7	38541035	54385716	1188	0.4277
TCGA-28-1757-01A-02D-0592-04	7	54422534	54422534	1	NA
TCGA-28-1757-01A-02D-0592-04	7	54454459	55566190	84	5.0998
TCGA-28-1757-01A-02D-0592-04	7	55573601	62098100	162	0.3916
TCGA-28-1757-01A-02D-0592-04	7	62153588	158811268	8435	0.7446
TCGA-28-1757-01A-02D-0592-04	8	63810	90816	2	0.2489
TCGA-28-1757-01A-02D-0592-04	8	166452	20996100	1623	-0.652
TCGA-28-1757-01A-02D-0592-04	8	21041586	100427949	5770	8e-04
TCGA-28-1757-01A-02D-0592-04	8	100434742	100694092	31	0.5116
TCGA-28-1757-01A-02D-0592-04	8	100706060	146264846	3534	-0.0043
TCGA-28-1757-01A-02D-0592-04	9	153131	153131	1	NA
TCGA-28-1757-01A-02D-0592-04	9	194193	4734770	435	-0.6074
TCGA-28-1757-01A-02D-0592-04	9	4752225	12683407	585	-0.0233
TCGA-28-1757-01A-02D-0592-04	9	12688542	15496545	205	-0.6295
TCGA-28-1757-01A-02D-0592-04	9	15506802	15835641	37	0.0698
TCGA-28-1757-01A-02D-0592-04	9	15838886	19593559	301	-0.6325
TCGA-28-1757-01A-02D-0592-04	9	19605204	22453166	270	-1.8579
TCGA-28-1757-01A-02D-0592-04	9	22462725	39884879	1251	-0.6131
TCGA-28-1757-01A-02D-0592-04	9	40622401	42903050	9	-0.1077
TCGA-28-1757-01A-02D-0592-04	9	43165653	44167273	7	-0.7931
TCGA-28-1757-01A-02D-0592-04	9	44199401	44199401	1	NA
TCGA-28-1757-01A-02D-0592-04	9	44669464	117080840	3845	-0.0073
TCGA-28-1757-01A-02D-0592-04	9	117088762	117547778	29	-0.6712
TCGA-28-1757-01A-02D-0592-04	9	117569516	117663820	3	1.1104
TCGA-28-1757-01A-02D-0592-04	9	117683544	117879180	12	-0.6668
TCGA-28-1757-01A-02D-0592-04	9	117935302	118028264	9	0.9952
TCGA-28-1757-01A-02D-0592-04	9	118037705	119748780	165	-0.6295
TCGA-28-1757-01A-02D-0592-04	9	119793246	119829015	2	1.0818
TCGA-28-1757-01A-02D-0592-04	9	119855145	121114376	54	-0.6201
TCGA-28-1757-01A-02D-0592-04	9	121126124	121126124	1	NA
TCGA-28-1757-01A-02D-0592-04	9	121132212	121199219	9	0.975
TCGA-28-1757-01A-02D-0592-04	9	121248225	122239604	51	-0.6515
TCGA-28-1757-01A-02D-0592-04	9	122249892	122301973	7	0.8468
TCGA-28-1757-01A-02D-0592-04	9	122316240	122676419	43	-0.6004
TCGA-28-1757-01A-02D-0592-04	9	122680317	122793291	14	1.0056
TCGA-28-1757-01A-02D-0592-04	9	122799628	123475001	69	-0.5564
TCGA-28-1757-01A-02D-0592-04	9	123487286	123682575	22	0.9111
TCGA-28-1757-01A-02D-0592-04	9	123690824	123690824	1	NA
TCGA-28-1757-01A-02D-0592-04	9	123699061	124229837	61	-0.6585
TCGA-28-1757-01A-02D-0592-04	9	124248891	124292635	7	0.9044
TCGA-28-1757-01A-02D-0592-04	9	124303611	124692378	61	-0.6128
TCGA-28-1757-01A-02D-0592-04	9	124697736	125047946	46	0.9551
TCGA-28-1757-01A-02D-0592-04	9	125053757	125100087	5	-0.6345
TCGA-28-1757-01A-02D-0592-04	9	125126408	125431907	33	0.9066
TCGA-28-1757-01A-02D-0592-04	9	125437745	126582132	122	-0.6173
TCGA-28-1757-01A-02D-0592-04	9	126591810	126631885	7	1.02
TCGA-28-1757-01A-02D-0592-04	9	126641849	126881915	34	-0.5302
TCGA-28-1757-01A-02D-0592-04	9	126892169	127423806	63	0.9603
TCGA-28-1757-01A-02D-0592-04	9	127437895	128480984	92	-0.67
TCGA-28-1757-01A-02D-0592-04	9	128491580	128491580	1	NA
TCGA-28-1757-01A-02D-0592-04	9	128503047	128618656	8	0.0563
TCGA-28-1757-01A-02D-0592-04	9	128629753	128934340	33	-0.7241
TCGA-28-1757-01A-02D-0592-04	9	128941977	134245813	654	0.0053
TCGA-28-1757-01A-02D-0592-04	9	134251761	134821519	74	-0.6408
TCGA-28-1757-01A-02D-0592-04	9	134831651	135191259	52	0.9245
TCGA-28-1757-01A-02D-0592-04	9	135197574	135197574	1	NA
TCGA-28-1757-01A-02D-0592-04	9	135203474	135222642	5	0.3436
TCGA-28-1757-01A-02D-0592-04	9	135228164	135622529	48	-0.6441
TCGA-28-1757-01A-02D-0592-04	9	135632806	135657125	4	0.7182
TCGA-28-1757-01A-02D-0592-04	9	135664754	135919737	31	-0.6119
TCGA-28-1757-01A-02D-0592-04	9	135927302	136472196	34	0.8824
TCGA-28-1757-01A-02D-0592-04	9	136480963	136924299	49	-0.649
TCGA-28-1757-01A-02D-0592-04	9	136929189	137002392	9	0.8113
TCGA-28-1757-01A-02D-0592-04	9	137027481	140241876	431	-0.039
