barcode	chromosome	start	stop	num.mark	seg.mean
TCGA-32-4208-10A-01D-1227-04	1	554268	72533856	6797	0.0122
TCGA-32-4208-10A-01D-1227-04	1	72550248	72568009	2	-1.797
TCGA-32-4208-10A-01D-1227-04	1	72602597	147134175	3713	0.0012
TCGA-32-4208-10A-01D-1227-04	1	147203277	147965985	14	-0.4435
TCGA-32-4208-10A-01D-1227-04	1	147978622	195048208	4248	0.0037
TCGA-32-4208-10A-01D-1227-04	1	195062024	195067764	2	-1.055
TCGA-32-4208-10A-01D-1227-04	1	195091758	246795223	4426	-0.0025
TCGA-32-4208-10A-01D-1227-04	1	246805521	246862029	9	-0.8135
TCGA-32-4208-10A-01D-1227-04	1	246874992	247190718	34	0.0557
TCGA-32-4208-10A-01D-1227-04	10	115544	135356671	11035	-0.0023
TCGA-32-4208-10A-01D-1227-04	11	182372	55118214	4215	-2e-04
TCGA-32-4208-10A-01D-1227-04	11	55124730	55207305	13	0.5379
TCGA-32-4208-10A-01D-1227-04	11	55225136	134432265	7207	-0.0024
TCGA-32-4208-10A-01D-1227-04	12	33854	9452803	1015	4e-04
TCGA-32-4208-10A-01D-1227-04	12	9528590	9585156	3	1.9001
TCGA-32-4208-10A-01D-1227-04	12	9613074	34341836	2041	0.0048
TCGA-32-4208-10A-01D-1227-04	12	34424331	34647417	2	-1.0339
TCGA-32-4208-10A-01D-1227-04	12	36160215	132289090	8106	0.0048
TCGA-32-4208-10A-01D-1227-04	13	18065953	56650373	3551	-0.0043
TCGA-32-4208-10A-01D-1227-04	13	56658479	56673183	3	-0.8598
TCGA-32-4208-10A-01D-1227-04	13	56691355	114114513	4097	-0.0068
TCGA-32-4208-10A-01D-1227-04	13	114123862	114123862	1	NA
TCGA-32-4208-10A-01D-1227-04	14	18149473	105946993	8151	0.0028
TCGA-32-4208-10A-01D-1227-04	14	105962305	105985458	4	-0.8333
TCGA-32-4208-10A-01D-1227-04	14	105994646	106349756	41	-0.015
TCGA-32-4208-10A-01D-1227-04	15	18362555	19786655	51	-0.1918
TCGA-32-4208-10A-01D-1227-04	15	19805960	100282819	7957	8e-04
TCGA-32-4208-10A-01D-1227-04	16	28087	32512852	2984	0.0077
TCGA-32-4208-10A-01D-1227-04	16	32525705	33533440	27	-0.4213
TCGA-32-4208-10A-01D-1227-04	16	33539023	88690571	3783	-5e-04
TCGA-32-4208-10A-01D-1227-04	17	29169	15548775	1603	0.0073
TCGA-32-4208-10A-01D-1227-04	17	15549649	15552419	2	-1.0466
TCGA-32-4208-10A-01D-1227-04	17	15578406	41566540	2651	0.0184
TCGA-32-4208-10A-01D-1227-04	17	41577520	42049540	12	-0.4814
TCGA-32-4208-10A-01D-1227-04	17	42142363	78653545	3389	0.0106
TCGA-32-4208-10A-01D-1227-04	18	4316	76110964	5774	-0.0108
TCGA-32-4208-10A-01D-1227-04	19	64418	20810051	2418	0.0136
TCGA-32-4208-10A-01D-1227-04	19	20860538	20887746	2	-1.053
TCGA-32-4208-10A-01D-1227-04	19	20894154	63784327	3557	0.0122
TCGA-32-4208-10A-01D-1227-04	2	20341	242717016	18534	-0.0045
TCGA-32-4208-10A-01D-1227-04	20	8747	25072070	2149	-0.0092
TCGA-32-4208-10A-01D-1227-04	20	25088219	25105133	2	-0.9375
TCGA-32-4208-10A-01D-1227-04	20	25116611	25116611	1	NA
TCGA-32-4208-10A-01D-1227-04	20	25127190	62379059	3179	0.0039
TCGA-32-4208-10A-01D-1227-04	21	9896630	46914686	3362	-0.0086
TCGA-32-4208-10A-01D-1227-04	22	14504218	49565816	4079	0.0015
TCGA-32-4208-10A-01D-1227-04	23	2710316	6463313	277	0.0571
TCGA-32-4208-10A-01D-1227-04	23	6467403	6477006	2	-0.904
TCGA-32-4208-10A-01D-1227-04	23	6487238	154582414	10659	0.0693
TCGA-32-4208-10A-01D-1227-04	24	2710450	57440809	1293	0.0571
TCGA-32-4208-10A-01D-1227-04	3	39066	199379566	15886	3e-04
TCGA-32-4208-10A-01D-1227-04	4	41413	191173837	13353	-0.0046
TCGA-32-4208-10A-01D-1227-04	5	75149	68850823	4629	-0.0119
TCGA-32-4208-10A-01D-1227-04	5	68868713	70716278	11	-0.506
TCGA-32-4208-10A-01D-1227-04	5	70721505	180629353	8603	0
TCGA-32-4208-10A-01D-1227-04	5	180644810	180644810	1	NA
TCGA-32-4208-10A-01D-1227-04	6	97634	238441	11	-0.0833
TCGA-32-4208-10A-01D-1227-04	6	252939	341386	10	-0.6507
TCGA-32-4208-10A-01D-1227-04	6	347016	32519935	2941	0.0021
TCGA-32-4208-10A-01D-1227-04	6	32558677	32738443	20	0.3966
TCGA-32-4208-10A-01D-1227-04	6	32745036	78983276	3526	-0.007
TCGA-32-4208-10A-01D-1227-04	6	79035891	79058544	2	-3.6168
TCGA-32-4208-10A-01D-1227-04	6	79079988	79079988	1	NA
TCGA-32-4208-10A-01D-1227-04	6	79101978	170867396	6754	-0.002
TCGA-32-4208-10A-01D-1227-04	7	140213	143514962	11815	-0.001
TCGA-32-4208-10A-01D-1227-04	7	143582864	143584350	3	-1.0192
TCGA-32-4208-10A-01D-1227-04	7	143705425	154684956	998	-0.0226
TCGA-32-4208-10A-01D-1227-04	7	154703853	154711237	2	-1.4155
TCGA-32-4208-10A-01D-1227-04	7	154717463	158811268	423	-0.032
TCGA-32-4208-10A-01D-1227-04	8	63810	12077339	995	-0.0352
TCGA-32-4208-10A-01D-1227-04	8	12276178	12285464	2	-1.0598
TCGA-32-4208-10A-01D-1227-04	8	12448374	39333915	2171	-0.004
TCGA-32-4208-10A-01D-1227-04	8	39341524	39505256	21	0.6833
TCGA-32-4208-10A-01D-1227-04	8	39511632	146264846	7771	-9e-04
TCGA-32-4208-10A-01D-1227-04	9	153131	140241876	9403	-0.0039
