barcode	chromosome	start	stop	num.mark	seg.mean
TCGA-27-1830-10A-01D-0592-04	1	554268	12762774	1273	0.0064
TCGA-27-1830-10A-01D-0592-04	1	12776479	12841351	7	0.5103
TCGA-27-1830-10A-01D-0592-04	1	13065132	150839754	9614	0.0064
TCGA-27-1830-10A-01D-0592-04	1	150844444	150848509	2	1.3575
TCGA-27-1830-10A-01D-0592-04	1	150852858	151027357	32	0.0146
TCGA-27-1830-10A-01D-0592-04	1	151033188	151036435	2	-5.1448
TCGA-27-1830-10A-01D-0592-04	1	151040463	247190718	8315	-0.0024
TCGA-27-1830-10A-01D-0592-04	10	115544	135356671	11035	-0.003
TCGA-27-1830-10A-01D-0592-04	11	182372	182372	1	NA
TCGA-27-1830-10A-01D-0592-04	11	186966	18896166	1986	-0.0043
TCGA-27-1830-10A-01D-0592-04	11	18906505	18915871	2	-1.0628
TCGA-27-1830-10A-01D-0592-04	11	18929375	55118214	2226	0.0052
TCGA-27-1830-10A-01D-0592-04	11	55124730	55207305	13	-0.7189
TCGA-27-1830-10A-01D-0592-04	11	55225136	134432265	7207	0.0021
TCGA-27-1830-10A-01D-0592-04	12	33854	132289090	11167	0.0029
TCGA-27-1830-10A-01D-0592-04	13	18065953	56610886	3549	-0.001
TCGA-27-1830-10A-01D-0592-04	13	56645552	56691355	6	0.5568
TCGA-27-1830-10A-01D-0592-04	13	56726008	65838563	428	-0.0257
TCGA-27-1830-10A-01D-0592-04	13	65845872	66031303	23	0.5203
TCGA-27-1830-10A-01D-0592-04	13	66041711	114123862	3646	-0.001
TCGA-27-1830-10A-01D-0592-04	14	18149473	19535787	44	0.506
TCGA-27-1830-10A-01D-0592-04	14	19540294	69078818	4506	0.006
TCGA-27-1830-10A-01D-0592-04	14	69088190	69092211	2	1.2213
TCGA-27-1830-10A-01D-0592-04	14	69098569	106349756	3644	-0.0039
TCGA-27-1830-10A-01D-0592-04	15	18362555	19389880	43	0.1079
TCGA-27-1830-10A-01D-0592-04	15	19397326	20079935	33	0.4555
TCGA-27-1830-10A-01D-0592-04	15	20220416	100200937	7930	0.0016
TCGA-27-1830-10A-01D-0592-04	15	100217283	100282819	2	-1.715
TCGA-27-1830-10A-01D-0592-04	16	28087	31862577	2976	0.0128
TCGA-27-1830-10A-01D-0592-04	16	31958973	33539023	36	0.3792
TCGA-27-1830-10A-01D-0592-04	16	33758082	34297461	19	-0.1294
TCGA-27-1830-10A-01D-0592-04	16	34339543	34605030	11	0.4661
TCGA-27-1830-10A-01D-0592-04	16	34634686	88690571	3752	-0.006
TCGA-27-1830-10A-01D-0592-04	17	29169	41515622	4249	0.0042
TCGA-27-1830-10A-01D-0592-04	17	41521544	41644979	14	-0.7539
TCGA-27-1830-10A-01D-0592-04	17	41700762	59297506	1566	0.0084
TCGA-27-1830-10A-01D-0592-04	17	59307904	59330938	4	-0.7815
TCGA-27-1830-10A-01D-0592-04	17	59339527	77478901	1672	0.0079
TCGA-27-1830-10A-01D-0592-04	17	77503378	77503685	3	-2.2794
TCGA-27-1830-10A-01D-0592-04	17	77519913	78653545	149	-0.0219
TCGA-27-1830-10A-01D-0592-04	18	4316	76110964	5774	-0.0026
TCGA-27-1830-10A-01D-0592-04	19	64418	20439905	2389	0.0146
TCGA-27-1830-10A-01D-0592-04	19	20463727	20493401	3	-1.1858
TCGA-27-1830-10A-01D-0592-04	19	20510787	63784327	3585	0.0049
TCGA-27-1830-10A-01D-0592-04	2	20341	89101034	6971	0.0043
TCGA-27-1830-10A-01D-0592-04	2	89104501	90999012	27	-0.5284
TCGA-27-1830-10A-01D-0592-04	2	91034026	109814986	1169	0.0016
TCGA-27-1830-10A-01D-0592-04	2	110182348	110340933	21	-0.7612
TCGA-27-1830-10A-01D-0592-04	2	110563325	132130850	1415	0.013
TCGA-27-1830-10A-01D-0592-04	2	132152891	132185414	3	0.8056
TCGA-27-1830-10A-01D-0592-04	2	132206366	242717016	8928	-0.0013
TCGA-27-1830-10A-01D-0592-04	20	8747	25049716	2148	2e-04
TCGA-27-1830-10A-01D-0592-04	20	25072070	25105133	3	-0.7672
TCGA-27-1830-10A-01D-0592-04	20	25116611	62379059	3180	0.007
TCGA-27-1830-10A-01D-0592-04	21	9896630	10144881	19	-0.3657
TCGA-27-1830-10A-01D-0592-04	21	10154777	46914686	3343	-0.0024
TCGA-27-1830-10A-01D-0592-04	22	14504218	14797008	3	1.0024
TCGA-27-1830-10A-01D-0592-04	22	14884298	22681995	818	0.0185
TCGA-27-1830-10A-01D-0592-04	22	22686690	22725305	8	0.8277
TCGA-27-1830-10A-01D-0592-04	22	22731196	49565816	3250	0.0049
TCGA-27-1830-10A-01D-0592-04	23	2710316	91485306	6202	-0.0081
TCGA-27-1830-10A-01D-0592-04	23	91502027	91688147	11	-0.4815
TCGA-27-1830-10A-01D-0592-04	23	91712654	154037006	4679	-0.0105
TCGA-27-1830-10A-01D-0592-04	23	154050185	154078819	3	0.8239
TCGA-27-1830-10A-01D-0592-04	23	154086636	154582414	43	0.0394
TCGA-27-1830-10A-01D-0592-04	24	2710450	10511255	502	-0.7705
TCGA-27-1830-10A-01D-0592-04	24	10537808	12486140	16	-0.2099
TCGA-27-1830-10A-01D-0592-04	24	12502304	24685322	746	-0.8009
TCGA-27-1830-10A-01D-0592-04	24	24754207	57440809	29	-0.4886
TCGA-27-1830-10A-01D-0592-04	3	39066	101817141	7973	-0.001
TCGA-27-1830-10A-01D-0592-04	3	101830195	101902255	9	0.5653
TCGA-27-1830-10A-01D-0592-04	3	101910980	163987457	4974	0.0057
TCGA-27-1830-10A-01D-0592-04	3	163997228	164086905	7	0.7332
TCGA-27-1830-10A-01D-0592-04	3	164101776	164101776	1	NA
TCGA-27-1830-10A-01D-0592-04	3	164112873	199379566	2922	4e-04
TCGA-27-1830-10A-01D-0592-04	4	41413	191173837	13353	-0.002
TCGA-27-1830-10A-01D-0592-04	5	75149	745859	75	-0.0636
TCGA-27-1830-10A-01D-0592-04	5	763494	826044	7	-1.2963
TCGA-27-1830-10A-01D-0592-04	5	837253	180644810	13162	-0.002
TCGA-27-1830-10A-01D-0592-04	6	97634	32586131	2965	0.0021
TCGA-27-1830-10A-01D-0592-04	6	32595402	32629848	4	-1.7173
TCGA-27-1830-10A-01D-0592-04	6	32634044	78983276	3539	-0.0034
TCGA-27-1830-10A-01D-0592-04	6	79035891	79079988	3	-0.9626
TCGA-27-1830-10A-01D-0592-04	6	79101978	170867396	6754	-1e-04
TCGA-27-1830-10A-01D-0592-04	7	140213	133414697	10766	7e-04
TCGA-27-1830-10A-01D-0592-04	7	133439454	133447868	2	-1.7751
TCGA-27-1830-10A-01D-0592-04	7	133459759	158811268	2473	-3e-04
TCGA-27-1830-10A-01D-0592-04	8	63810	39341524	3169	-0.003
TCGA-27-1830-10A-01D-0592-04	8	39356595	39505256	20	0.8973
TCGA-27-1830-10A-01D-0592-04	8	39511632	146264846	7771	0.0032
TCGA-27-1830-10A-01D-0592-04	9	153131	140241876	9403	-0.0011
