barcode	chromosome	start	stop	num.mark	seg.mean
TCGA-06-0129-01A-01D-0215-04	1	554268	800905	11	-0.266
TCGA-06-0129-01A-01D-0215-04	1	823964	12776479	1263	0.0696
TCGA-06-0129-01A-01D-0215-04	1	12789063	13065132	7	-0.6983
TCGA-06-0129-01A-01D-0215-04	1	13101056	16877283	312	0.0848
TCGA-06-0129-01A-01D-0215-04	1	16884678	16960984	7	-0.3356
TCGA-06-0129-01A-01D-0215-04	1	16964267	17157415	11	0.3491
TCGA-06-0129-01A-01D-0215-04	1	17164768	110017502	7780	0.0677
TCGA-06-0129-01A-01D-0215-04	1	110023268	110041428	3	1.0958
TCGA-06-0129-01A-01D-0215-04	1	110057882	150819451	1497	0.0626
TCGA-06-0129-01A-01D-0215-04	1	150823073	150839754	3	-0.5522
TCGA-06-0129-01A-01D-0215-04	1	150844444	150848509	2	-2.8735
TCGA-06-0129-01A-01D-0215-04	1	150852858	151027357	32	0.007
TCGA-06-0129-01A-01D-0215-04	1	151033188	151036435	2	1.0352
TCGA-06-0129-01A-01D-0215-04	1	151040463	167483267	1780	0.0482
TCGA-06-0129-01A-01D-0215-04	1	167493768	167507882	2	-1.4376
TCGA-06-0129-01A-01D-0215-04	1	167523140	195005520	2057	0.0587
TCGA-06-0129-01A-01D-0215-04	1	195015116	195067764	7	-0.4274
TCGA-06-0129-01A-01D-0215-04	1	195091758	225203212	2499	0.0448
TCGA-06-0129-01A-01D-0215-04	1	225213423	225283136	8	-0.2068
TCGA-06-0129-01A-01D-0215-04	1	225289762	246794522	1918	0.0589
TCGA-06-0129-01A-01D-0215-04	1	246795223	246862029	10	-0.8105
TCGA-06-0129-01A-01D-0215-04	1	246874992	247032049	10	0.0781
TCGA-06-0129-01A-01D-0215-04	1	247047963	247190718	24	-0.206
TCGA-06-0129-01A-01D-0215-04	10	115544	138206	3	-0.6252
TCGA-06-0129-01A-01D-0215-04	10	152490	54324521	3957	0.0306
TCGA-06-0129-01A-01D-0215-04	10	54346154	71063220	1232	-0.3353
TCGA-06-0129-01A-01D-0215-04	10	71070189	71388605	26	-0.5898
TCGA-06-0129-01A-01D-0215-04	10	71397498	71397498	1	NA
TCGA-06-0129-01A-01D-0215-04	10	71406502	72783553	148	-0.3493
TCGA-06-0129-01A-01D-0215-04	10	72790788	72956379	22	-0.6035
TCGA-06-0129-01A-01D-0215-04	10	72964265	76411591	390	-0.2252
TCGA-06-0129-01A-01D-0215-04	10	76420338	81811921	430	-0.4337
TCGA-06-0129-01A-01D-0215-04	10	81825218	81885476	11	-0.0576
TCGA-06-0129-01A-01D-0215-04	10	81890992	124638984	3839	-0.365
TCGA-06-0129-01A-01D-0215-04	10	124649704	124662599	3	0.0346
TCGA-06-0129-01A-01D-0215-04	10	124666313	135356671	973	-0.4947
TCGA-06-0129-01A-01D-0215-04	11	182372	13391578	1501	-0.7667
TCGA-06-0129-01A-01D-0215-04	11	13397834	13517494	12	-0.2871
TCGA-06-0129-01A-01D-0215-04	11	13545273	13767100	15	-0.6906
TCGA-06-0129-01A-01D-0215-04	11	13787120	13787120	1	NA
TCGA-06-0129-01A-01D-0215-04	11	13816096	13931139	6	-0.1615
TCGA-06-0129-01A-01D-0215-04	11	13939715	13939715	1	NA
TCGA-06-0129-01A-01D-0215-04	11	13948408	14071580	14	-0.4242
TCGA-06-0129-01A-01D-0215-04	11	14076980	27033723	969	0.0077
TCGA-06-0129-01A-01D-0215-04	11	27044604	27370541	28	-0.739
TCGA-06-0129-01A-01D-0215-04	11	27382409	27650012	32	0.0461
TCGA-06-0129-01A-01D-0215-04	11	27658900	29384465	97	-0.2673
TCGA-06-0129-01A-01D-0215-04	11	29414563	29729149	12	-0.8756
TCGA-06-0129-01A-01D-0215-04	11	29762617	30037929	15	-0.2993
TCGA-06-0129-01A-01D-0215-04	11	30054548	32932268	255	0.019
TCGA-06-0129-01A-01D-0215-04	11	32947203	33148650	25	0.2893
TCGA-06-0129-01A-01D-0215-04	11	33163818	46346823	847	0.0191
TCGA-06-0129-01A-01D-0215-04	11	46356773	46383173	7	-0.2825
TCGA-06-0129-01A-01D-0215-04	11	46390052	75268519	2794	0.0714
TCGA-06-0129-01A-01D-0215-04	11	75277556	75486548	23	0.2874
TCGA-06-0129-01A-01D-0215-04	11	75496709	86656080	874	0.0321
TCGA-06-0129-01A-01D-0215-04	11	86666891	86703203	6	0.4389
TCGA-06-0129-01A-01D-0215-04	11	86711367	134432265	3901	0.0209
TCGA-06-0129-01A-01D-0215-04	12	33854	59839	2	-0.2205
TCGA-06-0129-01A-01D-0215-04	12	74808	320740	31	-0.8537
TCGA-06-0129-01A-01D-0215-04	12	328347	950040	71	-0.6057
TCGA-06-0129-01A-01D-0215-04	12	958394	1242419	31	0.2087
TCGA-06-0129-01A-01D-0215-04	12	1251890	1838903	69	-0.7324
TCGA-06-0129-01A-01D-0215-04	12	1844948	1919511	9	-0.0887
TCGA-06-0129-01A-01D-0215-04	12	1925526	1988430	7	0.1431
TCGA-06-0129-01A-01D-0215-04	12	1997021	2317671	37	-0.8853
TCGA-06-0129-01A-01D-0215-04	12	2326792	2337441	2	3.7943
TCGA-06-0129-01A-01D-0215-04	12	2352061	2371643	3	4.5031
TCGA-06-0129-01A-01D-0215-04	12	2381227	2654387	29	-0.9118
TCGA-06-0129-01A-01D-0215-04	12	2672274	2769615	10	0.0084
TCGA-06-0129-01A-01D-0215-04	12	2776793	2868452	18	-0.6834
TCGA-06-0129-01A-01D-0215-04	12	2874872	3228225	41	-0.0575
TCGA-06-0129-01A-01D-0215-04	12	3237132	3423357	15	-0.8159
TCGA-06-0129-01A-01D-0215-04	12	3443529	3666511	24	0.0132
TCGA-06-0129-01A-01D-0215-04	12	3676432	3737880	8	1.1812
TCGA-06-0129-01A-01D-0215-04	12	3753199	4023153	22	0.0505
TCGA-06-0129-01A-01D-0215-04	12	4049648	4768389	73	0.5692
TCGA-06-0129-01A-01D-0215-04	12	4777618	4903433	15	-0.0387
TCGA-06-0129-01A-01D-0215-04	12	4910768	5343749	31	0.5185
TCGA-06-0129-01A-01D-0215-04	12	5352107	5383939	4	-0.0177
TCGA-06-0129-01A-01D-0215-04	12	5415734	5591521	20	0.4185
TCGA-06-0129-01A-01D-0215-04	12	5599574	7352075	231	0.0307
TCGA-06-0129-01A-01D-0215-04	12	7358278	7419088	7	-0.6761
TCGA-06-0129-01A-01D-0215-04	12	7425684	8620252	115	0.1663
TCGA-06-0129-01A-01D-0215-04	12	8631685	9142943	64	-0.5995
TCGA-06-0129-01A-01D-0215-04	12	9151331	9452803	26	0.032
TCGA-06-0129-01A-01D-0215-04	12	9528590	9554149	2	-2.3438
TCGA-06-0129-01A-01D-0215-04	12	9585156	10567051	127	0.0734
TCGA-06-0129-01A-01D-0215-04	12	10594444	10754069	20	-0.7907
TCGA-06-0129-01A-01D-0215-04	12	10763405	11393473	62	0.0574
TCGA-06-0129-01A-01D-0215-04	12	11404653	11537741	8	-0.2947
TCGA-06-0129-01A-01D-0215-04	12	11557431	11897616	31	0.0842
TCGA-06-0129-01A-01D-0215-04	12	11906037	12273628	32	0.6836
TCGA-06-0129-01A-01D-0215-04	12	12288488	12479810	22	0.1863
TCGA-06-0129-01A-01D-0215-04	12	12490685	12940362	60	-0.6376
TCGA-06-0129-01A-01D-0215-04	12	12952870	13072382	18	-0.0034
TCGA-06-0129-01A-01D-0215-04	12	13078165	14327407	108	0.4707
TCGA-06-0129-01A-01D-0215-04	12	14360189	14725557	41	-0.6984
TCGA-06-0129-01A-01D-0215-04	12	14740410	14928297	26	0.0744
TCGA-06-0129-01A-01D-0215-04	12	14932093	15186747	28	-0.6975
TCGA-06-0129-01A-01D-0215-04	12	15197617	15223934	4	-0.2552
TCGA-06-0129-01A-01D-0215-04	12	15231286	15932741	71	-0.7488
TCGA-06-0129-01A-01D-0215-04	12	15939687	17142862	80	-0.0037
TCGA-06-0129-01A-01D-0215-04	12	17188689	17386370	8	-0.9484
TCGA-06-0129-01A-01D-0215-04	12	17433142	18125383	23	0.0588
TCGA-06-0129-01A-01D-0215-04	12	18131639	19140986	79	0.5419
TCGA-06-0129-01A-01D-0215-04	12	19159973	20525880	89	0.1082
TCGA-06-0129-01A-01D-0215-04	12	20534850	21247849	71	-0.7032
TCGA-06-0129-01A-01D-0215-04	12	21261701	21390730	14	-0.1301
TCGA-06-0129-01A-01D-0215-04	12	21397100	21535768	20	-0.6874
TCGA-06-0129-01A-01D-0215-04	12	21546683	22397769	84	0.0302
TCGA-06-0129-01A-01D-0215-04	12	22422621	24322453	156	0.5858
TCGA-06-0129-01A-01D-0215-04	12	24339135	24644043	37	0.0777
TCGA-06-0129-01A-01D-0215-04	12	24662407	25666871	77	0.5641
TCGA-06-0129-01A-01D-0215-04	12	25691162	27035793	122	0.0314
TCGA-06-0129-01A-01D-0215-04	12	27047424	27717940	62	0.6068
TCGA-06-0129-01A-01D-0215-04	12	27726567	28402022	54	0.0169
TCGA-06-0129-01A-01D-0215-04	12	28408913	28794674	25	0.5437
TCGA-06-0129-01A-01D-0215-04	12	28822073	30326850	98	0.0136
TCGA-06-0129-01A-01D-0215-04	12	30385111	31074520	42	-0.8002
TCGA-06-0129-01A-01D-0215-04	12	31086179	31173065	7	0.1167
TCGA-06-0129-01A-01D-0215-04	12	31226529	31426380	18	0.4573
TCGA-06-0129-01A-01D-0215-04	12	31433613	31879835	46	0.1431
TCGA-06-0129-01A-01D-0215-04	12	31921018	32175820	18	-0.6666
TCGA-06-0129-01A-01D-0215-04	12	32181760	32201485	3	-0.0272
TCGA-06-0129-01A-01D-0215-04	12	32210173	32489284	26	0.7377
TCGA-06-0129-01A-01D-0215-04	12	32527382	33049207	54	0.1241
TCGA-06-0129-01A-01D-0215-04	12	33082185	33163159	4	0.6952
TCGA-06-0129-01A-01D-0215-04	12	33201796	34031995	51	0.011
TCGA-06-0129-01A-01D-0215-04	12	34055614	34278466	14	-0.7556
TCGA-06-0129-01A-01D-0215-04	12	34318800	37476384	50	-0.0257
TCGA-06-0129-01A-01D-0215-04	12	37491177	37650246	14	-0.6669
TCGA-06-0129-01A-01D-0215-04	12	37677181	38074276	22	-0.0381
TCGA-06-0129-01A-01D-0215-04	12	38085768	38531608	40	0.6119
TCGA-06-0129-01A-01D-0215-04	12	38537105	38587672	7	0.0101
TCGA-06-0129-01A-01D-0215-04	12	38601570	38955043	33	0.5389
TCGA-06-0129-01A-01D-0215-04	12	38967417	39143365	17	0.1185
TCGA-06-0129-01A-01D-0215-04	12	39153478	39877665	54	0.596
TCGA-06-0129-01A-01D-0215-04	12	39920349	40265240	29	0.0145
TCGA-06-0129-01A-01D-0215-04	12	40284174	40462955	6	0.4529
TCGA-06-0129-01A-01D-0215-04	12	40509380	40818506	18	0.0083
TCGA-06-0129-01A-01D-0215-04	12	40826700	41268911	50	-0.6019
TCGA-06-0129-01A-01D-0215-04	12	41282237	41292259	2	0.3799
TCGA-06-0129-01A-01D-0215-04	12	41307749	42524655	68	-0.7823
TCGA-06-0129-01A-01D-0215-04	12	42537270	43247759	67	-0.0153
TCGA-06-0129-01A-01D-0215-04	12	43258794	43714593	40	0.5536
TCGA-06-0129-01A-01D-0215-04	12	43724285	43900232	15	0.0082
TCGA-06-0129-01A-01D-0215-04	12	43906201	44232235	29	-0.8031
TCGA-06-0129-01A-01D-0215-04	12	44251153	44437801	12	0.0118
TCGA-06-0129-01A-01D-0215-04	12	44447503	44466296	4	1.5206
TCGA-06-0129-01A-01D-0215-04	12	44475914	44528873	8	0.6239
TCGA-06-0129-01A-01D-0215-04	12	44540799	45113669	51	0.0839
TCGA-06-0129-01A-01D-0215-04	12	45123060	45466439	23	0.5197
TCGA-06-0129-01A-01D-0215-04	12	45477027	45828785	24	8e-04
TCGA-06-0129-01A-01D-0215-04	12	45851001	45946969	12	0.6108
TCGA-06-0129-01A-01D-0215-04	12	45993476	46291598	8	-0.0325
TCGA-06-0129-01A-01D-0215-04	12	46328016	46653228	43	-0.8471
TCGA-06-0129-01A-01D-0215-04	12	46659252	46694678	6	-0.1056
TCGA-06-0129-01A-01D-0215-04	12	46711914	46770073	7	-0.7735
TCGA-06-0129-01A-01D-0215-04	12	46785004	47577363	102	0.0766
TCGA-06-0129-01A-01D-0215-04	12	47584035	47759872	33	-0.6172
TCGA-06-0129-01A-01D-0215-04	12	47767319	48406105	92	0.1446
TCGA-06-0129-01A-01D-0215-04	12	48413965	48652137	37	-0.6546
TCGA-06-0129-01A-01D-0215-04	12	48656651	48715218	9	0.1572
TCGA-06-0129-01A-01D-0215-04	12	48728326	49068710	42	0.6536
TCGA-06-0129-01A-01D-0215-04	12	49081904	49212919	18	1.5049
TCGA-06-0129-01A-01D-0215-04	12	49222703	49407718	22	2.0213
TCGA-06-0129-01A-01D-0215-04	12	49414137	49414137	1	NA
TCGA-06-0129-01A-01D-0215-04	12	49420183	49650717	29	0.71
TCGA-06-0129-01A-01D-0215-04	12	49661318	49672249	2	-0.7621
TCGA-06-0129-01A-01D-0215-04	12	49679392	49840527	24	0.7314
TCGA-06-0129-01A-01D-0215-04	12	49851170	50183887	44	0.1634
TCGA-06-0129-01A-01D-0215-04	12	50192894	50733238	62	-0.7071
TCGA-06-0129-01A-01D-0215-04	12	50738288	51000162	36	-0.0558
TCGA-06-0129-01A-01D-0215-04	12	51008626	51040787	6	-0.811
TCGA-06-0129-01A-01D-0215-04	12	51050718	51126921	16	-0.1452
TCGA-06-0129-01A-01D-0215-04	12	51134650	51553835	77	0.4045
TCGA-06-0129-01A-01D-0215-04	12	51563617	51647642	15	0.6114
TCGA-06-0129-01A-01D-0215-04	12	51660595	51681530	3	0.1807
TCGA-06-0129-01A-01D-0215-04	12	51688592	51832815	24	-0.5278
TCGA-06-0129-01A-01D-0215-04	12	51837705	51969743	24	0.0599
TCGA-06-0129-01A-01D-0215-04	12	51976279	52359806	56	0.6106
TCGA-06-0129-01A-01D-0215-04	12	52366207	52787475	49	0.0718
TCGA-06-0129-01A-01D-0215-04	12	52816907	52861748	6	-0.6093
TCGA-06-0129-01A-01D-0215-04	12	52868703	53246178	56	0.0814
TCGA-06-0129-01A-01D-0215-04	12	53255407	53336728	14	-0.7477
TCGA-06-0129-01A-01D-0215-04	12	53341522	53728904	40	0.0706
TCGA-06-0129-01A-01D-0215-04	12	53741801	54462410	100	0.6259
TCGA-06-0129-01A-01D-0215-04	12	54477945	54897262	74	-0.5862
TCGA-06-0129-01A-01D-0215-04	12	54902723	55716869	111	0.117
TCGA-06-0129-01A-01D-0215-04	12	55721209	55846831	22	-0.7529
TCGA-06-0129-01A-01D-0215-04	12	55856935	55856935	1	NA
TCGA-06-0129-01A-01D-0215-04	12	55868332	55914099	9	-0.0647
TCGA-06-0129-01A-01D-0215-04	12	55917767	56030454	15	4.3192
TCGA-06-0129-01A-01D-0215-04	12	56048257	56184062	29	1.3262
TCGA-06-0129-01A-01D-0215-04	12	56193688	56311585	27	0.5602
TCGA-06-0129-01A-01D-0215-04	12	56320481	56378328	6	1.0757
TCGA-06-0129-01A-01D-0215-04	12	56388225	56478012	23	4.408
TCGA-06-0129-01A-01D-0215-04	12	56486490	56745287	24	1.3086
TCGA-06-0129-01A-01D-0215-04	12	56765443	56878227	4	0.0674
TCGA-06-0129-01A-01D-0215-04	12	56915482	57392912	25	-0.8091
TCGA-06-0129-01A-01D-0215-04	12	57405586	57691793	22	0.0074
TCGA-06-0129-01A-01D-0215-04	12	57722069	59587217	79	-0.8064
TCGA-06-0129-01A-01D-0215-04	12	59610290	60459595	34	0.0518
TCGA-06-0129-01A-01D-0215-04	12	60465616	60516257	6	0.6429
TCGA-06-0129-01A-01D-0215-04	12	60525972	60599882	8	-0.0479
TCGA-06-0129-01A-01D-0215-04	12	60614175	62081511	134	-0.8026
TCGA-06-0129-01A-01D-0215-04	12	62137202	62718703	44	0.2256
TCGA-06-0129-01A-01D-0215-04	12	62731258	62903318	20	-0.6979
TCGA-06-0129-01A-01D-0215-04	12	62918987	63426836	48	0.1322
TCGA-06-0129-01A-01D-0215-04	12	63438191	64205631	69	-0.7419
TCGA-06-0129-01A-01D-0215-04	12	64211343	64379196	17	0.0885
TCGA-06-0129-01A-01D-0215-04	12	64394240	64568531	20	-0.852
TCGA-06-0129-01A-01D-0215-04	12	64580166	64839822	23	0.035
TCGA-06-0129-01A-01D-0215-04	12	64849089	66658735	115	-0.7906
TCGA-06-0129-01A-01D-0215-04	12	66674689	66897275	21	0.028
TCGA-06-0129-01A-01D-0215-04	12	66905608	67390052	56	0.6397
TCGA-06-0129-01A-01D-0215-04	12	67395702	67938055	48	0.097
TCGA-06-0129-01A-01D-0215-04	12	67943751	68088790	17	0.7705
TCGA-06-0129-01A-01D-0215-04	12	68113606	68387707	34	0.117
TCGA-06-0129-01A-01D-0215-04	12	68394228	68464776	9	1.4904
TCGA-06-0129-01A-01D-0215-04	12	68474620	68657986	20	0.5994
TCGA-06-0129-01A-01D-0215-04	12	68682298	68950671	15	0.0587
TCGA-06-0129-01A-01D-0215-04	12	68958280	69261216	32	0.6503
TCGA-06-0129-01A-01D-0215-04	12	69272411	69442147	19	0.0556
TCGA-06-0129-01A-01D-0215-04	12	69452560	70065034	52	0.5449
TCGA-06-0129-01A-01D-0215-04	12	70076963	70224013	15	0.0201
TCGA-06-0129-01A-01D-0215-04	12	70236633	70337008	13	-0.3606
TCGA-06-0129-01A-01D-0215-04	12	70343988	71160684	80	-0.7497
TCGA-06-0129-01A-01D-0215-04	12	71172913	71248670	10	0.1254
TCGA-06-0129-01A-01D-0215-04	12	71257791	71323486	8	-0.8922
TCGA-06-0129-01A-01D-0215-04	12	71333040	71644041	13	-0.0271
TCGA-06-0129-01A-01D-0215-04	12	71710336	72514695	34	0.554
TCGA-06-0129-01A-01D-0215-04	12	72532090	73353440	39	-0.0253
TCGA-06-0129-01A-01D-0215-04	12	73388546	73710351	11	-0.6412
TCGA-06-0129-01A-01D-0215-04	12	73720882	73893935	18	0.0417
TCGA-06-0129-01A-01D-0215-04	12	73903766	75473073	98	-0.7426
TCGA-06-0129-01A-01D-0215-04	12	75481271	75658122	11	0.1936
TCGA-06-0129-01A-01D-0215-04	12	75668697	75700207	4	-0.6573
TCGA-06-0129-01A-01D-0215-04	12	75707444	75800189	12	0.0806
TCGA-06-0129-01A-01D-0215-04	12	75805951	77673164	104	0.5671
TCGA-06-0129-01A-01D-0215-04	12	77681995	79274017	144	0.0441
TCGA-06-0129-01A-01D-0215-04	12	79280645	79351187	7	-0.3603
TCGA-06-0129-01A-01D-0215-04	12	79391748	80039706	46	-0.8384
TCGA-06-0129-01A-01D-0215-04	12	80046719	81438230	113	0.0175
TCGA-06-0129-01A-01D-0215-04	12	81473522	81674485	12	-0.8724
TCGA-06-0129-01A-01D-0215-04	12	81681557	82247524	50	-0.0164
TCGA-06-0129-01A-01D-0215-04	12	82289723	85187582	150	0.5624
TCGA-06-0129-01A-01D-0215-04	12	85198357	87001810	109	0.0376
TCGA-06-0129-01A-01D-0215-04	12	87011859	87462794	26	-0.8108
TCGA-06-0129-01A-01D-0215-04	12	87472234	89031118	83	-0.0062
TCGA-06-0129-01A-01D-0215-04	12	89088520	89636517	16	-0.7016
TCGA-06-0129-01A-01D-0215-04	12	89687421	89844083	9	0.6783
TCGA-06-0129-01A-01D-0215-04	12	89856513	89881962	4	4.6194
TCGA-06-0129-01A-01D-0215-04	12	89889682	90107607	29	-0.0139
TCGA-06-0129-01A-01D-0215-04	12	90124529	90989428	31	-0.7937
TCGA-06-0129-01A-01D-0215-04	12	91014296	91776516	57	0.0968
TCGA-06-0129-01A-01D-0215-04	12	91782828	92034585	20	-0.6978
TCGA-06-0129-01A-01D-0215-04	12	92050192	92405590	27	0.1601
TCGA-06-0129-01A-01D-0215-04	12	92413453	92899144	43	0.5613
TCGA-06-0129-01A-01D-0215-04	12	92929781	93191723	20	-0.0349
TCGA-06-0129-01A-01D-0215-04	12	93197476	93865456	52	-0.6582
TCGA-06-0129-01A-01D-0215-04	12	93875056	94070737	24	0.2102
TCGA-06-0129-01A-01D-0215-04	12	94081208	94457913	38	0.7316
TCGA-06-0129-01A-01D-0215-04	12	94464340	94679602	23	0.1831
TCGA-06-0129-01A-01D-0215-04	12	94689665	94799386	12	-0.7001
TCGA-06-0129-01A-01D-0215-04	12	94812892	94918826	13	0.2341
TCGA-06-0129-01A-01D-0215-04	12	94931158	95121483	15	0.5572
TCGA-06-0129-01A-01D-0215-04	12	95127149	95164821	6	-0.0753
TCGA-06-0129-01A-01D-0215-04	12	95174611	95858324	63	0.6171
TCGA-06-0129-01A-01D-0215-04	12	95869930	96426744	24	-0.0896
TCGA-06-0129-01A-01D-0215-04	12	96440048	96824251	22	-0.8285
TCGA-06-0129-01A-01D-0215-04	12	96869958	97102908	8	-0.3728
TCGA-06-0129-01A-01D-0215-04	12	97135864	97277612	6	0.0161
TCGA-06-0129-01A-01D-0215-04	12	97322877	97756857	50	0.6505
TCGA-06-0129-01A-01D-0215-04	12	97764739	98306111	57	0.0686
TCGA-06-0129-01A-01D-0215-04	12	98319657	98368920	7	0.5114
TCGA-06-0129-01A-01D-0215-04	12	98381111	98736465	39	0.1348
TCGA-06-0129-01A-01D-0215-04	12	98743142	99024830	30	0.5853
TCGA-06-0129-01A-01D-0215-04	12	99032690	99115617	12	-0.6046
TCGA-06-0129-01A-01D-0215-04	12	99122886	99450472	34	0.0824
TCGA-06-0129-01A-01D-0215-04	12	99458540	99844173	33	-0.7892
TCGA-06-0129-01A-01D-0215-04	12	99849961	100240615	37	0.0319
TCGA-06-0129-01A-01D-0215-04	12	100251246	100404010	18	0.5624
TCGA-06-0129-01A-01D-0215-04	12	100411948	101338567	98	0.1231
TCGA-06-0129-01A-01D-0215-04	12	101349917	101396445	7	-0.9029
TCGA-06-0129-01A-01D-0215-04	12	101396512	102047409	29	-0.038
TCGA-06-0129-01A-01D-0215-04	12	102073073	102152531	8	-0.8779
TCGA-06-0129-01A-01D-0215-04	12	102158428	102339772	21	0.0077
TCGA-06-0129-01A-01D-0215-04	12	102351875	102570522	19	-0.8299
TCGA-06-0129-01A-01D-0215-04	12	102580877	102758634	21	-0.0169
TCGA-06-0129-01A-01D-0215-04	12	102767793	103239082	55	0.6084
TCGA-06-0129-01A-01D-0215-04	12	103249407	103722864	48	0.0476
TCGA-06-0129-01A-01D-0215-04	12	103732857	104077998	44	0.6249
TCGA-06-0129-01A-01D-0215-04	12	104085088	104233159	13	0.2369
TCGA-06-0129-01A-01D-0215-04	12	104240529	104427070	12	0.5499
TCGA-06-0129-01A-01D-0215-04	12	104466573	105036790	26	-0.1934
TCGA-06-0129-01A-01D-0215-04	12	105043853	105574801	55	0.5873
TCGA-06-0129-01A-01D-0215-04	12	105588589	106636605	106	0.0124
TCGA-06-0129-01A-01D-0215-04	12	106651647	106814209	12	-0.7957
TCGA-06-0129-01A-01D-0215-04	12	106853692	107310350	32	-0.1037
TCGA-06-0129-01A-01D-0215-04	12	107351479	107387025	4	-0.7483
TCGA-06-0129-01A-01D-0215-04	12	107400639	107489623	14	0.0577
TCGA-06-0129-01A-01D-0215-04	12	107497553	108098161	69	0.6065
TCGA-06-0129-01A-01D-0215-04	12	108110888	108265803	16	0.2062
TCGA-06-0129-01A-01D-0215-04	12	108287584	108736585	51	-0.7408
TCGA-06-0129-01A-01D-0215-04	12	108754144	108845594	14	0.1333
TCGA-06-0129-01A-01D-0215-04	12	108854686	109318429	47	0.7642
TCGA-06-0129-01A-01D-0215-04	12	109326046	109503811	25	0.2385
TCGA-06-0129-01A-01D-0215-04	12	109515992	109995032	49	0.6105
TCGA-06-0129-01A-01D-0215-04	12	110001481	110079910	8	0.1915
TCGA-06-0129-01A-01D-0215-04	12	110094960	110107266	3	0.8035
TCGA-06-0129-01A-01D-0215-04	12	110117525	110117525	1	NA
TCGA-06-0129-01A-01D-0215-04	12	110127199	110651926	64	0.1225
TCGA-06-0129-01A-01D-0215-04	12	110668504	110668504	1	NA
TCGA-06-0129-01A-01D-0215-04	12	110675390	111353886	77	-0.5929
TCGA-06-0129-01A-01D-0215-04	12	111358999	112114463	69	0.0666
TCGA-06-0129-01A-01D-0215-04	12	112124468	112152360	6	-0.7063
TCGA-06-0129-01A-01D-0215-04	12	112160978	112200350	6	-0.0231
TCGA-06-0129-01A-01D-0215-04	12	112206459	112247330	6	-0.7223
TCGA-06-0129-01A-01D-0215-04	12	112256417	112322992	11	0.3904
TCGA-06-0129-01A-01D-0215-04	12	112332761	112332761	1	NA
TCGA-06-0129-01A-01D-0215-04	12	112340179	113197408	57	-0.011
TCGA-06-0129-01A-01D-0215-04	12	113232476	113611858	24	-0.7933
TCGA-06-0129-01A-01D-0215-04	12	113616781	113687717	7	4.5853
TCGA-06-0129-01A-01D-0215-04	12	113705524	114548650	24	0.1503
TCGA-06-0129-01A-01D-0215-04	12	114569732	115655192	73	0.6036
TCGA-06-0129-01A-01D-0215-04	12	115658877	116177651	64	0.059
TCGA-06-0129-01A-01D-0215-04	12	116183687	116238975	6	0.2658
TCGA-06-0129-01A-01D-0215-04	12	116253597	117023898	77	0.5727
TCGA-06-0129-01A-01D-0215-04	12	117032054	117699793	47	0.1711
TCGA-06-0129-01A-01D-0215-04	12	117750099	118339570	48	-0.8072
TCGA-06-0129-01A-01D-0215-04	12	118348399	118553029	20	-0.0025
TCGA-06-0129-01A-01D-0215-04	12	118566573	118864131	31	0.557
TCGA-06-0129-01A-01D-0215-04	12	118889567	119154979	36	0.0481
TCGA-06-0129-01A-01D-0215-04	12	119166309	119364077	25	0.6439
TCGA-06-0129-01A-01D-0215-04	12	119367943	120288134	121	0.1875
TCGA-06-0129-01A-01D-0215-04	12	120299224	121314157	109	-0.5929
TCGA-06-0129-01A-01D-0215-04	12	121322473	121463992	18	0.2465
TCGA-06-0129-01A-01D-0215-04	12	121478395	121720597	29	-0.4778
TCGA-06-0129-01A-01D-0215-04	12	121732624	121936584	29	0.5133
TCGA-06-0129-01A-01D-0215-04	12	121942223	122063163	17	-0.4939
TCGA-06-0129-01A-01D-0215-04	12	122078229	122078229	1	NA
TCGA-06-0129-01A-01D-0215-04	12	122088032	122160349	11	-0.1799
TCGA-06-0129-01A-01D-0215-04	12	122175397	122231630	7	0.9161
TCGA-06-0129-01A-01D-0215-04	12	122237045	122244848	2	4.6318
TCGA-06-0129-01A-01D-0215-04	12	122253097	122336154	12	0.8675
TCGA-06-0129-01A-01D-0215-04	12	122346048	122346048	1	NA
TCGA-06-0129-01A-01D-0215-04	12	122346510	122743153	52	0.0157
TCGA-06-0129-01A-01D-0215-04	12	122758793	122876679	14	1.5577
TCGA-06-0129-01A-01D-0215-04	12	122883173	123025750	18	-0.732
TCGA-06-0129-01A-01D-0215-04	12	123038169	123202708	11	-0.2082
TCGA-06-0129-01A-01D-0215-04	12	123219977	123357666	9	0.991
TCGA-06-0129-01A-01D-0215-04	12	123362733	123362733	1	NA
TCGA-06-0129-01A-01D-0215-04	12	123367713	123527147	19	-0.128
TCGA-06-0129-01A-01D-0215-04	12	123538569	123924233	29	-0.7759
TCGA-06-0129-01A-01D-0215-04	12	123934405	125278441	95	0.0482
TCGA-06-0129-01A-01D-0215-04	12	125314929	125600168	14	-0.8631
TCGA-06-0129-01A-01D-0215-04	12	125637946	125770068	6	0.0036
TCGA-06-0129-01A-01D-0215-04	12	125781674	125959527	11	-0.8912
TCGA-06-0129-01A-01D-0215-04	12	125976529	125976529	1	NA
TCGA-06-0129-01A-01D-0215-04	12	125997225	126054490	5	0.09
TCGA-06-0129-01A-01D-0215-04	12	126075069	126075069	1	NA
TCGA-06-0129-01A-01D-0215-04	12	126090335	127443612	52	-0.8643
TCGA-06-0129-01A-01D-0215-04	12	127472936	127949714	46	0.0452
TCGA-06-0129-01A-01D-0215-04	12	127956823	128086241	14	4.5992
TCGA-06-0129-01A-01D-0215-04	12	128101939	129029329	99	-0.0669
TCGA-06-0129-01A-01D-0215-04	12	129050605	129161993	11	-0.9354
TCGA-06-0129-01A-01D-0215-04	12	129180156	129197332	3	-0.1632
TCGA-06-0129-01A-01D-0215-04	12	129206277	129481580	30	0.3951
TCGA-06-0129-01A-01D-0215-04	12	129496793	129683805	22	-0.9447
TCGA-06-0129-01A-01D-0215-04	12	129698933	130281182	62	-0.0706
TCGA-06-0129-01A-01D-0215-04	12	130299307	130690343	32	-0.924
TCGA-06-0129-01A-01D-0215-04	12	130701040	130897949	22	-0.0019
TCGA-06-0129-01A-01D-0215-04	12	130904820	131080581	25	-0.7025
TCGA-06-0129-01A-01D-0215-04	12	131088182	131409801	38	0.0093
TCGA-06-0129-01A-01D-0215-04	12	131418333	131561229	13	0.4176
TCGA-06-0129-01A-01D-0215-04	12	131569163	132289090	92	0.0712
TCGA-06-0129-01A-01D-0215-04	13	18065953	40607939	2158	0.0501
TCGA-06-0129-01A-01D-0215-04	13	40615956	40862621	30	0.291
TCGA-06-0129-01A-01D-0215-04	13	40870815	59487421	1508	0.0562
TCGA-06-0129-01A-01D-0215-04	13	59499981	59514907	3	-0.7094
TCGA-06-0129-01A-01D-0215-04	13	59521430	112947194	3819	0.0017
TCGA-06-0129-01A-01D-0215-04	13	112955464	113019842	10	0.2931
TCGA-06-0129-01A-01D-0215-04	13	113025693	114123862	124	-0.0502
TCGA-06-0129-01A-01D-0215-04	14	18149473	19535787	44	0.3209
TCGA-06-0129-01A-01D-0215-04	14	19540294	22589130	467	0.1155
TCGA-06-0129-01A-01D-0215-04	14	22592251	22624759	6	0.47
TCGA-06-0129-01A-01D-0215-04	14	22629525	43884016	1646	0.0675
TCGA-06-0129-01A-01D-0215-04	14	43906178	43985578	5	0.5538
TCGA-06-0129-01A-01D-0215-04	14	44004727	46579497	176	0.0478
TCGA-06-0129-01A-01D-0215-04	14	46589889	60319549	1286	-0.2416
TCGA-06-0129-01A-01D-0215-04	14	60326236	60344770	4	0.2373
TCGA-06-0129-01A-01D-0215-04	14	60355215	73060301	1356	-0.236
TCGA-06-0129-01A-01D-0215-04	14	73071404	73092018	4	-0.75
TCGA-06-0129-01A-01D-0215-04	14	73104572	100456125	2468	-0.2839
TCGA-06-0129-01A-01D-0215-04	14	100460884	100522846	7	0.0525
TCGA-06-0129-01A-01D-0215-04	14	100530113	100530113	1	NA
TCGA-06-0129-01A-01D-0215-04	14	100534009	106349756	726	-0.2708
TCGA-06-0129-01A-01D-0215-04	15	18362555	19465359	49	-0.0659
TCGA-06-0129-01A-01D-0215-04	15	19537035	19786655	2	NA
TCGA-06-0129-01A-01D-0215-04	15	19805960	19910867	12	0.7731
TCGA-06-0129-01A-01D-0215-04	15	19927262	20079935	13	0.2359
TCGA-06-0129-01A-01D-0215-04	15	20220416	32440338	987	-0.2514
TCGA-06-0129-01A-01D-0215-04	15	32443495	32590643	17	0.0509
TCGA-06-0129-01A-01D-0215-04	15	32594902	40507978	821	-0.1812
TCGA-06-0129-01A-01D-0215-04	15	40518083	40609126	13	0.0733
TCGA-06-0129-01A-01D-0215-04	15	40617716	49450806	934	-0.1687
TCGA-06-0129-01A-01D-0215-04	15	49458929	49491872	6	-0.5178
TCGA-06-0129-01A-01D-0215-04	15	49527563	62047281	1253	-0.1804
TCGA-06-0129-01A-01D-0215-04	15	62050665	62128284	10	-0.4522
TCGA-06-0129-01A-01D-0215-04	15	62133471	67704540	695	-0.1508
TCGA-06-0129-01A-01D-0215-04	15	67728139	68403278	36	-0.4118
TCGA-06-0129-01A-01D-0215-04	15	68429993	71373173	326	-0.1764
TCGA-06-0129-01A-01D-0215-04	15	71377677	71465985	12	-0.4575
TCGA-06-0129-01A-01D-0215-04	15	71490925	100282819	2822	-0.2263
TCGA-06-0129-01A-01D-0215-04	16	28087	14876356	1504	0.0707
TCGA-06-0129-01A-01D-0215-04	16	14956177	15023021	7	-0.6046
TCGA-06-0129-01A-01D-0215-04	16	15034210	88690571	5283	0.0654
TCGA-06-0129-01A-01D-0215-04	17	29169	41466611	4244	0.1102
TCGA-06-0129-01A-01D-0215-04	17	41483740	42049540	24	0.5013
TCGA-06-0129-01A-01D-0215-04	17	42142363	78653545	3389	0.1122
TCGA-06-0129-01A-01D-0215-04	18	4316	188111	11	-0.3881
TCGA-06-0129-01A-01D-0215-04	18	194652	911697	89	0.0549
TCGA-06-0129-01A-01D-0215-04	18	922614	3469109	228	-0.1774
TCGA-06-0129-01A-01D-0215-04	18	3474788	4618355	97	0.1371
TCGA-06-0129-01A-01D-0215-04	18	4627404	4627404	1	NA
TCGA-06-0129-01A-01D-0215-04	18	4636626	8424186	319	-0.2848
TCGA-06-0129-01A-01D-0215-04	18	8454701	8628302	17	0.1345
TCGA-06-0129-01A-01D-0215-04	18	8645794	9985530	135	-0.1213
TCGA-06-0129-01A-01D-0215-04	18	10042143	10823767	52	-0.3443
TCGA-06-0129-01A-01D-0215-04	18	10828990	11842138	58	-0.0395
TCGA-06-0129-01A-01D-0215-04	18	11848136	11848136	1	NA
TCGA-06-0129-01A-01D-0215-04	18	11853962	12378842	56	-0.287
TCGA-06-0129-01A-01D-0215-04	18	12387808	14196224	190	-0.0926
TCGA-06-0129-01A-01D-0215-04	18	14210766	17112863	61	0.1594
TCGA-06-0129-01A-01D-0215-04	18	17121202	18770696	128	-0.0964
TCGA-06-0129-01A-01D-0215-04	18	18777053	18968555	17	0.1973
TCGA-06-0129-01A-01D-0215-04	18	18979399	20654123	189	-0.1363
TCGA-06-0129-01A-01D-0215-04	18	20680657	20744583	4	0.2353
TCGA-06-0129-01A-01D-0215-04	18	20771436	21096879	30	-0.3905
TCGA-06-0129-01A-01D-0215-04	18	21112518	22080256	58	-0.1121
TCGA-06-0129-01A-01D-0215-04	18	22089984	22337281	34	0.2104
TCGA-06-0129-01A-01D-0215-04	18	22343221	24030112	139	-0.3019
TCGA-06-0129-01A-01D-0215-04	18	24048647	25083165	37	0.0381
TCGA-06-0129-01A-01D-0215-04	18	25105421	26657800	45	-0.2694
TCGA-06-0129-01A-01D-0215-04	18	26692596	26866194	12	0.0232
TCGA-06-0129-01A-01D-0215-04	18	26875362	27500766	63	-0.2574
TCGA-06-0129-01A-01D-0215-04	18	27508592	27757039	28	0.1895
TCGA-06-0129-01A-01D-0215-04	18	27765266	27929523	15	-0.2026
TCGA-06-0129-01A-01D-0215-04	18	27939936	28025780	10	0.1639
TCGA-06-0129-01A-01D-0215-04	18	28036856	28866988	72	-0.2926
TCGA-06-0129-01A-01D-0215-04	18	28877773	28940455	7	0.1008
TCGA-06-0129-01A-01D-0215-04	18	28946724	28946724	1	NA
TCGA-06-0129-01A-01D-0215-04	18	28957602	29434924	45	-0.2555
TCGA-06-0129-01A-01D-0215-04	18	29457213	29686675	19	0.0665
TCGA-06-0129-01A-01D-0215-04	18	29693249	30435622	60	-0.2414
TCGA-06-0129-01A-01D-0215-04	18	30444426	30525927	10	0.0182
TCGA-06-0129-01A-01D-0215-04	18	30533853	31344528	88	-0.2713
TCGA-06-0129-01A-01D-0215-04	18	31376478	31566422	16	0.1502
TCGA-06-0129-01A-01D-0215-04	18	31605059	32298293	75	-0.2496
TCGA-06-0129-01A-01D-0215-04	18	32305981	32377497	9	-0.5333
TCGA-06-0129-01A-01D-0215-04	18	32382254	32483714	12	-0.2441
TCGA-06-0129-01A-01D-0215-04	18	32492010	33032841	57	0.0268
TCGA-06-0129-01A-01D-0215-04	18	33044506	38513314	266	-0.2585
TCGA-06-0129-01A-01D-0215-04	18	38525320	39368767	74	0.0341
TCGA-06-0129-01A-01D-0215-04	18	39397462	40256980	32	-0.1782
TCGA-06-0129-01A-01D-0215-04	18	40272792	40882335	55	-0.4537
TCGA-06-0129-01A-01D-0215-04	18	40891945	41384359	37	-0.0098
TCGA-06-0129-01A-01D-0215-04	18	41393700	41446280	5	-0.5108
TCGA-06-0129-01A-01D-0215-04	18	41452231	43515120	215	-0.2281
TCGA-06-0129-01A-01D-0215-04	18	43537771	43629003	8	0.2083
TCGA-06-0129-01A-01D-0215-04	18	43636926	44893624	111	-0.1555
TCGA-06-0129-01A-01D-0215-04	18	44899127	45477996	58	0.2123
TCGA-06-0129-01A-01D-0215-04	18	45532384	49001800	290	-0.1955
TCGA-06-0129-01A-01D-0215-04	18	49011511	49319680	37	0.0864
TCGA-06-0129-01A-01D-0215-04	18	49338411	49539385	11	-0.2864
TCGA-06-0129-01A-01D-0215-04	18	49594812	51219806	115	0.0854
TCGA-06-0129-01A-01D-0215-04	18	51229071	52211814	62	-0.2449
TCGA-06-0129-01A-01D-0215-04	18	52264424	52565785	24	0.0321
TCGA-06-0129-01A-01D-0215-04	18	52575484	53959734	133	-0.2094
TCGA-06-0129-01A-01D-0215-04	18	53975968	54161059	24	0.111
TCGA-06-0129-01A-01D-0215-04	18	54167690	56349826	220	-0.2393
TCGA-06-0129-01A-01D-0215-04	18	56396053	57346418	46	-0.0375
TCGA-06-0129-01A-01D-0215-04	18	57354804	57735067	29	-0.3937
TCGA-06-0129-01A-01D-0215-04	18	57764686	59441845	168	-0.1752
TCGA-06-0129-01A-01D-0215-04	18	59455026	59455026	1	NA
TCGA-06-0129-01A-01D-0215-04	18	59462028	59523865	9	-0.5609
TCGA-06-0129-01A-01D-0215-04	18	59531837	59531837	1	NA
TCGA-06-0129-01A-01D-0215-04	18	59538213	59702054	16	-0.2252
TCGA-06-0129-01A-01D-0215-04	18	59705946	60030125	37	0.0501
TCGA-06-0129-01A-01D-0215-04	18	60044410	61010676	42	-0.2128
TCGA-06-0129-01A-01D-0215-04	18	61045097	61045097	1	NA
TCGA-06-0129-01A-01D-0215-04	18	61108074	62144047	48	0.0995
TCGA-06-0129-01A-01D-0215-04	18	62185593	64796820	132	-0.2485
TCGA-06-0129-01A-01D-0215-04	18	64810346	64904611	9	0.1705
TCGA-06-0129-01A-01D-0215-04	18	64925698	69032634	241	-0.2028
TCGA-06-0129-01A-01D-0215-04	18	69041155	69637600	23	0.1358
TCGA-06-0129-01A-01D-0215-04	18	69666858	70097895	34	-0.3391
TCGA-06-0129-01A-01D-0215-04	18	70103203	70513816	47	-0.0867
TCGA-06-0129-01A-01D-0215-04	18	70526985	71057128	62	-0.3465
TCGA-06-0129-01A-01D-0215-04	18	71064229	71227231	21	-0.0926
TCGA-06-0129-01A-01D-0215-04	18	71236891	73617559	204	-0.3137
TCGA-06-0129-01A-01D-0215-04	18	73633218	73816760	14	0.0225
TCGA-06-0129-01A-01D-0215-04	18	73832221	74394508	40	-0.3469
TCGA-06-0129-01A-01D-0215-04	18	74403567	74743260	28	0.0036
TCGA-06-0129-01A-01D-0215-04	18	74753475	74753475	1	NA
TCGA-06-0129-01A-01D-0215-04	18	74770570	74849276	10	-0.3177
TCGA-06-0129-01A-01D-0215-04	18	74859079	75004802	17	0.1233
TCGA-06-0129-01A-01D-0215-04	18	75015240	76110964	121	-0.3084
TCGA-06-0129-01A-01D-0215-04	19	64418	990557	121	0.5524
TCGA-06-0129-01A-01D-0215-04	19	997666	20383210	2266	0.1413
TCGA-06-0129-01A-01D-0215-04	19	20422576	20493401	5	-0.8298
TCGA-06-0129-01A-01D-0215-04	19	20510787	60903915	3238	0.1056
TCGA-06-0129-01A-01D-0215-04	19	60912183	60920037	2	1.7859
TCGA-06-0129-01A-01D-0215-04	19	60930583	63784327	345	0.0655
TCGA-06-0129-01A-01D-0215-04	2	20341	241883395	18431	0.0373
TCGA-06-0129-01A-01D-0215-04	2	241889375	242023045	16	0.2612
TCGA-06-0129-01A-01D-0215-04	2	242031358	242501239	51	-0.0401
TCGA-06-0129-01A-01D-0215-04	2	242505261	242677069	33	-0.8122
TCGA-06-0129-01A-01D-0215-04	2	242689978	242717016	3	0.0808
TCGA-06-0129-01A-01D-0215-04	20	8747	31074897	2446	0.0362
TCGA-06-0129-01A-01D-0215-04	20	31078532	31147292	12	-0.1933
TCGA-06-0129-01A-01D-0215-04	20	31157647	45328031	1401	0.0837
TCGA-06-0129-01A-01D-0215-04	20	45336191	45602356	20	0.3034
TCGA-06-0129-01A-01D-0215-04	20	45613869	46889184	84	-0.0312
TCGA-06-0129-01A-01D-0215-04	20	46905098	47286263	36	0.2479
TCGA-06-0129-01A-01D-0215-04	20	47292408	62379059	1332	0.0216
TCGA-06-0129-01A-01D-0215-04	21	9896630	33524718	1646	0.0441
TCGA-06-0129-01A-01D-0215-04	21	33536024	33615131	11	0.65
TCGA-06-0129-01A-01D-0215-04	21	33623935	34121981	76	0.2179
TCGA-06-0129-01A-01D-0215-04	21	34132594	46914686	1629	0.0154
TCGA-06-0129-01A-01D-0215-04	22	14504218	19687923	479	-0.0912
TCGA-06-0129-01A-01D-0215-04	22	19692237	19835358	21	-0.3524
TCGA-06-0129-01A-01D-0215-04	22	19891470	20431215	37	0.1998
TCGA-06-0129-01A-01D-0215-04	22	20440182	21110968	79	-0.2857
TCGA-06-0129-01A-01D-0215-04	22	21124020	21328284	29	0.026
TCGA-06-0129-01A-01D-0215-04	22	21337368	22309303	114	-0.3057
TCGA-06-0129-01A-01D-0215-04	22	22314135	22536357	41	0.0724
TCGA-06-0129-01A-01D-0215-04	22	22542425	22671374	19	-0.3349
TCGA-06-0129-01A-01D-0215-04	22	22677959	22809468	21	-0.0057
TCGA-06-0129-01A-01D-0215-04	22	22818422	22901060	13	-0.4064
TCGA-06-0129-01A-01D-0215-04	22	22904559	23141565	29	-0.1269
TCGA-06-0129-01A-01D-0215-04	22	23145952	23184154	9	-0.4195
TCGA-06-0129-01A-01D-0215-04	22	23191596	23631283	53	0.0684
TCGA-06-0129-01A-01D-0215-04	22	23639428	25071887	171	-0.2761
TCGA-06-0129-01A-01D-0215-04	22	25078551	25217364	28	0.0287
TCGA-06-0129-01A-01D-0215-04	22	25222717	26760035	102	-0.366
TCGA-06-0129-01A-01D-0215-04	22	26771104	26820742	7	-0.122
TCGA-06-0129-01A-01D-0215-04	22	26828859	27128362	16	0.1596
TCGA-06-0129-01A-01D-0215-04	22	27148115	27148115	1	NA
TCGA-06-0129-01A-01D-0215-04	22	27167023	28111639	115	-0.1827
TCGA-06-0129-01A-01D-0215-04	22	28118671	28223355	19	0.1696
TCGA-06-0129-01A-01D-0215-04	22	28232207	28415455	28	-0.1935
TCGA-06-0129-01A-01D-0215-04	22	28422388	29189022	116	0.0729
TCGA-06-0129-01A-01D-0215-04	22	29198505	29531016	57	-0.2555
TCGA-06-0129-01A-01D-0215-04	22	29539646	29656594	17	0.146
TCGA-06-0129-01A-01D-0215-04	22	29659813	30643625	136	-0.1841
TCGA-06-0129-01A-01D-0215-04	22	30653041	30876139	26	0.0605
TCGA-06-0129-01A-01D-0215-04	22	30885946	34482413	344	-0.2332
TCGA-06-0129-01A-01D-0215-04	22	34495789	34689122	25	0.2387
TCGA-06-0129-01A-01D-0215-04	22	34696205	35401452	95	-0.1793
TCGA-06-0129-01A-01D-0215-04	22	35410265	35777311	68	0.0074
TCGA-06-0129-01A-01D-0215-04	22	35787755	36857573	172	-0.2282
TCGA-06-0129-01A-01D-0215-04	22	36868339	36945228	13	0.1759
TCGA-06-0129-01A-01D-0215-04	22	36950382	37683516	114	-0.1908
TCGA-06-0129-01A-01D-0215-04	22	37689058	37715385	6	-0.8055
TCGA-06-0129-01A-01D-0215-04	22	37718669	38105629	61	-0.2117
TCGA-06-0129-01A-01D-0215-04	22	38112137	38270990	23	0.0494
TCGA-06-0129-01A-01D-0215-04	22	38280056	38475050	26	-0.3409
TCGA-06-0129-01A-01D-0215-04	22	38482682	38621264	16	0.1782
TCGA-06-0129-01A-01D-0215-04	22	38628799	39715122	139	-0.111
TCGA-06-0129-01A-01D-0215-04	22	39723737	39906934	20	0.2171
TCGA-06-0129-01A-01D-0215-04	22	39921456	41880110	278	-0.1792
TCGA-06-0129-01A-01D-0215-04	22	41883794	42082333	29	-0.4042
TCGA-06-0129-01A-01D-0215-04	22	42089772	42191971	11	0.011
TCGA-06-0129-01A-01D-0215-04	22	42198867	42298442	12	-0.4432
TCGA-06-0129-01A-01D-0215-04	22	42303591	42568629	36	0.0615
TCGA-06-0129-01A-01D-0215-04	22	42574476	42574476	1	NA
TCGA-06-0129-01A-01D-0215-04	22	42581668	44106930	169	-0.349
TCGA-06-0129-01A-01D-0215-04	22	44114944	44672990	64	-0.1228
TCGA-06-0129-01A-01D-0215-04	22	44688675	46900369	260	-0.3576
TCGA-06-0129-01A-01D-0215-04	22	46904472	47015851	11	-0.0463
TCGA-06-0129-01A-01D-0215-04	22	47033227	48839989	182	-0.324
TCGA-06-0129-01A-01D-0215-04	22	48845399	49027619	35	0.0074
TCGA-06-0129-01A-01D-0215-04	22	49031032	49039065	3	-0.5976
TCGA-06-0129-01A-01D-0215-04	22	49044244	49204004	19	0.0175
TCGA-06-0129-01A-01D-0215-04	22	49216426	49565816	64	-0.3398
TCGA-06-0129-01A-01D-0215-04	23	2710316	23708590	1751	-0.0016
TCGA-06-0129-01A-01D-0215-04	23	23713543	24138077	48	0.2638
TCGA-06-0129-01A-01D-0215-04	23	24144397	57620294	2614	0.0474
TCGA-06-0129-01A-01D-0215-04	23	57624937	57725043	9	1.1266
TCGA-06-0129-01A-01D-0215-04	23	57747993	151255639	6117	0.0276
TCGA-06-0129-01A-01D-0215-04	23	151267594	153127027	231	0.7273
TCGA-06-0129-01A-01D-0215-04	23	153158679	153176364	3	1.5777
TCGA-06-0129-01A-01D-0215-04	23	153186834	153555953	59	0.6942
TCGA-06-0129-01A-01D-0215-04	23	153566897	154037006	60	0.9338
TCGA-06-0129-01A-01D-0215-04	23	154050185	154078819	3	1.7103
TCGA-06-0129-01A-01D-0215-04	23	154086636	154582414	43	0.8922
TCGA-06-0129-01A-01D-0215-04	24	2710450	57440809	1293	-0.012
TCGA-06-0129-01A-01D-0215-04	3	39066	126596178	9946	0.0306
TCGA-06-0129-01A-01D-0215-04	3	126618790	126787794	19	0.2433
TCGA-06-0129-01A-01D-0215-04	3	126796468	136988221	939	0.0058
TCGA-06-0129-01A-01D-0215-04	3	137032053	137461910	35	0.1711
TCGA-06-0129-01A-01D-0215-04	3	137465874	137539050	8	-0.2017
TCGA-06-0129-01A-01D-0215-04	3	137550640	161435742	1831	0.0438
TCGA-06-0129-01A-01D-0215-04	3	161452051	162037903	70	-0.1766
TCGA-06-0129-01A-01D-0215-04	3	162046916	163987457	108	0.0512
TCGA-06-0129-01A-01D-0215-04	3	163997228	164101776	8	-0.6984
TCGA-06-0129-01A-01D-0215-04	3	164112873	196481383	2571	0.0592
TCGA-06-0129-01A-01D-0215-04	3	196491220	196642068	18	0.3312
TCGA-06-0129-01A-01D-0215-04	3	196653632	196830270	59	0.0998
TCGA-06-0129-01A-01D-0215-04	3	196904349	196942158	7	-0.8662
TCGA-06-0129-01A-01D-0215-04	3	196943380	196978235	6	-0.1713
TCGA-06-0129-01A-01D-0215-04	3	196987484	199321387	259	0.152
TCGA-06-0129-01A-01D-0215-04	3	199329592	199379566	2	-0.5038
TCGA-06-0129-01A-01D-0215-04	4	41413	3555458	396	0.0194
TCGA-06-0129-01A-01D-0215-04	4	3560534	3589684	5	-0.5351
TCGA-06-0129-01A-01D-0215-04	4	3606632	38799384	2271	-0.012
TCGA-06-0129-01A-01D-0215-04	4	38810791	40505733	170	0.2217
TCGA-06-0129-01A-01D-0215-04	4	40511598	68881090	1657	0.0294
TCGA-06-0129-01A-01D-0215-04	4	68896316	68896316	1	NA
TCGA-06-0129-01A-01D-0215-04	4	68905670	69657500	14	-0.3779
TCGA-06-0129-01A-01D-0215-04	4	69665979	70327740	59	0.0341
TCGA-06-0129-01A-01D-0215-04	4	70338878	70503613	15	-0.2515
TCGA-06-0129-01A-01D-0215-04	4	70510559	77680756	646	0.0143
TCGA-06-0129-01A-01D-0215-04	4	77686833	77708593	3	-0.4409
TCGA-06-0129-01A-01D-0215-04	4	77718707	80401287	258	-0.0058
TCGA-06-0129-01A-01D-0215-04	4	80412066	80432915	3	-0.6763
TCGA-06-0129-01A-01D-0215-04	4	80442924	117543413	2917	0.0336
TCGA-06-0129-01A-01D-0215-04	4	117585110	118161396	19	-0.5698
TCGA-06-0129-01A-01D-0215-04	4	118183186	129200793	701	0.0113
TCGA-06-0129-01A-01D-0215-04	4	129215502	129350691	15	0.3004
TCGA-06-0129-01A-01D-0215-04	4	129362841	130256677	68	0.0218
TCGA-06-0129-01A-01D-0215-04	4	130270739	135399560	198	-0.4188
TCGA-06-0129-01A-01D-0215-04	4	135414559	137639391	82	-0.7397
TCGA-06-0129-01A-01D-0215-04	4	137680299	138967778	50	-0.2976
TCGA-06-0129-01A-01D-0215-04	4	139021524	139511290	26	-0.7278
TCGA-06-0129-01A-01D-0215-04	4	139544508	141725134	183	-0.3214
TCGA-06-0129-01A-01D-0215-04	4	141746559	143477470	146	-0.5668
TCGA-06-0129-01A-01D-0215-04	4	143485693	144222147	51	-0.3283
TCGA-06-0129-01A-01D-0215-04	4	144250307	145564481	93	0.029
TCGA-06-0129-01A-01D-0215-04	4	145594695	148701429	237	-0.7859
TCGA-06-0129-01A-01D-0215-04	4	148711467	150220135	114	-0.0031
TCGA-06-0129-01A-01D-0215-04	4	150259092	150314669	3	-0.7688
TCGA-06-0129-01A-01D-0215-04	4	150326611	150968561	63	-0.0017
TCGA-06-0129-01A-01D-0215-04	4	150984815	191027816	2878	-0.7667
TCGA-06-0129-01A-01D-0215-04	4	191053785	191173837	11	-0.1439
TCGA-06-0129-01A-01D-0215-04	5	75149	112355683	7578	0.024
TCGA-06-0129-01A-01D-0215-04	5	112365025	112389207	4	0.6082
TCGA-06-0129-01A-01D-0215-04	5	112396972	122887937	686	0.0098
TCGA-06-0129-01A-01D-0215-04	5	122893715	122968389	10	0.3669
TCGA-06-0129-01A-01D-0215-04	5	122979260	140196482	1544	0.0466
TCGA-06-0129-01A-01D-0215-04	5	140203440	140216524	4	-0.7174
TCGA-06-0129-01A-01D-0215-04	5	140221835	140371498	21	0.101
TCGA-06-0129-01A-01D-0215-04	5	140379269	140379269	1	NA
TCGA-06-0129-01A-01D-0215-04	5	140386594	140833983	86	0.4021
TCGA-06-0129-01A-01D-0215-04	5	140838300	140894037	9	0.0098
TCGA-06-0129-01A-01D-0215-04	5	140905792	140937303	5	0.3687
TCGA-06-0129-01A-01D-0215-04	5	140946865	141390245	53	-0.0082
TCGA-06-0129-01A-01D-0215-04	5	141410412	141506281	10	0.3968
TCGA-06-0129-01A-01D-0215-04	5	141513834	176478052	2764	0.0133
TCGA-06-0129-01A-01D-0215-04	5	176484401	176704970	29	0.2829
TCGA-06-0129-01A-01D-0215-04	5	176709209	180644810	440	0.0315
TCGA-06-0129-01A-01D-0215-04	6	97634	2308091	220	-0.3717
TCGA-06-0129-01A-01D-0215-04	6	2325299	4475469	222	0.0365
TCGA-06-0129-01A-01D-0215-04	6	4492513	8046936	331	-0.3461
TCGA-06-0129-01A-01D-0215-04	6	8055036	9810706	62	0.0489
TCGA-06-0129-01A-01D-0215-04	6	9820001	31275262	1924	-0.2712
TCGA-06-0129-01A-01D-0215-04	6	31279064	31513547	25	0.0499
TCGA-06-0129-01A-01D-0215-04	6	31524777	32586131	181	-0.2369
TCGA-06-0129-01A-01D-0215-04	6	32595402	32629848	4	-1.6281
TCGA-06-0129-01A-01D-0215-04	6	32634044	32914758	36	-0.2001
TCGA-06-0129-01A-01D-0215-04	6	32918832	33487338	91	0.0241
TCGA-06-0129-01A-01D-0215-04	6	33492394	33777002	34	-0.2967
TCGA-06-0129-01A-01D-0215-04	6	33781564	34271132	41	-0.0228
TCGA-06-0129-01A-01D-0215-04	6	34294918	34395815	12	0.3411
TCGA-06-0129-01A-01D-0215-04	6	34404868	34469519	7	0.6503
TCGA-06-0129-01A-01D-0215-04	6	34484612	34663072	25	0.1604
TCGA-06-0129-01A-01D-0215-04	6	34673781	34877027	24	0.5121
TCGA-06-0129-01A-01D-0215-04	6	34890549	34903212	3	4.4083
TCGA-06-0129-01A-01D-0215-04	6	34909926	35022588	14	0.378
TCGA-06-0129-01A-01D-0215-04	6	35037602	35222999	23	-0.2044
TCGA-06-0129-01A-01D-0215-04	6	35235459	35235459	1	NA
TCGA-06-0129-01A-01D-0215-04	6	35244900	35623754	48	0.2919
TCGA-06-0129-01A-01D-0215-04	6	35634903	35737972	15	0.7578
TCGA-06-0129-01A-01D-0215-04	6	35744273	35762623	4	0.314
TCGA-06-0129-01A-01D-0215-04	6	35780196	36402892	75	2.7733
TCGA-06-0129-01A-01D-0215-04	6	36408318	36408318	1	NA
TCGA-06-0129-01A-01D-0215-04	6	36413144	36500819	11	4.6263
TCGA-06-0129-01A-01D-0215-04	6	36509147	36930444	55	2.9128
TCGA-06-0129-01A-01D-0215-04	6	36934512	37029709	13	4.8585
TCGA-06-0129-01A-01D-0215-04	6	37035852	37482450	55	3.3025
TCGA-06-0129-01A-01D-0215-04	6	37492009	37924842	36	2.9081
TCGA-06-0129-01A-01D-0215-04	6	37934330	37950732	3	4.9873
TCGA-06-0129-01A-01D-0215-04	6	37957771	38018474	9	2.9459
TCGA-06-0129-01A-01D-0215-04	6	38032465	38113119	10	-0.1046
TCGA-06-0129-01A-01D-0215-04	6	38122015	38266294	16	0.5106
TCGA-06-0129-01A-01D-0215-04	6	38274315	38671475	40	-0.2241
TCGA-06-0129-01A-01D-0215-04	6	38687753	38846165	19	0.1575
TCGA-06-0129-01A-01D-0215-04	6	38852506	39078549	23	3.1571
TCGA-06-0129-01A-01D-0215-04	6	39084551	39177289	13	2.712
TCGA-06-0129-01A-01D-0215-04	6	39181013	39271467	9	3.0224
TCGA-06-0129-01A-01D-0215-04	6	39279911	39699109	48	2.4583
TCGA-06-0129-01A-01D-0215-04	6	39710107	39842141	15	2.7673
TCGA-06-0129-01A-01D-0215-04	6	39860981	39990463	15	0.1427
TCGA-06-0129-01A-01D-0215-04	6	39997135	40045871	5	0.8019
TCGA-06-0129-01A-01D-0215-04	6	40067844	40449883	16	-0.1457
TCGA-06-0129-01A-01D-0215-04	6	40458532	40635070	21	0.2704
TCGA-06-0129-01A-01D-0215-04	6	40643350	41247076	48	-0.1339
TCGA-06-0129-01A-01D-0215-04	6	41251777	41290310	8	0.5292
TCGA-06-0129-01A-01D-0215-04	6	41297164	41369579	11	-0.2182
TCGA-06-0129-01A-01D-0215-04	6	41381305	41381305	1	NA
TCGA-06-0129-01A-01D-0215-04	6	41393692	41498736	9	0.368
TCGA-06-0129-01A-01D-0215-04	6	41541234	41676612	13	-0.3444
TCGA-06-0129-01A-01D-0215-04	6	41685346	41784731	16	-0.1119
TCGA-06-0129-01A-01D-0215-04	6	41792436	41812580	4	3.9345
TCGA-06-0129-01A-01D-0215-04	6	41822561	41947439	18	0.1719
TCGA-06-0129-01A-01D-0215-04	6	41954741	42083352	20	4.4749
TCGA-06-0129-01A-01D-0215-04	6	42092601	42101823	2	0.8158
TCGA-06-0129-01A-01D-0215-04	6	42114509	42184248	9	4.8256
TCGA-06-0129-01A-01D-0215-04	6	42198643	42277293	12	4.0761
TCGA-06-0129-01A-01D-0215-04	6	42281439	42536732	31	-0.0396
TCGA-06-0129-01A-01D-0215-04	6	42551294	42607094	5	0.4824
TCGA-06-0129-01A-01D-0215-04	6	42624335	42811280	23	0.0289
TCGA-06-0129-01A-01D-0215-04	6	42821127	42859926	7	4.4968
TCGA-06-0129-01A-01D-0215-04	6	42869373	42869373	1	NA
TCGA-06-0129-01A-01D-0215-04	6	42880446	43868748	140	-0.1386
TCGA-06-0129-01A-01D-0215-04	6	43877830	44329559	53	-0.3874
TCGA-06-0129-01A-01D-0215-04	6	44330791	45729499	127	0.0465
TCGA-06-0129-01A-01D-0215-04	6	45786691	46407547	62	-0.414
TCGA-06-0129-01A-01D-0215-04	6	46417778	47345458	88	0.0469
TCGA-06-0129-01A-01D-0215-04	6	47353909	47475363	9	-0.3993
TCGA-06-0129-01A-01D-0215-04	6	47509489	47591217	8	-0.0449
TCGA-06-0129-01A-01D-0215-04	6	47602750	48255739	68	-0.3817
TCGA-06-0129-01A-01D-0215-04	6	48276759	49571941	52	0.0138
TCGA-06-0129-01A-01D-0215-04	6	49588509	50025375	48	-0.3718
TCGA-06-0129-01A-01D-0215-04	6	50035946	50106466	11	0.0317
TCGA-06-0129-01A-01D-0215-04	6	50112131	50582022	20	-0.3498
TCGA-06-0129-01A-01D-0215-04	6	50595791	50963551	27	0.1198
TCGA-06-0129-01A-01D-0215-04	6	50982266	55078960	339	-0.3275
TCGA-06-0129-01A-01D-0215-04	6	55103800	170867396	8120	0.0445
TCGA-06-0129-01A-01D-0215-04	7	140213	38259147	3337	0.0447
TCGA-06-0129-01A-01D-0215-04	7	38262701	38290450	7	0.6139
TCGA-06-0129-01A-01D-0215-04	7	38296218	38296218	1	NA
TCGA-06-0129-01A-01D-0215-04	7	38305379	38634244	37	0.0402
TCGA-06-0129-01A-01D-0215-04	7	38641627	38677168	4	-0.4136
TCGA-06-0129-01A-01D-0215-04	7	38689915	44847974	555	0.0242
TCGA-06-0129-01A-01D-0215-04	7	44853365	44920701	12	0.2866
TCGA-06-0129-01A-01D-0215-04	7	44944165	141408013	7608	0.0607
TCGA-06-0129-01A-01D-0215-04	7	141413352	141438504	3	-0.6961
TCGA-06-0129-01A-01D-0215-04	7	141452085	141687978	26	-0.025
TCGA-06-0129-01A-01D-0215-04	7	141705163	141711513	2	-1.353
TCGA-06-0129-01A-01D-0215-04	7	141720324	142152205	50	0.0609
TCGA-06-0129-01A-01D-0215-04	7	142159154	142347398	31	-0.2606
TCGA-06-0129-01A-01D-0215-04	7	142355874	142738705	56	0.0228
TCGA-06-0129-01A-01D-0215-04	7	142746762	142807862	14	-0.2365
TCGA-06-0129-01A-01D-0215-04	7	142812182	143465987	67	0.0384
TCGA-06-0129-01A-01D-0215-04	7	143473264	143584350	8	0.4704
TCGA-06-0129-01A-01D-0215-04	7	143705425	147452359	332	0.0015
TCGA-06-0129-01A-01D-0215-04	7	147459461	147569252	12	-0.8106
TCGA-06-0129-01A-01D-0215-04	7	147574631	158811268	1079	0.0096
TCGA-06-0129-01A-01D-0215-04	8	63810	8882130	691	-0.0437
TCGA-06-0129-01A-01D-0215-04	8	8895264	8895264	1	NA
TCGA-06-0129-01A-01D-0215-04	8	8903727	8911176	3	0.6717
TCGA-06-0129-01A-01D-0215-04	8	8924973	15437205	509	0.0153
TCGA-06-0129-01A-01D-0215-04	8	15447810	15453544	2	-0.9713
TCGA-06-0129-01A-01D-0215-04	8	15466032	39341524	1963	0.024
TCGA-06-0129-01A-01D-0215-04	8	39356595	39505256	20	0.487
TCGA-06-0129-01A-01D-0215-04	8	39511632	41631427	164	0.0271
TCGA-06-0129-01A-01D-0215-04	8	41634148	41662031	7	-0.3536
TCGA-06-0129-01A-01D-0215-04	8	41666173	42735555	112	0.0844
TCGA-06-0129-01A-01D-0215-04	8	42742231	42828572	9	0.424
TCGA-06-0129-01A-01D-0215-04	8	42836103	95385495	3431	0.0129
TCGA-06-0129-01A-01D-0215-04	8	95413226	95959965	60	0.1898
TCGA-06-0129-01A-01D-0215-04	8	95963534	146264846	3988	-0.0028
TCGA-06-0129-01A-01D-0215-04	9	153131	4479545	403	0.0168
TCGA-06-0129-01A-01D-0215-04	9	4488207	4506438	4	-1.0704
TCGA-06-0129-01A-01D-0215-04	9	4518230	19025007	1098	0.0323
TCGA-06-0129-01A-01D-0215-04	9	19029291	19362057	36	0.2153
TCGA-06-0129-01A-01D-0215-04	9	19368480	37701328	1441	0.0401
TCGA-06-0129-01A-01D-0215-04	9	37708444	37883635	22	0.2208
TCGA-06-0129-01A-01D-0215-04	9	37887713	70091642	114	-0.0466
TCGA-06-0129-01A-01D-0215-04	9	70174301	85177626	1101	-0.7684
TCGA-06-0129-01A-01D-0215-04	9	85188169	87482148	189	0.0859
TCGA-06-0129-01A-01D-0215-04	9	87488784	87664070	16	-0.4809
TCGA-06-0129-01A-01D-0215-04	9	87676981	91153997	259	-0.7591
TCGA-06-0129-01A-01D-0215-04	9	91158567	91399316	25	-0.9934
TCGA-06-0129-01A-01D-0215-04	9	91406554	94031661	192	-0.7619
TCGA-06-0129-01A-01D-0215-04	9	94049622	95352796	147	0.0763
TCGA-06-0129-01A-01D-0215-04	9	95364258	95877433	41	-0.1238
TCGA-06-0129-01A-01D-0215-04	9	95885026	110838301	1182	0.0688
TCGA-06-0129-01A-01D-0215-04	9	110842350	110999593	24	0.4197
TCGA-06-0129-01A-01D-0215-04	9	111010115	111280393	31	0.0133
TCGA-06-0129-01A-01D-0215-04	9	111288098	112012675	79	0.3173
TCGA-06-0129-01A-01D-0215-04	9	112017124	112100638	12	-0.0815
TCGA-06-0129-01A-01D-0215-04	9	112106511	115785222	385	0.3529
TCGA-06-0129-01A-01D-0215-04	9	115796747	122381265	497	-0.0269
TCGA-06-0129-01A-01D-0215-04	9	122389072	124287692	207	0.235
TCGA-06-0129-01A-01D-0215-04	9	124292635	124430335	22	0.585
TCGA-06-0129-01A-01D-0215-04	9	124438099	124753315	49	0.0971
TCGA-06-0129-01A-01D-0215-04	9	124759190	126094912	133	0.5915
TCGA-06-0129-01A-01D-0215-04	9	126105297	126170213	9	0.2695
TCGA-06-0129-01A-01D-0215-04	9	126179423	130007310	449	0.6094
TCGA-06-0129-01A-01D-0215-04	9	130012982	131501573	202	0.1298
TCGA-06-0129-01A-01D-0215-04	9	131514487	133468271	214	0.6155
TCGA-06-0129-01A-01D-0215-04	9	133475713	140241876	820	0.0203
