barcode	chromosome	start	stop	num.mark	seg.mean
TCGA-12-1096-01A-01D-0518-04	1	554268	554268	1	NA
TCGA-12-1096-01A-01D-0518-04	1	554287	9929259	960	0.0185
TCGA-12-1096-01A-01D-0518-04	1	9933283	10637926	86	-0.2747
TCGA-12-1096-01A-01D-0518-04	1	10646675	16704725	540	0.0382
TCGA-12-1096-01A-01D-0518-04	1	16719747	17124554	21	-0.5471
TCGA-12-1096-01A-01D-0518-04	1	17130528	17130528	1	NA
TCGA-12-1096-01A-01D-0518-04	1	17148592	72533856	5188	0.028
TCGA-12-1096-01A-01D-0518-04	1	72550248	72568009	2	1.8541
TCGA-12-1096-01A-01D-0518-04	1	72602597	103898005	2213	0.0063
TCGA-12-1096-01A-01D-0518-04	1	103899771	103965274	8	0.5094
TCGA-12-1096-01A-01D-0518-04	1	104108153	150823073	1872	0.026
TCGA-12-1096-01A-01D-0518-04	1	150836484	150836484	1	NA
TCGA-12-1096-01A-01D-0518-04	1	150839754	150848509	3	-0.879
TCGA-12-1096-01A-01D-0518-04	1	150852858	151027357	32	-0.058
TCGA-12-1096-01A-01D-0518-04	1	151033188	151044659	4	0.8639
TCGA-12-1096-01A-01D-0518-04	1	151051980	201977456	4481	0.0211
TCGA-12-1096-01A-01D-0518-04	1	201986525	202819785	95	0.2562
TCGA-12-1096-01A-01D-0518-04	1	202828397	247190718	3737	0.0227
TCGA-12-1096-01A-01D-0518-04	10	115544	46384979	3437	-0.2726
TCGA-12-1096-01A-01D-0518-04	10	46396163	47060942	26	-0.587
TCGA-12-1096-01A-01D-0518-04	10	47074824	47172534	10	-0.9027
TCGA-12-1096-01A-01D-0518-04	10	47735472	47735472	1	NA
TCGA-12-1096-01A-01D-0518-04	10	47954413	56691696	664	-0.3014
TCGA-12-1096-01A-01D-0518-04	10	56703405	59544078	109	-0.7353
TCGA-12-1096-01A-01D-0518-04	10	59578226	135356671	6788	-0.2661
TCGA-12-1096-01A-01D-0518-04	11	182372	55118214	4215	-0.0674
TCGA-12-1096-01A-01D-0518-04	11	55124730	55187282	10	-0.7395
TCGA-12-1096-01A-01D-0518-04	11	55194990	134432265	7210	-0.0689
TCGA-12-1096-01A-01D-0518-04	12	33854	132278000	11166	-0.0071
TCGA-12-1096-01A-01D-0518-04	12	132289090	132289090	1	NA
TCGA-12-1096-01A-01D-0518-04	13	18065953	114123862	7652	-0.1557
TCGA-12-1096-01A-01D-0518-04	14	18149473	19090564	8	-0.2394
TCGA-12-1096-01A-01D-0518-04	14	19154992	19293976	6	-0.6663
TCGA-12-1096-01A-01D-0518-04	14	19297726	19453177	18	-0.2869
TCGA-12-1096-01A-01D-0518-04	14	19456276	19497023	9	-0.587
TCGA-12-1096-01A-01D-0518-04	14	19505698	68187093	4406	-0.301
TCGA-12-1096-01A-01D-0518-04	14	68191901	68395050	19	-0.0082
TCGA-12-1096-01A-01D-0518-04	14	68411031	70004717	186	-0.3003
TCGA-12-1096-01A-01D-0518-04	14	70010556	70045136	3	0.2971
TCGA-12-1096-01A-01D-0518-04	14	70051062	73071404	336	-0.293
TCGA-12-1096-01A-01D-0518-04	14	73075500	73114128	6	0.4547
TCGA-12-1096-01A-01D-0518-04	14	73123697	99421639	2321	-0.3058
TCGA-12-1096-01A-01D-0518-04	14	99428831	99483755	8	0.2556
TCGA-12-1096-01A-01D-0518-04	14	99492490	105839439	815	-0.2763
TCGA-12-1096-01A-01D-0518-04	14	105845658	106002179	16	-0.8502
TCGA-12-1096-01A-01D-0518-04	14	106017453	106017453	1	NA
TCGA-12-1096-01A-01D-0518-04	14	106028936	106349756	38	-0.4252
TCGA-12-1096-01A-01D-0518-04	15	18362555	18362555	1	NA
TCGA-12-1096-01A-01D-0518-04	15	18370712	18454050	5	-0.1332
TCGA-12-1096-01A-01D-0518-04	15	18657388	20079935	70	-0.8726
TCGA-12-1096-01A-01D-0518-04	15	20220416	100282819	7932	-0.1018
TCGA-12-1096-01A-01D-0518-04	16	28087	21258019	1983	-0.0675
TCGA-12-1096-01A-01D-0518-04	16	21382561	21501073	7	-0.5677
TCGA-12-1096-01A-01D-0518-04	16	21507188	31854837	985	-0.0766
TCGA-12-1096-01A-01D-0518-04	16	31862577	31862577	1	NA
TCGA-12-1096-01A-01D-0518-04	16	31958973	33758082	37	-0.4718
TCGA-12-1096-01A-01D-0518-04	16	33875313	88690571	3781	-0.0841
TCGA-12-1096-01A-01D-0518-04	17	29169	78653545	7657	0.0996
TCGA-12-1096-01A-01D-0518-04	18	4316	76110964	5774	-0.1813
TCGA-12-1096-01A-01D-0518-04	19	64418	63784327	5977	-0.0069
TCGA-12-1096-01A-01D-0518-04	2	20341	34524344	2704	-0.0397
TCGA-12-1096-01A-01D-0518-04	2	34539740	34539740	1	NA
TCGA-12-1096-01A-01D-0518-04	2	34556434	34580533	2	-1.281
TCGA-12-1096-01A-01D-0518-04	2	34608979	242717016	15827	-0.035
TCGA-12-1096-01A-01D-0518-04	20	8747	62379059	5331	-0.0458
TCGA-12-1096-01A-01D-0518-04	21	9896630	14334542	50	-0.3152
TCGA-12-1096-01A-01D-0518-04	21	14346873	46914686	3312	0.0097
TCGA-12-1096-01A-01D-0518-04	22	14504218	26450948	1208	-0.2694
TCGA-12-1096-01A-01D-0518-04	22	26460067	26466340	2	-1.1891
TCGA-12-1096-01A-01D-0518-04	22	26474239	49565816	2869	-0.2749
TCGA-12-1096-01A-01D-0518-04	23	2710316	83205859	5801	0.2592
TCGA-12-1096-01A-01D-0518-04	23	83212450	83231622	2	-0.9244
TCGA-12-1096-01A-01D-0518-04	23	83239481	87763885	294	0.2457
TCGA-12-1096-01A-01D-0518-04	23	87784286	87825908	2	-0.6518
TCGA-12-1096-01A-01D-0518-04	23	87860583	154582414	4839	0.313
TCGA-12-1096-01A-01D-0518-04	24	2710450	2965000	51	-0.4851
TCGA-12-1096-01A-01D-0518-04	24	2971261	6474449	99	-0.2522
TCGA-12-1096-01A-01D-0518-04	24	6518097	10595079	355	-0.5197
TCGA-12-1096-01A-01D-0518-04	24	10604528	12598397	20	-0.1724
TCGA-12-1096-01A-01D-0518-04	24	12604268	57440809	768	-0.5176
TCGA-12-1096-01A-01D-0518-04	3	39066	196830270	15612	0.0259
TCGA-12-1096-01A-01D-0518-04	3	196904349	196958467	11	-0.7591
TCGA-12-1096-01A-01D-0518-04	3	196968244	199379566	263	0.0329
TCGA-12-1096-01A-01D-0518-04	4	41413	7383211	768	-0.009
TCGA-12-1096-01A-01D-0518-04	4	7395329	7954484	67	-0.314
TCGA-12-1096-01A-01D-0518-04	4	7962617	25076196	1157	-0.0291
TCGA-12-1096-01A-01D-0518-04	4	25113936	25203893	4	1.8506
TCGA-12-1096-01A-01D-0518-04	4	25224719	54627390	1714	-0.0251
TCGA-12-1096-01A-01D-0518-04	4	54636355	55393375	52	1.8366
TCGA-12-1096-01A-01D-0518-04	4	55420297	70159690	799	-0.0172
TCGA-12-1096-01A-01D-0518-04	4	70184190	70264689	9	-0.617
TCGA-12-1096-01A-01D-0518-04	4	70296172	100188219	2589	-0.0233
TCGA-12-1096-01A-01D-0518-04	4	100197754	102017173	144	1.8788
TCGA-12-1096-01A-01D-0518-04	4	102038368	190719354	6019	-0.0234
TCGA-12-1096-01A-01D-0518-04	4	190749363	191173837	31	-0.2552
TCGA-12-1096-01A-01D-0518-04	5	75149	180644810	13244	0.0876
TCGA-12-1096-01A-01D-0518-04	6	97634	32558677	2963	-0.0128
TCGA-12-1096-01A-01D-0518-04	6	32567382	32629848	6	0.9341
TCGA-12-1096-01A-01D-0518-04	6	32634044	124466262	6517	-0.0119
TCGA-12-1096-01A-01D-0518-04	6	124478216	124478216	1	NA
TCGA-12-1096-01A-01D-0518-04	6	124484724	124505013	3	0.7567
TCGA-12-1096-01A-01D-0518-04	6	124521619	170867396	3775	-0.0134
TCGA-12-1096-01A-01D-0518-04	7	140213	6006721	623	0.3949
TCGA-12-1096-01A-01D-0518-04	7	6015467	6037319	4	2.2038
TCGA-12-1096-01A-01D-0518-04	7	6047037	38254010	2709	0.3572
TCGA-12-1096-01A-01D-0518-04	7	38259147	38335964	13	0.7872
TCGA-12-1096-01A-01D-0518-04	7	38343026	141687978	8241	0.391
TCGA-12-1096-01A-01D-0518-04	7	141705163	141711513	2	-3.417
TCGA-12-1096-01A-01D-0518-04	7	141720324	158811268	1649	0.3933
TCGA-12-1096-01A-01D-0518-04	8	63810	39341524	3169	0.0249
TCGA-12-1096-01A-01D-0518-04	8	39356595	39499752	19	-3.4268
TCGA-12-1096-01A-01D-0518-04	8	39505256	146264846	7772	0.0254
TCGA-12-1096-01A-01D-0518-04	9	153131	21845114	1790	0.0988
TCGA-12-1096-01A-01D-0518-04	9	21853204	21926007	9	-0.3139
TCGA-12-1096-01A-01D-0518-04	9	21934037	22166172	21	-0.6032
TCGA-12-1096-01A-01D-0518-04	9	22183169	44167273	1281	0.0939
TCGA-12-1096-01A-01D-0518-04	9	44199401	69214232	16	-0.2754
TCGA-12-1096-01A-01D-0518-04	9	70091642	140241876	6286	0.0963
