barcode	chromosome	start	stop	num.mark	seg.mean
TCGA-12-1600-01A-01D-0592-04	1	554268	736483	4	0.2619
TCGA-12-1600-01A-01D-0592-04	1	742533	16807713	1586	-0.0039
TCGA-12-1600-01A-01D-0592-04	1	16820714	17197648	27	-0.2796
TCGA-12-1600-01A-01D-0592-04	1	17208779	72533856	5180	0.027
TCGA-12-1600-01A-01D-0592-04	1	72550248	72568009	2	2.7728
TCGA-12-1600-01A-01D-0592-04	1	72602597	103898005	2213	0.0286
TCGA-12-1600-01A-01D-0592-04	1	103899771	103956767	6	0.5035
TCGA-12-1600-01A-01D-0592-04	1	103965227	110014625	372	0.0281
TCGA-12-1600-01A-01D-0592-04	1	110017502	110041428	4	-0.4004
TCGA-12-1600-01A-01D-0592-04	1	110057882	116950996	644	0.0366
TCGA-12-1600-01A-01D-0592-04	1	116970390	116995577	3	-0.7507
TCGA-12-1600-01A-01D-0592-04	1	117001475	117001475	1	NA
TCGA-12-1600-01A-01D-0592-04	1	117008723	143658181	293	0.0235
TCGA-12-1600-01A-01D-0592-04	1	143697723	144093719	19	-0.3214
TCGA-12-1600-01A-01D-0592-04	1	144099712	144099712	1	NA
TCGA-12-1600-01A-01D-0592-04	1	144112795	150839754	539	0.0245
TCGA-12-1600-01A-01D-0592-04	1	150844444	150848509	2	1.3484
TCGA-12-1600-01A-01D-0592-04	1	150852858	194978218	3872	0.0271
TCGA-12-1600-01A-01D-0592-04	1	195005520	195067764	8	-0.4607
TCGA-12-1600-01A-01D-0592-04	1	195091758	240111820	3765	0.0289
TCGA-12-1600-01A-01D-0592-04	1	240119583	240248444	14	0.4706
TCGA-12-1600-01A-01D-0592-04	1	240263553	246794522	646	0.0239
TCGA-12-1600-01A-01D-0592-04	1	246795223	246862029	10	-4.1797
TCGA-12-1600-01A-01D-0592-04	1	246874992	247190718	34	0.0903
TCGA-12-1600-01A-01D-0592-04	10	115544	135356671	11035	-0.6954
TCGA-12-1600-01A-01D-0592-04	11	182372	5738494	691	-0.0216
TCGA-12-1600-01A-01D-0592-04	11	5742476	5762182	4	-0.7374
TCGA-12-1600-01A-01D-0592-04	11	5766615	92423620	7240	0.0186
TCGA-12-1600-01A-01D-0592-04	11	92460198	92859739	32	-0.7851
TCGA-12-1600-01A-01D-0592-04	11	92866722	134432265	3468	0.0241
TCGA-12-1600-01A-01D-0592-04	12	33854	9452803	1015	-0.1095
TCGA-12-1600-01A-01D-0592-04	12	9528590	9585156	3	-1.975
TCGA-12-1600-01A-01D-0592-04	12	9613074	10457163	115	-0.1236
TCGA-12-1600-01A-01D-0592-04	12	10464018	10484956	4	-0.6825
TCGA-12-1600-01A-01D-0592-04	12	10493984	132289090	10030	-0.109
TCGA-12-1600-01A-01D-0592-04	13	18065953	56650373	3551	0.0217
TCGA-12-1600-01A-01D-0592-04	13	56658479	56673183	3	0.6029
TCGA-12-1600-01A-01D-0592-04	13	56691355	114123862	4098	0.0091
TCGA-12-1600-01A-01D-0592-04	14	18149473	19490630	40	-0.3082
TCGA-12-1600-01A-01D-0592-04	14	19497023	20300162	137	-0.0298
TCGA-12-1600-01A-01D-0592-04	14	20304809	20304809	1	NA
TCGA-12-1600-01A-01D-0592-04	14	20308658	20644909	66	1.2383
TCGA-12-1600-01A-01D-0592-04	14	20649351	22052799	184	0.0582
TCGA-12-1600-01A-01D-0592-04	14	22066142	23582412	197	1.3007
TCGA-12-1600-01A-01D-0592-04	14	23587390	25759212	197	-0.0288
TCGA-12-1600-01A-01D-0592-04	14	25805841	26079851	22	1.2568
TCGA-12-1600-01A-01D-0592-04	14	26088610	68266576	3610	-0.0331
TCGA-12-1600-01A-01D-0592-04	14	68306520	68687481	45	1.3176
TCGA-12-1600-01A-01D-0592-04	14	68693625	69070555	50	-0.0441
TCGA-12-1600-01A-01D-0592-04	14	69078818	69078818	1	NA
TCGA-12-1600-01A-01D-0592-04	14	69088190	69092211	2	1.0229
TCGA-12-1600-01A-01D-0592-04	14	69098569	72548658	376	-0.0428
TCGA-12-1600-01A-01D-0592-04	14	72553376	72783784	26	1.3111
TCGA-12-1600-01A-01D-0592-04	14	72794025	73410545	78	-5e-04
TCGA-12-1600-01A-01D-0592-04	14	73421758	73849799	62	1.333
TCGA-12-1600-01A-01D-0592-04	14	73861383	103278393	2702	-0.0434
TCGA-12-1600-01A-01D-0592-04	14	103285960	103630278	44	0.2124
TCGA-12-1600-01A-01D-0592-04	14	103634307	103735902	23	-0.0709
TCGA-12-1600-01A-01D-0592-04	14	103741120	103966885	28	0.1283
TCGA-12-1600-01A-01D-0592-04	14	103979271	104040166	8	0.2633
TCGA-12-1600-01A-01D-0592-04	14	104044993	104533357	82	1.1516
TCGA-12-1600-01A-01D-0592-04	14	104537408	106349756	215	-0.0785
TCGA-12-1600-01A-01D-0592-04	15	18362555	18790589	12	-0.4688
TCGA-12-1600-01A-01D-0592-04	15	18810004	19171383	13	-1.2522
TCGA-12-1600-01A-01D-0592-04	15	19195299	19321280	11	-0.7465
TCGA-12-1600-01A-01D-0592-04	15	19338183	19845942	19	-1.1659
TCGA-12-1600-01A-01D-0592-04	15	19860116	20627802	59	-0.8365
TCGA-12-1600-01A-01D-0592-04	15	20636478	22163893	74	-0.6709
TCGA-12-1600-01A-01D-0592-04	15	22232458	22289273	4	-1.2734
TCGA-12-1600-01A-01D-0592-04	15	22329016	32454294	874	-0.6724
TCGA-12-1600-01A-01D-0592-04	15	32458866	32517513	5	-1.1379
TCGA-12-1600-01A-01D-0592-04	15	32523241	32578483	8	-2.5483
TCGA-12-1600-01A-01D-0592-04	15	32590643	32654561	5	-1.4216
TCGA-12-1600-01A-01D-0592-04	15	32667508	100282819	6924	-0.6621
TCGA-12-1600-01A-01D-0592-04	16	28087	33486907	3006	-0.0986
TCGA-12-1600-01A-01D-0592-04	16	33495501	33539023	6	0.3781
TCGA-12-1600-01A-01D-0592-04	16	33758082	54343465	734	-0.1051
TCGA-12-1600-01A-01D-0592-04	16	54354643	54379834	5	-0.5775
TCGA-12-1600-01A-01D-0592-04	16	54390012	88690571	3043	-0.0997
TCGA-12-1600-01A-01D-0592-04	17	29169	41515622	4249	0.0635
TCGA-12-1600-01A-01D-0592-04	17	41521544	42049540	19	-0.4482
TCGA-12-1600-01A-01D-0592-04	17	42142363	63701419	1957	0.0746
TCGA-12-1600-01A-01D-0592-04	17	63709453	63739129	4	-0.4579
TCGA-12-1600-01A-01D-0592-04	17	63746539	78653545	1428	0.0466
TCGA-12-1600-01A-01D-0592-04	18	4316	76110964	5774	0.0098
TCGA-12-1600-01A-01D-0592-04	19	64418	2789838	347	0.3169
TCGA-12-1600-01A-01D-0592-04	19	2794594	6970058	484	-0.035
TCGA-12-1600-01A-01D-0592-04	19	7003997	56816785	4279	0.3834
TCGA-12-1600-01A-01D-0592-04	19	56831724	56840346	2	-0.9199
TCGA-12-1600-01A-01D-0592-04	19	56850433	63784327	865	0.3738
TCGA-12-1600-01A-01D-0592-04	2	20341	34539740	2705	-0.1786
TCGA-12-1600-01A-01D-0592-04	2	34556434	34580533	2	0.9722
TCGA-12-1600-01A-01D-0592-04	2	34608979	91263329	4302	-0.1712
TCGA-12-1600-01A-01D-0592-04	2	91391623	91625698	4	-0.6644
TCGA-12-1600-01A-01D-0592-04	2	94707984	150135895	3856	-0.1799
TCGA-12-1600-01A-01D-0592-04	2	150144169	150310257	11	-0.743
TCGA-12-1600-01A-01D-0592-04	2	150332304	150872457	30	-0.1733
TCGA-12-1600-01A-01D-0592-04	2	150911847	151445147	24	-0.7184
TCGA-12-1600-01A-01D-0592-04	2	151477708	242565932	7582	-0.1779
TCGA-12-1600-01A-01D-0592-04	2	242572731	242596654	6	-0.7286
TCGA-12-1600-01A-01D-0592-04	2	242602220	242717016	12	-0.1095
TCGA-12-1600-01A-01D-0592-04	20	8747	26129166	2220	0.1882
TCGA-12-1600-01A-01D-0592-04	20	26156026	28266113	10	-0.2188
TCGA-12-1600-01A-01D-0592-04	20	29297270	62379059	3101	0.167
TCGA-12-1600-01A-01D-0592-04	21	9896630	14334542	50	-0.2928
TCGA-12-1600-01A-01D-0592-04	21	14346873	46914686	3312	-0.1105
TCGA-12-1600-01A-01D-0592-04	22	14504218	15508454	14	-0.2601
TCGA-12-1600-01A-01D-0592-04	22	15528564	22603134	796	-0.6392
TCGA-12-1600-01A-01D-0592-04	22	22612100	22696162	13	-0.2907
TCGA-12-1600-01A-01D-0592-04	22	22701205	22720195	5	-2.6717
TCGA-12-1600-01A-01D-0592-04	22	22725305	49525071	3250	-0.6621
TCGA-12-1600-01A-01D-0592-04	22	49565816	49565816	1	NA
TCGA-12-1600-01A-01D-0592-04	23	2710316	93055498	6266	0.097
TCGA-12-1600-01A-01D-0592-04	23	93079655	95907935	103	-0.1898
TCGA-12-1600-01A-01D-0592-04	23	95917616	154037006	4523	0.1033
TCGA-12-1600-01A-01D-0592-04	23	154050185	154078819	3	1.0047
TCGA-12-1600-01A-01D-0592-04	23	154086636	154582414	43	0.1058
TCGA-12-1600-01A-01D-0592-04	24	2710450	57440809	1293	0.0058
TCGA-12-1600-01A-01D-0592-04	3	39066	41890571	3408	0.0269
TCGA-12-1600-01A-01D-0592-04	3	41901086	41913093	2	-0.7707
TCGA-12-1600-01A-01D-0592-04	3	41919650	114879918	5471	0.0216
TCGA-12-1600-01A-01D-0592-04	3	114893227	126834103	1089	-0.6798
TCGA-12-1600-01A-01D-0592-04	3	126877828	127155887	9	-0.1932
TCGA-12-1600-01A-01D-0592-04	3	127165393	138328514	1042	-0.6651
TCGA-12-1600-01A-01D-0592-04	3	138376914	199379566	4865	0.0409
TCGA-12-1600-01A-01D-0592-04	4	41413	69057735	4502	0.0014
TCGA-12-1600-01A-01D-0592-04	4	69069563	69165814	10	0.7094
TCGA-12-1600-01A-01D-0592-04	4	69643272	190719354	8810	0.0108
TCGA-12-1600-01A-01D-0592-04	4	190749363	191173837	31	-0.1697
TCGA-12-1600-01A-01D-0592-04	5	75149	745859	75	-0.0126
TCGA-12-1600-01A-01D-0592-04	5	763494	826044	7	-0.6458
TCGA-12-1600-01A-01D-0592-04	5	837253	68850823	4547	0.0165
TCGA-12-1600-01A-01D-0592-04	5	68868713	70622715	8	-0.5014
TCGA-12-1600-01A-01D-0592-04	5	70693444	163876046	7188	0.0393
TCGA-12-1600-01A-01D-0592-04	5	163890867	165069879	47	-0.7773
TCGA-12-1600-01A-01D-0592-04	5	165122022	180644810	1372	0.0207
TCGA-12-1600-01A-01D-0592-04	6	97634	32507380	2961	0.0562
TCGA-12-1600-01A-01D-0592-04	6	32519935	32600962	6	-0.4853
TCGA-12-1600-01A-01D-0592-04	6	32605300	32629848	2	-1.5754
TCGA-12-1600-01A-01D-0592-04	6	32634044	32711957	8	-0.0047
TCGA-12-1600-01A-01D-0592-04	6	32718991	32728487	3	-0.9203
TCGA-12-1600-01A-01D-0592-04	6	32732764	165640218	9812	0.0549
TCGA-12-1600-01A-01D-0592-04	6	165645537	165650610	2	2.0745
TCGA-12-1600-01A-01D-0592-04	6	165657596	170867396	471	0.0373
TCGA-12-1600-01A-01D-0592-04	7	140213	54643970	4573	0.4774
TCGA-12-1600-01A-01D-0592-04	7	54673962	55295156	49	4.5326
TCGA-12-1600-01A-01D-0592-04	7	55315116	133414697	6144	0.4739
TCGA-12-1600-01A-01D-0592-04	7	133439454	133447868	2	-0.3498
TCGA-12-1600-01A-01D-0592-04	7	133459759	141687978	822	0.5024
TCGA-12-1600-01A-01D-0592-04	7	141705163	141711513	2	1.9686
TCGA-12-1600-01A-01D-0592-04	7	141720324	142152205	50	0.5718
TCGA-12-1600-01A-01D-0592-04	7	142159154	142171618	4	-0.5738
TCGA-12-1600-01A-01D-0592-04	7	142178220	151510975	944	0.4654
TCGA-12-1600-01A-01D-0592-04	7	151523923	151775631	25	0.1982
TCGA-12-1600-01A-01D-0592-04	7	151783619	158792914	625	0.4648
TCGA-12-1600-01A-01D-0592-04	7	158811268	158811268	1	NA
TCGA-12-1600-01A-01D-0592-04	8	63810	6929691	626	-0.0248
TCGA-12-1600-01A-01D-0592-04	8	7040596	7747772	7	-0.476
TCGA-12-1600-01A-01D-0592-04	8	7789937	7789937	1	NA
TCGA-12-1600-01A-01D-0592-04	8	8117271	10649592	222	0.0282
TCGA-12-1600-01A-01D-0592-04	8	10660074	10660074	1	NA
TCGA-12-1600-01A-01D-0592-04	8	10670975	10678815	2	-0.7895
TCGA-12-1600-01A-01D-0592-04	8	10690274	146264846	10101	0.0168
TCGA-12-1600-01A-01D-0592-04	9	153131	140241876	9403	0.0195
