barcode	chromosome	start	stop	num.mark	seg.mean
TCGA-19-2620-10A-01D-0912-04	1	554268	72533856	6797	0.0056
TCGA-19-2620-10A-01D-0912-04	1	72550248	72568009	2	1.9611
TCGA-19-2620-10A-01D-0912-04	1	72602597	150839754	4095	0.0065
TCGA-19-2620-10A-01D-0912-04	1	150844444	150848509	2	-1.3236
TCGA-19-2620-10A-01D-0912-04	1	150852858	196544139	4014	0.0104
TCGA-19-2620-10A-01D-0912-04	1	196555302	196576204	3	-0.8004
TCGA-19-2620-10A-01D-0912-04	1	196586128	247190718	4332	-0.0029
TCGA-19-2620-10A-01D-0912-04	10	115544	46396163	3438	-0.0102
TCGA-19-2620-10A-01D-0912-04	10	46404919	47060942	25	-0.3684
TCGA-19-2620-10A-01D-0912-04	10	47074824	135356671	7572	-0.0035
TCGA-19-2620-10A-01D-0912-04	11	182372	55118214	4215	0.0021
TCGA-19-2620-10A-01D-0912-04	11	55124730	55194990	11	-0.7587
TCGA-19-2620-10A-01D-0912-04	11	55200744	134432265	7209	7e-04
TCGA-19-2620-10A-01D-0912-04	12	33854	132289090	11167	4e-04
TCGA-19-2620-10A-01D-0912-04	13	18065953	18065953	1	NA
TCGA-19-2620-10A-01D-0912-04	13	18194527	56650373	3550	-0.0038
TCGA-19-2620-10A-01D-0912-04	13	56658479	56673183	3	0.7531
TCGA-19-2620-10A-01D-0912-04	13	56691355	114123862	4098	-0.0025
TCGA-19-2620-10A-01D-0912-04	14	18149473	21523818	364	-0.0275
TCGA-19-2620-10A-01D-0912-04	14	21529816	22046097	63	0.2468
TCGA-19-2620-10A-01D-0912-04	14	22052799	69078818	4123	0.0114
TCGA-19-2620-10A-01D-0912-04	14	69088190	69092211	2	0.9318
TCGA-19-2620-10A-01D-0912-04	14	69098569	105594189	3563	-0.0051
TCGA-19-2620-10A-01D-0912-04	14	105602756	105630089	4	-1.871
TCGA-19-2620-10A-01D-0912-04	14	105643293	106349756	77	-0.0538
TCGA-19-2620-10A-01D-0912-04	15	18362555	18790589	12	0.0064
TCGA-19-2620-10A-01D-0912-04	15	18810004	19910867	51	0.3275
TCGA-19-2620-10A-01D-0912-04	15	19927262	100282819	7945	-0.0037
TCGA-19-2620-10A-01D-0912-04	16	28087	88690571	6794	-0.0011
TCGA-19-2620-10A-01D-0912-04	17	29169	41521544	4250	0.0076
TCGA-19-2620-10A-01D-0912-04	17	41527705	41706870	15	-0.6872
TCGA-19-2620-10A-01D-0912-04	17	41841187	78653545	3392	0.0018
TCGA-19-2620-10A-01D-0912-04	18	4316	76103196	5773	-0.0083
TCGA-19-2620-10A-01D-0912-04	18	76110964	76110964	1	NA
TCGA-19-2620-10A-01D-0912-04	19	64418	63784327	5977	7e-04
TCGA-19-2620-10A-01D-0912-04	2	20341	242717016	18534	-0.0024
TCGA-19-2620-10A-01D-0912-04	20	8747	40736791	3344	-0.0063
TCGA-19-2620-10A-01D-0912-04	20	40745902	40759913	2	-1.0414
TCGA-19-2620-10A-01D-0912-04	20	40767790	62379059	1985	-0.0031
TCGA-19-2620-10A-01D-0912-04	21	9896630	46914686	3362	-0.0046
TCGA-19-2620-10A-01D-0912-04	22	14504218	49565816	4079	-0.0042
TCGA-19-2620-10A-01D-0912-04	23	2710316	154582414	10938	0.0414
TCGA-19-2620-10A-01D-0912-04	24	2710450	57440809	1293	0.0195
TCGA-19-2620-10A-01D-0912-04	3	39066	39066	1	NA
TCGA-19-2620-10A-01D-0912-04	3	48914	89473678	7401	0.0012
TCGA-19-2620-10A-01D-0912-04	3	89488409	89499433	3	-1.1056
TCGA-19-2620-10A-01D-0912-04	3	89509246	106776869	859	0.0112
TCGA-19-2620-10A-01D-0912-04	3	106787009	106820583	3	-1.0943
TCGA-19-2620-10A-01D-0912-04	3	106849475	163987457	4689	0.0053
TCGA-19-2620-10A-01D-0912-04	3	163997228	164101776	8	0.7136
TCGA-19-2620-10A-01D-0912-04	3	164112873	199379566	2922	0.0035
TCGA-19-2620-10A-01D-0912-04	4	41413	191173837	13353	-0.0031
TCGA-19-2620-10A-01D-0912-04	5	75149	739292	74	-0.0528
TCGA-19-2620-10A-01D-0912-04	5	745859	826044	8	-0.5728
TCGA-19-2620-10A-01D-0912-04	5	837253	68850823	4547	-0.0097
TCGA-19-2620-10A-01D-0912-04	5	68868713	70422297	7	-0.5641
TCGA-19-2620-10A-01D-0912-04	5	70622715	180644810	8608	-8e-04
TCGA-19-2620-10A-01D-0912-04	6	97634	97634	1	NA
TCGA-19-2620-10A-01D-0912-04	6	108083	174815	6	-0.0677
TCGA-19-2620-10A-01D-0912-04	6	204528	341386	14	-0.4837
TCGA-19-2620-10A-01D-0912-04	6	347016	32519935	2941	0.0075
TCGA-19-2620-10A-01D-0912-04	6	32558677	32586131	3	-1.2594
TCGA-19-2620-10A-01D-0912-04	6	32595402	165640218	9827	5e-04
TCGA-19-2620-10A-01D-0912-04	6	165645537	165650610	2	1.4337
TCGA-19-2620-10A-01D-0912-04	6	165657596	170867396	471	0.0026
TCGA-19-2620-10A-01D-0912-04	7	140213	100162851	7928	-0.0025
TCGA-19-2620-10A-01D-0912-04	7	100171204	100174991	2	-1.7393
TCGA-19-2620-10A-01D-0912-04	7	100183859	141687978	3660	0.0067
TCGA-19-2620-10A-01D-0912-04	7	141705163	141711513	2	1.2718
TCGA-19-2620-10A-01D-0912-04	7	141720324	158811268	1649	-0.0126
TCGA-19-2620-10A-01D-0912-04	8	63810	13068616	1042	-0.0242
TCGA-19-2620-10A-01D-0912-04	8	13082460	13127400	7	-0.886
TCGA-19-2620-10A-01D-0912-04	8	13135901	39341524	2120	-0.0045
TCGA-19-2620-10A-01D-0912-04	8	39356595	39505256	20	0.7231
TCGA-19-2620-10A-01D-0912-04	8	39511632	146250765	7770	6e-04
TCGA-19-2620-10A-01D-0912-04	8	146264846	146264846	1	NA
TCGA-19-2620-10A-01D-0912-04	9	153131	140193674	9402	-0.0044
TCGA-19-2620-10A-01D-0912-04	9	140241876	140241876	1	NA
