barcode	chromosome	start	stop	num.mark	seg.mean
TCGA-28-2513-10A-01D-0785-04	1	554268	72533856	6797	0.0127
TCGA-28-2513-10A-01D-0785-04	1	72550248	72568009	2	-3.6365
TCGA-28-2513-10A-01D-0785-04	1	72602597	150819451	4092	0.0081
TCGA-28-2513-10A-01D-0785-04	1	150823073	150848509	5	-1.5138
TCGA-28-2513-10A-01D-0785-04	1	150852858	167483267	1814	-0.0075
TCGA-28-2513-10A-01D-0785-04	1	167493768	167507882	2	-3.9378
TCGA-28-2513-10A-01D-0785-04	1	167523140	191071897	1869	-0.0093
TCGA-28-2513-10A-01D-0785-04	1	191109994	191210646	3	-1.5698
TCGA-28-2513-10A-01D-0785-04	1	191232219	195005520	185	-0.0199
TCGA-28-2513-10A-01D-0785-04	1	195015116	195033552	3	-1.5313
TCGA-28-2513-10A-01D-0785-04	1	195045871	247190718	4473	-0.0071
TCGA-28-2513-10A-01D-0785-04	10	115544	135356671	11035	0.0027
TCGA-28-2513-10A-01D-0785-04	11	182372	134432265	11435	0.0044
TCGA-28-2513-10A-01D-0785-04	12	33854	9452803	1015	-0.006
TCGA-28-2513-10A-01D-0785-04	12	9528590	9585156	3	1.2816
TCGA-28-2513-10A-01D-0785-04	12	9613074	34341836	2041	0.0107
TCGA-28-2513-10A-01D-0785-04	12	34424331	36160215	3	-1.2094
TCGA-28-2513-10A-01D-0785-04	12	36244407	132289090	8105	-0.0019
TCGA-28-2513-10A-01D-0785-04	13	18065953	18065953	1	NA
TCGA-28-2513-10A-01D-0785-04	13	18194527	114123862	7651	-0.0018
TCGA-28-2513-10A-01D-0785-04	14	18149473	19154992	9	0.1106
TCGA-28-2513-10A-01D-0785-04	14	19216369	19540294	36	0.6392
TCGA-28-2513-10A-01D-0785-04	14	19549728	73047267	4943	0.0065
TCGA-28-2513-10A-01D-0785-04	14	73051686	73092018	6	-0.9736
TCGA-28-2513-10A-01D-0785-04	14	73104572	105594189	3121	-0.0052
TCGA-28-2513-10A-01D-0785-04	14	105602756	105630089	4	-3.4139
TCGA-28-2513-10A-01D-0785-04	14	105643293	105845658	23	-0.0314
TCGA-28-2513-10A-01D-0785-04	14	105857193	105994646	14	-0.671
TCGA-28-2513-10A-01D-0785-04	14	106002179	106349756	40	0.0701
TCGA-28-2513-10A-01D-0785-04	15	18362555	100282819	8008	-5e-04
TCGA-28-2513-10A-01D-0785-04	16	28087	88690571	6794	-0.0048
TCGA-28-2513-10A-01D-0785-04	17	29169	78653545	7657	-0.0021
TCGA-28-2513-10A-01D-0785-04	18	4316	76110964	5774	0.0094
TCGA-28-2513-10A-01D-0785-04	19	64418	20366292	2386	0.0065
TCGA-28-2513-10A-01D-0785-04	19	20383210	20493401	6	-1.0544
TCGA-28-2513-10A-01D-0785-04	19	20510787	63784327	3585	-0.0103
TCGA-28-2513-10A-01D-0785-04	2	20341	132768316	9624	0.0063
TCGA-28-2513-10A-01D-0785-04	2	132778589	133064194	32	0.6819
TCGA-28-2513-10A-01D-0785-04	2	133081021	242717016	8878	7e-04
TCGA-28-2513-10A-01D-0785-04	20	8747	1506379	191	-0.0146
TCGA-28-2513-10A-01D-0785-04	20	1516966	1528899	2	-1.678
TCGA-28-2513-10A-01D-0785-04	20	1539155	62379059	5138	0.0054
TCGA-28-2513-10A-01D-0785-04	21	9896630	46914686	3362	0.0018
TCGA-28-2513-10A-01D-0785-04	22	14504218	22677959	820	0.0133
TCGA-28-2513-10A-01D-0785-04	22	22681995	22681995	1	NA
TCGA-28-2513-10A-01D-0785-04	22	22686690	22725305	8	0.9557
TCGA-28-2513-10A-01D-0785-04	22	22731196	49565816	3250	0.0105
TCGA-28-2513-10A-01D-0785-04	23	2710316	48554751	3692	1.0024
TCGA-28-2513-10A-01D-0785-04	23	48555526	48644921	14	0.3481
TCGA-28-2513-10A-01D-0785-04	23	48645822	48645822	1	NA
TCGA-28-2513-10A-01D-0785-04	23	48648972	154582414	7231	0.9755
TCGA-28-2513-10A-01D-0785-04	24	2710450	3223585	58	-4.1779
TCGA-28-2513-10A-01D-0785-04	24	3318461	6577257	94	-1.4284
TCGA-28-2513-10A-01D-0785-04	24	6652868	10511255	350	-3.6254
TCGA-28-2513-10A-01D-0785-04	24	10537808	12486140	16	-0.733
TCGA-28-2513-10A-01D-0785-04	24	12502304	15358372	297	-3.9543
TCGA-28-2513-10A-01D-0785-04	24	15362520	15370027	3	0.0215
TCGA-28-2513-10A-01D-0785-04	24	15376350	24685322	446	-3.9521
TCGA-28-2513-10A-01D-0785-04	24	24754207	57440809	29	-1.3211
TCGA-28-2513-10A-01D-0785-04	3	39066	163987457	12956	0.0032
TCGA-28-2513-10A-01D-0785-04	3	163997228	164112873	9	0.9337
TCGA-28-2513-10A-01D-0785-04	3	164123806	199379566	2921	-9e-04
TCGA-28-2513-10A-01D-0785-04	4	41413	191173837	13353	-0.0034
TCGA-28-2513-10A-01D-0785-04	5	75149	150166447	10798	-0.0036
TCGA-28-2513-10A-01D-0785-04	5	150185190	150201145	2	-4.177
TCGA-28-2513-10A-01D-0785-04	5	150209789	180644810	2444	-0.003
TCGA-28-2513-10A-01D-0785-04	6	97634	32519935	2962	-0.0022
TCGA-28-2513-10A-01D-0785-04	6	32558677	32629848	7	-1.871
TCGA-28-2513-10A-01D-0785-04	6	32634044	57333559	2380	-0.014
TCGA-28-2513-10A-01D-0785-04	6	57342153	57591364	25	-0.4378
TCGA-28-2513-10A-01D-0785-04	6	57597826	170867396	7891	0.0013
TCGA-28-2513-10A-01D-0785-04	7	140213	142164247	11644	0.0018
TCGA-28-2513-10A-01D-0785-04	7	142167901	142171618	2	-3.3983
TCGA-28-2513-10A-01D-0785-04	7	142178220	143514962	169	0.012
TCGA-28-2513-10A-01D-0785-04	7	143582864	143705425	4	-1.0888
TCGA-28-2513-10A-01D-0785-04	7	143706194	158811268	1422	-0.0064
TCGA-28-2513-10A-01D-0785-04	8	63810	63810	1	NA
TCGA-28-2513-10A-01D-0785-04	8	90816	39341524	3168	-0.0066
TCGA-28-2513-10A-01D-0785-04	8	39356595	39505256	20	-4.3876
TCGA-28-2513-10A-01D-0785-04	8	39511632	146264846	7771	0.0101
TCGA-28-2513-10A-01D-0785-04	9	153131	140241876	9403	-0.0013
