barcode	chromosome	start	stop	num.mark	seg.mean
TCGA-16-1460-01A-01D-0592-04	1	554268	150823073	10892	0.0078
TCGA-16-1460-01A-01D-0592-04	1	150836484	150848509	4	0.9379
TCGA-16-1460-01A-01D-0592-04	1	150852858	247190718	8349	-0.0076
TCGA-16-1460-01A-01D-0592-04	10	115544	756300	70	-0.2307
TCGA-16-1460-01A-01D-0592-04	10	766548	135356671	10965	-0.0184
TCGA-16-1460-01A-01D-0592-04	11	182372	7757329	949	0.0029
TCGA-16-1460-01A-01D-0592-04	11	7762277	7783344	4	-0.9605
TCGA-16-1460-01A-01D-0592-04	11	7797993	55118214	3262	0.005
TCGA-16-1460-01A-01D-0592-04	11	55124730	55207305	13	-0.8468
TCGA-16-1460-01A-01D-0592-04	11	55225136	134432265	7207	-0.0115
TCGA-16-1460-01A-01D-0592-04	12	33854	624499	67	0.4812
TCGA-16-1460-01A-01D-0592-04	12	642735	663212	4	1.1612
TCGA-16-1460-01A-01D-0592-04	12	675864	9452803	944	0.4409
TCGA-16-1460-01A-01D-0592-04	12	9528590	9554149	2	-4.7048
TCGA-16-1460-01A-01D-0592-04	12	9585156	9613074	2	-0.9685
TCGA-16-1460-01A-01D-0592-04	12	9626736	11040946	185	0.4221
TCGA-16-1460-01A-01D-0592-04	12	11046651	11069829	6	0.9238
TCGA-16-1460-01A-01D-0592-04	12	11077272	28118757	1419	0.43
TCGA-16-1460-01A-01D-0592-04	12	28176924	53042597	2045	-0.0025
TCGA-16-1460-01A-01D-0592-04	12	53048399	55482419	340	-0.4128
TCGA-16-1460-01A-01D-0592-04	12	55497755	102293909	3420	-0.0039
TCGA-16-1460-01A-01D-0592-04	12	102300172	107363380	450	-0.4699
TCGA-16-1460-01A-01D-0592-04	12	107377470	131117206	2145	0.0189
TCGA-16-1460-01A-01D-0592-04	12	131130884	132289090	138	-0.4476
TCGA-16-1460-01A-01D-0592-04	13	18065953	56650373	3551	-0.0257
TCGA-16-1460-01A-01D-0592-04	13	56658479	56691355	4	0.6789
TCGA-16-1460-01A-01D-0592-04	13	56726008	88594111	1790	-0.0417
TCGA-16-1460-01A-01D-0592-04	13	88611676	88627396	2	-1.0179
TCGA-16-1460-01A-01D-0592-04	13	88653207	114123862	2305	-0.0348
TCGA-16-1460-01A-01D-0592-04	14	18149473	19535787	44	0.2485
TCGA-16-1460-01A-01D-0592-04	14	19540294	21559744	325	0.0031
TCGA-16-1460-01A-01D-0592-04	14	21569676	22034704	57	0.2777
TCGA-16-1460-01A-01D-0592-04	14	22046097	69078818	4124	0.0013
TCGA-16-1460-01A-01D-0592-04	14	69088190	69092211	2	1.0662
TCGA-16-1460-01A-01D-0592-04	14	69098569	106349756	3644	-0.0279
TCGA-16-1460-01A-01D-0592-04	15	18362555	18683110	8	-0.0287
TCGA-16-1460-01A-01D-0592-04	15	18722595	20387327	75	-0.2664
TCGA-16-1460-01A-01D-0592-04	15	20393586	22021181	100	0.0026
TCGA-16-1460-01A-01D-0592-04	15	22038880	22272781	8	-0.5062
TCGA-16-1460-01A-01D-0592-04	15	22289273	32511475	879	-0.0021
TCGA-16-1460-01A-01D-0592-04	15	32517513	32594902	11	-0.8912
TCGA-16-1460-01A-01D-0592-04	15	32605086	100282819	6927	0.0031
TCGA-16-1460-01A-01D-0592-04	16	28087	31862577	2976	0.0222
TCGA-16-1460-01A-01D-0592-04	16	31958973	33539023	36	0.3732
TCGA-16-1460-01A-01D-0592-04	16	33758082	54343465	734	0.001
TCGA-16-1460-01A-01D-0592-04	16	54354643	54379834	5	-0.77
TCGA-16-1460-01A-01D-0592-04	16	54390012	88690571	3043	0.0056
TCGA-16-1460-01A-01D-0592-04	17	29169	41515622	4249	0.0212
TCGA-16-1460-01A-01D-0592-04	17	41521544	41644979	14	-0.4202
TCGA-16-1460-01A-01D-0592-04	17	41700762	77478901	3242	0.0206
TCGA-16-1460-01A-01D-0592-04	17	77503378	77503685	3	0.7247
TCGA-16-1460-01A-01D-0592-04	17	77519913	78653545	149	0.0117
TCGA-16-1460-01A-01D-0592-04	18	4316	76110964	5774	-0.0281
TCGA-16-1460-01A-01D-0592-04	19	64418	47952689	4035	0.0179
TCGA-16-1460-01A-01D-0592-04	19	47986294	48237067	12	-0.3891
TCGA-16-1460-01A-01D-0592-04	19	48267018	55489962	887	0.0059
TCGA-16-1460-01A-01D-0592-04	19	55496423	55730649	30	0.3643
TCGA-16-1460-01A-01D-0592-04	19	55754772	56073800	41	-0.0199
TCGA-16-1460-01A-01D-0592-04	19	56079104	63784327	972	-0.4738
TCGA-16-1460-01A-01D-0592-04	2	20341	88597376	6921	4e-04
TCGA-16-1460-01A-01D-0592-04	2	88601982	88605992	2	-1.008
TCGA-16-1460-01A-01D-0592-04	2	88613880	89093646	47	0.0339
TCGA-16-1460-01A-01D-0592-04	2	89101034	89401838	13	-0.2526
TCGA-16-1460-01A-01D-0592-04	2	89408826	89895566	13	-0.7657
TCGA-16-1460-01A-01D-0592-04	2	90982930	202446097	7904	-0.0063
TCGA-16-1460-01A-01D-0592-04	2	202461942	203093134	64	0.3258
TCGA-16-1460-01A-01D-0592-04	2	203099434	242717016	3570	-0.0113
TCGA-16-1460-01A-01D-0592-04	20	8747	18580	2	NA
TCGA-16-1460-01A-01D-0592-04	20	28198	1499034	188	0.0157
TCGA-16-1460-01A-01D-0592-04	20	1506379	1528899	3	-1.2276
TCGA-16-1460-01A-01D-0592-04	20	1539155	62379059	5138	0.0028
TCGA-16-1460-01A-01D-0592-04	21	9896630	46914686	3362	-0.0053
TCGA-16-1460-01A-01D-0592-04	22	14504218	18691704	386	0.0073
TCGA-16-1460-01A-01D-0592-04	22	18691941	18691941	1	NA
TCGA-16-1460-01A-01D-0592-04	22	18989547	19038890	2	1.3263
TCGA-16-1460-01A-01D-0592-04	22	19063427	37683516	2225	0.0196
TCGA-16-1460-01A-01D-0592-04	22	37689058	37715385	6	-1.0077
TCGA-16-1460-01A-01D-0592-04	22	37718669	41219395	468	0.0183
TCGA-16-1460-01A-01D-0592-04	22	41226636	41279485	8	0.4342
TCGA-16-1460-01A-01D-0592-04	22	41287060	49565816	983	-0.0068
TCGA-16-1460-01A-01D-0592-04	23	2710316	2734453	4	0.3871
TCGA-16-1460-01A-01D-0592-04	23	2742851	2782031	5	0.0134
TCGA-16-1460-01A-01D-0592-04	23	2788489	2832157	6	0.3535
TCGA-16-1460-01A-01D-0592-04	23	2836003	2850957	4	-0.3332
TCGA-16-1460-01A-01D-0592-04	23	2854934	54601570	4185	0.2796
TCGA-16-1460-01A-01D-0592-04	23	54648374	55382338	71	0.8786
TCGA-16-1460-01A-01D-0592-04	23	55408844	57640488	142	0.287
TCGA-16-1460-01A-01D-0592-04	23	57644840	61848414	23	0.8093
TCGA-16-1460-01A-01D-0592-04	23	61980262	90865947	1730	0.2793
TCGA-16-1460-01A-01D-0592-04	23	90917565	91300737	18	-0.2341
TCGA-16-1460-01A-01D-0592-04	23	91315210	91425227	11	0.3558
TCGA-16-1460-01A-01D-0592-04	23	91445574	92289605	26	-0.2204
TCGA-16-1460-01A-01D-0592-04	23	92303812	154037006	4667	0.2707
TCGA-16-1460-01A-01D-0592-04	23	154050185	154078819	3	1.357
TCGA-16-1460-01A-01D-0592-04	23	154086636	154582414	43	0.3041
TCGA-16-1460-01A-01D-0592-04	24	2710450	3223585	58	-4.1146
TCGA-16-1460-01A-01D-0592-04	24	3318461	3769177	18	-0.9946
TCGA-16-1460-01A-01D-0592-04	24	3773407	4431486	20	-1.9642
TCGA-16-1460-01A-01D-0592-04	24	4511076	4763381	6	-3.877
TCGA-16-1460-01A-01D-0592-04	24	4767488	6652868	51	-1.8754
TCGA-16-1460-01A-01D-0592-04	24	6696721	10511255	349	-3.8994
TCGA-16-1460-01A-01D-0592-04	24	10537808	12469951	15	-0.6968
TCGA-16-1460-01A-01D-0592-04	24	12486140	13031202	38	-3.6036
TCGA-16-1460-01A-01D-0592-04	24	13052633	21317893	595	-4.2351
TCGA-16-1460-01A-01D-0592-04	24	21324207	24685322	114	-3.7783
TCGA-16-1460-01A-01D-0592-04	24	24754207	57440809	29	-1.2578
TCGA-16-1460-01A-01D-0592-04	3	39066	140314422	11160	0.0043
TCGA-16-1460-01A-01D-0592-04	3	140325297	140367597	5	-0.8067
TCGA-16-1460-01A-01D-0592-04	3	140388910	163987457	1791	-0.0099
TCGA-16-1460-01A-01D-0592-04	3	163997228	164101776	8	0.86
TCGA-16-1460-01A-01D-0592-04	3	164112873	196830270	2648	0.0014
TCGA-16-1460-01A-01D-0592-04	3	196904349	196950095	10	-0.4155
TCGA-16-1460-01A-01D-0592-04	3	196958467	199379566	264	0.0214
TCGA-16-1460-01A-01D-0592-04	4	41413	70159690	4561	-0.0251
TCGA-16-1460-01A-01D-0592-04	4	70184190	70264689	9	-0.5945
TCGA-16-1460-01A-01D-0592-04	4	70296172	191173837	8783	-0.0071
TCGA-16-1460-01A-01D-0592-04	5	75149	745859	75	-0.0163
TCGA-16-1460-01A-01D-0592-04	5	763494	848744	9	-0.5447
TCGA-16-1460-01A-01D-0592-04	5	859176	150166447	10714	-0.0085
TCGA-16-1460-01A-01D-0592-04	5	150185190	150201145	2	-0.9201
TCGA-16-1460-01A-01D-0592-04	5	150209789	180194323	2398	-0.0068
TCGA-16-1460-01A-01D-0592-04	5	180342860	180362342	4	-0.5739
TCGA-16-1460-01A-01D-0592-04	5	180365950	180644810	42	-0.0033
TCGA-16-1460-01A-01D-0592-04	6	97634	314420	18	-0.1644
TCGA-16-1460-01A-01D-0592-04	6	320890	2669785	233	-0.4781
TCGA-16-1460-01A-01D-0592-04	6	2684812	32558677	2712	-0.0018
TCGA-16-1460-01A-01D-0592-04	6	32567382	32660090	9	1.4258
TCGA-16-1460-01A-01D-0592-04	6	32672983	32738443	10	0.3407
TCGA-16-1460-01A-01D-0592-04	6	32745036	124551899	6512	-0.015
TCGA-16-1460-01A-01D-0592-04	6	124558048	124626770	8	0.3643
TCGA-16-1460-01A-01D-0592-04	6	124640728	165640218	3290	-0.0277
TCGA-16-1460-01A-01D-0592-04	6	165645537	165650610	2	1.8795
TCGA-16-1460-01A-01D-0592-04	6	165657596	170867396	471	-0.0444
TCGA-16-1460-01A-01D-0592-04	7	140213	48551463	4223	-0.0021
TCGA-16-1460-01A-01D-0592-04	7	48556704	48562151	2	-0.9896
TCGA-16-1460-01A-01D-0592-04	7	48575004	64975089	764	0.0118
TCGA-16-1460-01A-01D-0592-04	7	64990346	72338350	554	0.461
TCGA-16-1460-01A-01D-0592-04	7	72356188	79175615	597	0.025
TCGA-16-1460-01A-01D-0592-04	7	79202904	143495552	5673	0.4464
TCGA-16-1460-01A-01D-0592-04	7	143501811	143584350	5	1.0545
TCGA-16-1460-01A-01D-0592-04	7	143705425	152868289	853	0.4381
TCGA-16-1460-01A-01D-0592-04	7	152918873	153282206	18	-0.625
TCGA-16-1460-01A-01D-0592-04	7	153290480	153490741	10	-0.0171
TCGA-16-1460-01A-01D-0592-04	7	153499846	158811268	542	-0.612
TCGA-16-1460-01A-01D-0592-04	8	63810	50578403	3732	-0.0103
TCGA-16-1460-01A-01D-0592-04	8	50610324	50685824	4	0.576
TCGA-16-1460-01A-01D-0592-04	8	50721499	146264846	7224	-0.0068
TCGA-16-1460-01A-01D-0592-04	9	153131	39157302	3081	-0.0056
TCGA-16-1460-01A-01D-0592-04	9	39167063	43599449	18	0.2815
TCGA-16-1460-01A-01D-0592-04	9	43626920	116122595	3749	-0.0153
TCGA-16-1460-01A-01D-0592-04	9	116126105	116132839	2	-0.9165
TCGA-16-1460-01A-01D-0592-04	9	116138267	140241876	2553	-0.0081
