barcode	chromosome	start	stop	num.mark	seg.mean
TCGA-16-0849-10A-01D-0385-04	1	554268	2557633	270	-0.0181
TCGA-16-0849-10A-01D-0385-04	1	2572620	2572620	1	NA
TCGA-16-0849-10A-01D-0385-04	1	2621983	2623228	2	0.8604
TCGA-16-0849-10A-01D-0385-04	1	2684591	16719747	1315	-0.0026
TCGA-16-0849-10A-01D-0385-04	1	16799334	17148592	22	-0.4576
TCGA-16-0849-10A-01D-0385-04	1	17157415	25215859	806	-0.0079
TCGA-16-0849-10A-01D-0385-04	1	25240989	25257067	2	0.5185
TCGA-16-0849-10A-01D-0385-04	1	25283486	25457903	15	-0.0023
TCGA-16-0849-10A-01D-0385-04	1	25482036	25536086	6	-0.5827
TCGA-16-0849-10A-01D-0385-04	1	25541997	103899771	6574	9e-04
TCGA-16-0849-10A-01D-0385-04	1	103909053	103932025	4	0.5273
TCGA-16-0849-10A-01D-0385-04	1	103956767	103965274	3	-0.2482
TCGA-16-0849-10A-01D-0385-04	1	104108153	110023268	372	0.0031
TCGA-16-0849-10A-01D-0385-04	1	110033832	110041428	2	1.4513
TCGA-16-0849-10A-01D-0385-04	1	110057882	150819451	1497	-0.0036
TCGA-16-0849-10A-01D-0385-04	1	150823073	150848509	5	1.519
TCGA-16-0849-10A-01D-0385-04	1	150852858	167483267	1814	-4e-04
TCGA-16-0849-10A-01D-0385-04	1	167493768	167507882	2	0.6088
TCGA-16-0849-10A-01D-0385-04	1	167523140	247110472	6523	-0.0026
TCGA-16-0849-10A-01D-0385-04	1	247118428	247190718	10	0.1996
TCGA-16-0849-10A-01D-0385-04	10	115544	49653735	3571	-0.0017
TCGA-16-0849-10A-01D-0385-04	10	49665537	49674298	2	-0.7065
TCGA-16-0849-10A-01D-0385-04	10	49679763	135356671	7462	-0.0026
TCGA-16-0849-10A-01D-0385-04	11	182372	21080944	2183	-0.0098
TCGA-16-0849-10A-01D-0385-04	11	21092562	21147033	8	-1.0378
TCGA-16-0849-10A-01D-0385-04	11	21161923	55118214	2024	-0.0027
TCGA-16-0849-10A-01D-0385-04	11	55124730	55207305	13	-0.2895
TCGA-16-0849-10A-01D-0385-04	11	55225136	55225136	1	NA
TCGA-16-0849-10A-01D-0385-04	11	55230765	134432265	7206	-0.0019
TCGA-16-0849-10A-01D-0385-04	12	33854	10464018	1134	-7e-04
TCGA-16-0849-10A-01D-0385-04	12	10465787	10484956	3	-0.6483
TCGA-16-0849-10A-01D-0385-04	12	10493984	11393473	89	-0.0084
TCGA-16-0849-10A-01D-0385-04	12	11404653	11444721	5	-0.4212
TCGA-16-0849-10A-01D-0385-04	12	11466807	132289090	9936	0.0013
TCGA-16-0849-10A-01D-0385-04	13	18065953	56610886	3549	-0.0028
TCGA-16-0849-10A-01D-0385-04	13	56645552	56770498	8	0.3415
TCGA-16-0849-10A-01D-0385-04	13	56792837	114123862	4095	-0.0029
TCGA-16-0849-10A-01D-0385-04	14	18149473	19402284	26	0.1615
TCGA-16-0849-10A-01D-0385-04	14	19408583	21523818	338	-0.0045
TCGA-16-0849-10A-01D-0385-04	14	21529816	21993784	57	0.1624
TCGA-16-0849-10A-01D-0385-04	14	22000194	23489052	199	-0.0158
TCGA-16-0849-10A-01D-0385-04	14	23493483	23530469	3	-0.8604
TCGA-16-0849-10A-01D-0385-04	14	23574920	105946993	7528	-0.0028
TCGA-16-0849-10A-01D-0385-04	14	105962305	105985458	4	-4.2165
TCGA-16-0849-10A-01D-0385-04	14	105994646	106349756	41	0.0576
TCGA-16-0849-10A-01D-0385-04	15	18362555	100282819	8008	-0.0038
TCGA-16-0849-10A-01D-0385-04	16	28087	68679377	4912	-0.002
TCGA-16-0849-10A-01D-0385-04	16	68706240	68751390	6	-0.4285
TCGA-16-0849-10A-01D-0385-04	16	68754234	88690571	1876	-0.0079
TCGA-16-0849-10A-01D-0385-04	17	29169	41521544	4250	0.0021
TCGA-16-0849-10A-01D-0385-04	17	41527705	42049540	18	-0.4845
TCGA-16-0849-10A-01D-0385-04	17	42142363	77478901	3237	-0.0038
TCGA-16-0849-10A-01D-0385-04	17	77503378	77503685	3	0.9546
TCGA-16-0849-10A-01D-0385-04	17	77519913	78653545	149	0.0078
TCGA-16-0849-10A-01D-0385-04	18	4316	76110964	5774	-0.0036
TCGA-16-0849-10A-01D-0385-04	19	64418	63784327	5977	0.0043
TCGA-16-0849-10A-01D-0385-04	2	20341	34539740	2705	-0.0027
TCGA-16-0849-10A-01D-0385-04	2	34556434	34580533	2	1.0176
TCGA-16-0849-10A-01D-0385-04	2	34608979	242717016	15827	-3e-04
TCGA-16-0849-10A-01D-0385-04	20	8747	62379059	5331	-0.0069
TCGA-16-0849-10A-01D-0385-04	21	9896630	46914686	3362	-0.0053
TCGA-16-0849-10A-01D-0385-04	22	14504218	22671374	819	-0.0033
TCGA-16-0849-10A-01D-0385-04	22	22677959	22725305	10	0.8564
TCGA-16-0849-10A-01D-0385-04	22	22731196	49565816	3250	-8e-04
TCGA-16-0849-10A-01D-0385-04	23	2710316	56448022	4340	0.0565
TCGA-16-0849-10A-01D-0385-04	23	56505228	56532159	2	1.0327
TCGA-16-0849-10A-01D-0385-04	23	56573587	154582414	6596	0.0606
TCGA-16-0849-10A-01D-0385-04	24	2710450	57440809	1293	0.0509
TCGA-16-0849-10A-01D-0385-04	3	39066	143995364	11488	-0.0027
TCGA-16-0849-10A-01D-0385-04	3	144003768	144050833	7	0.5997
TCGA-16-0849-10A-01D-0385-04	3	144059862	163987457	1461	0.0022
TCGA-16-0849-10A-01D-0385-04	3	163997228	164101776	8	0.5928
TCGA-16-0849-10A-01D-0385-04	3	164112873	199379566	2922	0.0012
TCGA-16-0849-10A-01D-0385-04	4	41413	68905670	4501	-0.0014
TCGA-16-0849-10A-01D-0385-04	4	69057735	69120805	7	-1.797
TCGA-16-0849-10A-01D-0385-04	4	69139037	69165814	4	-5.2204
TCGA-16-0849-10A-01D-0385-04	4	69643272	88741332	1683	0.0062
TCGA-16-0849-10A-01D-0385-04	4	88748724	88748724	1	NA
TCGA-16-0849-10A-01D-0385-04	4	88751091	88756721	2	0.6817
TCGA-16-0849-10A-01D-0385-04	4	88763020	191173837	7155	-4e-04
TCGA-16-0849-10A-01D-0385-04	5	75149	763494	76	0.0086
TCGA-16-0849-10A-01D-0385-04	5	771310	826044	6	-0.4602
TCGA-16-0849-10A-01D-0385-04	5	837253	54350373	3408	-0.0049
TCGA-16-0849-10A-01D-0385-04	5	54355810	54415265	6	0.5281
TCGA-16-0849-10A-01D-0385-04	5	54423955	137830334	6048	-0.0015
TCGA-16-0849-10A-01D-0385-04	5	137836466	137842107	2	-1.1282
TCGA-16-0849-10A-01D-0385-04	5	137848887	180644810	3698	-0.0032
TCGA-16-0849-10A-01D-0385-04	6	97634	29939288	2570	0
TCGA-16-0849-10A-01D-0385-04	6	29950805	30031367	10	0.2692
TCGA-16-0849-10A-01D-0385-04	6	30040917	31385778	191	-0.013
TCGA-16-0849-10A-01D-0385-04	6	31395330	31418006	2	0.6883
TCGA-16-0849-10A-01D-0385-04	6	31425144	32558677	190	-5e-04
TCGA-16-0849-10A-01D-0385-04	6	32567382	32567382	1	NA
TCGA-16-0849-10A-01D-0385-04	6	32586131	32702995	12	-0.1763
TCGA-16-0849-10A-01D-0385-04	6	32711957	32728487	4	0.5575
TCGA-16-0849-10A-01D-0385-04	6	32732764	165640218	9812	-2e-04
TCGA-16-0849-10A-01D-0385-04	6	165645537	165650610	2	1.0611
TCGA-16-0849-10A-01D-0385-04	6	165657596	168068481	235	-0.0121
TCGA-16-0849-10A-01D-0385-04	6	168086690	168324002	28	0.5229
TCGA-16-0849-10A-01D-0385-04	6	168349663	170867396	208	-0.0089
TCGA-16-0849-10A-01D-0385-04	7	140213	141687978	11590	4e-04
TCGA-16-0849-10A-01D-0385-04	7	141705163	141711513	2	0.6689
TCGA-16-0849-10A-01D-0385-04	7	141720324	158811268	1649	-0.0047
TCGA-16-0849-10A-01D-0385-04	8	63810	39341524	3169	0.0047
TCGA-16-0849-10A-01D-0385-04	8	39356595	39505256	20	-0.303
TCGA-16-0849-10A-01D-0385-04	8	39511632	146264846	7771	0.0069
TCGA-16-0849-10A-01D-0385-04	9	153131	39062229	3077	0.0032
TCGA-16-0849-10A-01D-0385-04	9	39131835	39244329	6	-0.4094
TCGA-16-0849-10A-01D-0385-04	9	39355550	140241876	6320	-0.0046
