barcode	chromosome	start	stop	num.mark	seg.mean
TCGA-14-3477-01A-01D-0912-04	1	554268	21140946	2016	0.0076
TCGA-14-3477-01A-01D-0912-04	1	21155167	36720533	1534	0.3468
TCGA-14-3477-01A-01D-0912-04	1	36725904	84314643	3981	-0.0034
TCGA-14-3477-01A-01D-0912-04	1	84326607	84465982	15	0.4702
TCGA-14-3477-01A-01D-0912-04	1	84475048	103965227	1473	0.1204
TCGA-14-3477-01A-01D-0912-04	1	103965274	104448003	16	0.5215
TCGA-14-3477-01A-01D-0912-04	1	104476907	247190718	10210	-0.0081
TCGA-14-3477-01A-01D-0912-04	10	115544	695819	63	0.2363
TCGA-14-3477-01A-01D-0912-04	10	700490	1639135	111	1.4118
TCGA-14-3477-01A-01D-0912-04	10	1648412	22497393	1714	0.2879
TCGA-14-3477-01A-01D-0912-04	10	22511934	23320993	68	1.4989
TCGA-14-3477-01A-01D-0912-04	10	23337197	33393884	862	0.055
TCGA-14-3477-01A-01D-0912-04	10	33400265	35531196	173	-0.2643
TCGA-14-3477-01A-01D-0912-04	10	35537418	43174826	266	0.0166
TCGA-14-3477-01A-01D-0912-04	10	43179767	45117692	137	-0.3067
TCGA-14-3477-01A-01D-0912-04	10	45125820	45337640	22	-0.6499
TCGA-14-3477-01A-01D-0912-04	10	45350690	46568496	44	-0.287
TCGA-14-3477-01A-01D-0912-04	10	47010385	47172534	13	-0.7477
TCGA-14-3477-01A-01D-0912-04	10	47735472	50625705	198	-0.0259
TCGA-14-3477-01A-01D-0912-04	10	50631523	50631523	1	NA
TCGA-14-3477-01A-01D-0912-04	10	50638597	52058154	79	-0.5064
TCGA-14-3477-01A-01D-0912-04	10	52064210	52245714	12	0.1235
TCGA-14-3477-01A-01D-0912-04	10	52258030	52258030	1	NA
TCGA-14-3477-01A-01D-0912-04	10	52265960	52953137	74	-0.6318
TCGA-14-3477-01A-01D-0912-04	10	52963230	56064549	250	0.0691
TCGA-14-3477-01A-01D-0912-04	10	56071056	56331476	28	-0.5251
TCGA-14-3477-01A-01D-0912-04	10	56346408	59630493	135	0.083
TCGA-14-3477-01A-01D-0912-04	10	59644555	59731590	12	-0.634
TCGA-14-3477-01A-01D-0912-04	10	59748764	59748764	1	NA
TCGA-14-3477-01A-01D-0912-04	10	59766415	62133864	194	0.1313
TCGA-14-3477-01A-01D-0912-04	10	62149945	62383471	26	-0.5147
TCGA-14-3477-01A-01D-0912-04	10	62392151	62408590	4	0.0453
TCGA-14-3477-01A-01D-0912-04	10	62415620	62588227	9	0.2888
TCGA-14-3477-01A-01D-0912-04	10	62626816	65935323	229	-0.496
TCGA-14-3477-01A-01D-0912-04	10	65968337	66329271	15	0.0967
TCGA-14-3477-01A-01D-0912-04	10	66342660	73815355	745	-0.5859
TCGA-14-3477-01A-01D-0912-04	10	73829922	75017761	141	-0.3058
TCGA-14-3477-01A-01D-0912-04	10	75031743	112695882	3352	-0.7199
TCGA-14-3477-01A-01D-0912-04	10	112701740	112870340	19	0.4996
TCGA-14-3477-01A-01D-0912-04	10	112905095	114697823	113	-0.4779
TCGA-14-3477-01A-01D-0912-04	10	114705037	135356671	1924	-0.7732
TCGA-14-3477-01A-01D-0912-04	11	182372	551995	66	-0.4923
TCGA-14-3477-01A-01D-0912-04	11	556986	48962226	4021	-0.7264
TCGA-14-3477-01A-01D-0912-04	11	48979065	134432265	7348	-0.4449
TCGA-14-3477-01A-01D-0912-04	12	33854	10567051	1144	-0.4068
TCGA-14-3477-01A-01D-0912-04	12	10594444	10654279	7	3.1801
TCGA-14-3477-01A-01D-0912-04	12	10659679	22791468	1028	-0.3599
TCGA-14-3477-01A-01D-0912-04	12	22809936	26672205	318	0.04
TCGA-14-3477-01A-01D-0912-04	12	26685450	27519183	78	-0.3698
TCGA-14-3477-01A-01D-0912-04	12	27533732	30576539	205	-0.7635
TCGA-14-3477-01A-01D-0912-04	12	30601693	50741247	1555	-0.3358
TCGA-14-3477-01A-01D-0912-04	12	50746700	51029395	38	0.1344
TCGA-14-3477-01A-01D-0912-04	12	51033664	52185743	196	-0.3734
TCGA-14-3477-01A-01D-0912-04	12	52187589	52286164	12	0.2842
TCGA-14-3477-01A-01D-0912-04	12	52294172	54020809	209	-0.1694
TCGA-14-3477-01A-01D-0912-04	12	54032371	54742315	113	0.2143
TCGA-14-3477-01A-01D-0912-04	12	54753660	68141995	1106	-0.4004
TCGA-14-3477-01A-01D-0912-04	12	68156009	68464776	40	0.2293
TCGA-14-3477-01A-01D-0912-04	12	68474620	86242630	1204	-0.4508
TCGA-14-3477-01A-01D-0912-04	12	86286422	86601684	9	0.3711
TCGA-14-3477-01A-01D-0912-04	12	86651989	132289090	3905	-0.4543
TCGA-14-3477-01A-01D-0912-04	13	18065953	18361637	9	-0.1589
TCGA-14-3477-01A-01D-0912-04	13	18369390	114107578	7641	-0.7148
TCGA-14-3477-01A-01D-0912-04	13	114114513	114123862	2	0.0779
TCGA-14-3477-01A-01D-0912-04	14	18149473	19350230	21	-0.2128
TCGA-14-3477-01A-01D-0912-04	14	19362145	105845658	8121	-0.7393
TCGA-14-3477-01A-01D-0912-04	14	105857193	105898674	5	-1.6526
TCGA-14-3477-01A-01D-0912-04	14	105907191	106349756	49	-0.7567
TCGA-14-3477-01A-01D-0912-04	15	18362555	18790589	12	0.1998
TCGA-14-3477-01A-01D-0912-04	15	18810004	19206779	15	1.0609
TCGA-14-3477-01A-01D-0912-04	15	19215427	19281889	6	0.2385
TCGA-14-3477-01A-01D-0912-04	15	19291749	20079935	43	1.0584
TCGA-14-3477-01A-01D-0912-04	15	20220416	34249985	1168	0.4971
TCGA-14-3477-01A-01D-0912-04	15	34259840	35343799	90	-0.1233
TCGA-14-3477-01A-01D-0912-04	15	35375907	35687105	13	0.2724
TCGA-14-3477-01A-01D-0912-04	15	35712154	36438988	53	-0.1143
TCGA-14-3477-01A-01D-0912-04	15	36446428	36581820	14	0.1336
TCGA-14-3477-01A-01D-0912-04	15	36592216	46066652	1049	0.4719
TCGA-14-3477-01A-01D-0912-04	15	46073521	95358299	5026	-0.1955
TCGA-14-3477-01A-01D-0912-04	15	95372110	100282819	519	0.1721
TCGA-14-3477-01A-01D-0912-04	16	28087	32004586	2979	0.1554
TCGA-14-3477-01A-01D-0912-04	16	32105104	33539023	33	0.4935
TCGA-14-3477-01A-01D-0912-04	16	33758082	88690571	3782	0.0188
TCGA-14-3477-01A-01D-0912-04	17	29169	22004936	2136	-0.4352
TCGA-14-3477-01A-01D-0912-04	17	22052469	23030260	60	0.1696
TCGA-14-3477-01A-01D-0912-04	17	23072917	23086100	2	1.4086
TCGA-14-3477-01A-01D-0912-04	17	23099595	24496237	178	0.1613
TCGA-14-3477-01A-01D-0912-04	17	24503438	24899479	43	0.5512
TCGA-14-3477-01A-01D-0912-04	17	24903612	25637986	89	0.2609
TCGA-14-3477-01A-01D-0912-04	17	25647517	26058008	43	2.8823
TCGA-14-3477-01A-01D-0912-04	17	26073627	78653545	5106	0.2715
TCGA-14-3477-01A-01D-0912-04	18	4316	75432	3	-0.2478
TCGA-14-3477-01A-01D-0912-04	18	121700	9850474	875	-1.1838
TCGA-14-3477-01A-01D-0912-04	18	9857269	11549179	100	-0.1841
TCGA-14-3477-01A-01D-0912-04	18	11574133	12989859	157	-0.7875
TCGA-14-3477-01A-01D-0912-04	18	13002967	54167690	3018	-0.0803
TCGA-14-3477-01A-01D-0912-04	18	54184218	54270081	13	0.371
TCGA-14-3477-01A-01D-0912-04	18	54274967	76110964	1608	-0.0564
TCGA-14-3477-01A-01D-0912-04	19	64418	18404127	2169	-0.3943
TCGA-14-3477-01A-01D-0912-04	19	18414591	18639315	31	0.1359
TCGA-14-3477-01A-01D-0912-04	19	18656972	34223738	528	-0.2209
TCGA-14-3477-01A-01D-0912-04	19	34256661	48171931	1315	0.1396
TCGA-14-3477-01A-01D-0912-04	19	48187427	48400778	11	-0.3611
TCGA-14-3477-01A-01D-0912-04	19	48400983	63784327	1923	0.2344
TCGA-14-3477-01A-01D-0912-04	2	20341	242717016	18534	0.0834
TCGA-14-3477-01A-01D-0912-04	20	8747	13601786	1205	-0.6297
TCGA-14-3477-01A-01D-0912-04	20	13620415	13776252	19	-0.0315
TCGA-14-3477-01A-01D-0912-04	20	13783882	14622372	92	-0.4148
TCGA-14-3477-01A-01D-0912-04	20	14633390	16557376	183	-0.778
TCGA-14-3477-01A-01D-0912-04	20	16582240	25199983	661	-0.3881
TCGA-14-3477-01A-01D-0912-04	20	25213512	62379059	3171	0.0451
TCGA-14-3477-01A-01D-0912-04	21	9896630	46914686	3362	-0.4908
TCGA-14-3477-01A-01D-0912-04	22	14504218	49565816	4079	-0.1784
TCGA-14-3477-01A-01D-0912-04	23	2710316	61980262	4441	0.4939
TCGA-14-3477-01A-01D-0912-04	23	62018861	66518138	268	0.8799
TCGA-14-3477-01A-01D-0912-04	23	66547361	90843907	1460	0.5025
TCGA-14-3477-01A-01D-0912-04	23	90865947	91300737	19	0.0957
TCGA-14-3477-01A-01D-0912-04	23	91315210	91445574	12	0.9383
TCGA-14-3477-01A-01D-0912-04	23	91453211	92289605	25	0.3169
TCGA-14-3477-01A-01D-0912-04	23	92303812	105444985	944	0.8799
TCGA-14-3477-01A-01D-0912-04	23	105452186	154570177	3768	0.4749
TCGA-14-3477-01A-01D-0912-04	23	154582414	154582414	1	NA
TCGA-14-3477-01A-01D-0912-04	24	2710450	3034907	55	-2.1924
TCGA-14-3477-01A-01D-0912-04	24	3087348	3448671	8	0.7336
TCGA-14-3477-01A-01D-0912-04	24	3492092	3492092	1	NA
TCGA-14-3477-01A-01D-0912-04	24	3503369	6652868	89	-0.7097
TCGA-14-3477-01A-01D-0912-04	24	6696721	7905286	167	-1.8571
TCGA-14-3477-01A-01D-0912-04	24	7908370	8173133	40	-2.6107
TCGA-14-3477-01A-01D-0912-04	24	8176058	9132086	112	-2.0622
TCGA-14-3477-01A-01D-0912-04	24	9145335	10397038	24	-1.3238
TCGA-14-3477-01A-01D-0912-04	24	10408456	10511255	6	-3.4941
TCGA-14-3477-01A-01D-0912-04	24	10537808	12401995	12	-0.3174
TCGA-14-3477-01A-01D-0912-04	24	12412724	12696422	21	-1.2908
TCGA-14-3477-01A-01D-0912-04	24	12715696	24685322	729	-2.1686
TCGA-14-3477-01A-01D-0912-04	24	24754207	57440809	29	-0.9611
TCGA-14-3477-01A-01D-0912-04	3	39066	9119731	744	-0.3891
TCGA-14-3477-01A-01D-0912-04	3	9127097	10290736	155	0.115
TCGA-14-3477-01A-01D-0912-04	3	10297225	14593287	400	-0.3252
TCGA-14-3477-01A-01D-0912-04	3	14637092	15385274	84	0.106
TCGA-14-3477-01A-01D-0912-04	3	15406555	16172441	77	-0.388
TCGA-14-3477-01A-01D-0912-04	3	16181843	16413107	30	-0.0395
TCGA-14-3477-01A-01D-0912-04	3	16422121	17044176	52	-0.4446
TCGA-14-3477-01A-01D-0912-04	3	17052147	17351166	32	-0.0284
TCGA-14-3477-01A-01D-0912-04	3	17358293	17461457	11	-0.4457
TCGA-14-3477-01A-01D-0912-04	3	17476275	17643212	21	0.1661
TCGA-14-3477-01A-01D-0912-04	3	17649591	18242513	42	-0.3039
TCGA-14-3477-01A-01D-0912-04	3	18253892	18301371	4	0.5605
TCGA-14-3477-01A-01D-0912-04	3	18330650	25092404	432	-0.391
TCGA-14-3477-01A-01D-0912-04	3	25102230	25370679	26	0.1353
TCGA-14-3477-01A-01D-0912-04	3	25385312	26396536	69	-0.3829
TCGA-14-3477-01A-01D-0912-04	3	26421454	26753738	21	0.1831
TCGA-14-3477-01A-01D-0912-04	3	26782489	35945236	660	-0.3726
TCGA-14-3477-01A-01D-0912-04	3	35972935	36365000	13	0.3037
TCGA-14-3477-01A-01D-0912-04	3	36378914	37627768	119	-0.3419
TCGA-14-3477-01A-01D-0912-04	3	37640421	37948655	33	0.0888
TCGA-14-3477-01A-01D-0912-04	3	37953375	38169928	40	-0.411
TCGA-14-3477-01A-01D-0912-04	3	38176421	38715012	59	0.1434
TCGA-14-3477-01A-01D-0912-04	3	38729238	47591087	842	-0.3647
TCGA-14-3477-01A-01D-0912-04	3	47597819	47652523	9	0.1508
TCGA-14-3477-01A-01D-0912-04	3	47660306	57468438	1170	-0.3698
TCGA-14-3477-01A-01D-0912-04	3	57476743	57763827	32	0.4391
TCGA-14-3477-01A-01D-0912-04	3	57774798	76285185	1425	-0.3927
TCGA-14-3477-01A-01D-0912-04	3	76300676	76775901	22	0.2909
TCGA-14-3477-01A-01D-0912-04	3	76799534	87437513	649	-0.3735
TCGA-14-3477-01A-01D-0912-04	3	87479672	88250184	43	0.5034
TCGA-14-3477-01A-01D-0912-04	3	88260778	90086651	136	-0.385
TCGA-14-3477-01A-01D-0912-04	3	90110614	135723005	3363	0.0293
TCGA-14-3477-01A-01D-0912-04	3	135734420	135917277	18	0.5556
TCGA-14-3477-01A-01D-0912-04	3	135951071	155532818	1450	0.0484
TCGA-14-3477-01A-01D-0912-04	3	155541566	155617815	8	0.7916
TCGA-14-3477-01A-01D-0912-04	3	155627124	163987457	665	0.0228
TCGA-14-3477-01A-01D-0912-04	3	163997228	164101776	8	0.8664
TCGA-14-3477-01A-01D-0912-04	3	164112873	170864438	397	0.0444
TCGA-14-3477-01A-01D-0912-04	3	170874415	171019638	16	0.7003
TCGA-14-3477-01A-01D-0912-04	3	171025888	180195011	739	0.0409
TCGA-14-3477-01A-01D-0912-04	3	180217892	180496783	30	1.0579
TCGA-14-3477-01A-01D-0912-04	3	180504932	182634083	156	0.0741
TCGA-14-3477-01A-01D-0912-04	3	182658002	182705068	3	1.1799
TCGA-14-3477-01A-01D-0912-04	3	182744062	191096855	797	0.018
TCGA-14-3477-01A-01D-0912-04	3	191109088	191393647	26	0.705
TCGA-14-3477-01A-01D-0912-04	3	191430593	195395109	296	0.0445
TCGA-14-3477-01A-01D-0912-04	3	195414045	195753025	39	0.572
TCGA-14-3477-01A-01D-0912-04	3	195772183	196822133	148	0.0244
TCGA-14-3477-01A-01D-0912-04	3	196830270	196978235	14	-0.4131
TCGA-14-3477-01A-01D-0912-04	3	196987484	199321387	259	0.0419
TCGA-14-3477-01A-01D-0912-04	3	199329592	199379566	2	-1.0361
TCGA-14-3477-01A-01D-0912-04	4	41413	25997744	2050	0.0027
TCGA-14-3477-01A-01D-0912-04	4	26005467	26855601	74	0.3153
TCGA-14-3477-01A-01D-0912-04	4	26865060	27676970	24	0.0538
TCGA-14-3477-01A-01D-0912-04	4	27716586	27770182	3	-0.6236
TCGA-14-3477-01A-01D-0912-04	4	27836082	28787560	28	-0.0218
TCGA-14-3477-01A-01D-0912-04	4	28797721	30822305	104	0.3661
TCGA-14-3477-01A-01D-0912-04	4	30883271	44181066	836	0.0519
TCGA-14-3477-01A-01D-0912-04	4	44218052	44364501	11	0.5825
TCGA-14-3477-01A-01D-0912-04	4	44371196	52687926	404	0.1886
TCGA-14-3477-01A-01D-0912-04	4	52704873	54946985	203	3.9582
TCGA-14-3477-01A-01D-0912-04	4	54978518	56641143	112	0.3981
TCGA-14-3477-01A-01D-0912-04	4	56681456	56777421	6	3.7949
TCGA-14-3477-01A-01D-0912-04	4	56800419	58024081	119	0.1789
TCGA-14-3477-01A-01D-0912-04	4	58060118	59750976	53	4.0496
TCGA-14-3477-01A-01D-0912-04	4	59774961	70237778	541	0.0418
TCGA-14-3477-01A-01D-0912-04	4	70255674	70439721	16	-0.3523
TCGA-14-3477-01A-01D-0912-04	4	70465652	80882790	940	0.1008
TCGA-14-3477-01A-01D-0912-04	4	80926692	81091963	14	2.1278
TCGA-14-3477-01A-01D-0912-04	4	81103566	86274644	423	0.1013
TCGA-14-3477-01A-01D-0912-04	4	86295816	86785058	31	0.4987
TCGA-14-3477-01A-01D-0912-04	4	86790305	86972925	20	0.1849
TCGA-14-3477-01A-01D-0912-04	4	86980813	87344716	38	0.468
TCGA-14-3477-01A-01D-0912-04	4	87357552	190706272	7271	0.038
TCGA-14-3477-01A-01D-0912-04	4	190719354	190907865	12	-0.6032
TCGA-14-3477-01A-01D-0912-04	4	190924564	191173837	20	-0.1105
TCGA-14-3477-01A-01D-0912-04	5	75149	180644810	13244	-0.2023
TCGA-14-3477-01A-01D-0912-04	6	97634	32595402	2966	-0.2137
TCGA-14-3477-01A-01D-0912-04	6	32600962	32629848	3	-1.2264
TCGA-14-3477-01A-01D-0912-04	6	32634044	50933781	1835	-0.2013
TCGA-14-3477-01A-01D-0912-04	6	50939449	66381912	843	0.1855
TCGA-14-3477-01A-01D-0912-04	6	66400762	170509378	7587	-0.1755
TCGA-14-3477-01A-01D-0912-04	6	170517931	170554475	6	0.2883
TCGA-14-3477-01A-01D-0912-04	6	170568662	170674357	10	-0.4092
TCGA-14-3477-01A-01D-0912-04	6	170683494	170867396	15	0.1389
TCGA-14-3477-01A-01D-0912-04	7	140213	158811268	13241	-0.1981
TCGA-14-3477-01A-01D-0912-04	8	63810	18465767	1440	-0.0187
TCGA-14-3477-01A-01D-0912-04	8	18482745	18482745	1	NA
TCGA-14-3477-01A-01D-0912-04	8	18490335	18648665	20	0.4228
TCGA-14-3477-01A-01D-0912-04	8	18658025	39341524	1708	0.089
TCGA-14-3477-01A-01D-0912-04	8	39356595	39505256	20	0.9761
TCGA-14-3477-01A-01D-0912-04	8	39511632	93486236	3590	0.0803
TCGA-14-3477-01A-01D-0912-04	8	93538147	95219513	116	2.2906
TCGA-14-3477-01A-01D-0912-04	8	95227278	143689420	3714	0.0183
TCGA-14-3477-01A-01D-0912-04	8	143694547	143694547	1	NA
TCGA-14-3477-01A-01D-0912-04	8	143705671	143806629	22	2.7024
TCGA-14-3477-01A-01D-0912-04	8	143812667	145000462	161	0.0292
TCGA-14-3477-01A-01D-0912-04	8	145005840	145011923	3	3.0072
TCGA-14-3477-01A-01D-0912-04	8	145017123	146264846	164	0.0043
TCGA-14-3477-01A-01D-0912-04	9	153131	6848179	661	-0.1426
TCGA-14-3477-01A-01D-0912-04	9	6861820	7139781	31	0.4209
TCGA-14-3477-01A-01D-0912-04	9	7145062	7700353	24	-0.121
TCGA-14-3477-01A-01D-0912-04	9	7723767	7782148	4	-0.7057
TCGA-14-3477-01A-01D-0912-04	9	7786439	8084096	14	-0.1305
TCGA-14-3477-01A-01D-0912-04	9	8106434	8147531	2	3.0542
TCGA-14-3477-01A-01D-0912-04	9	8207768	11109628	221	-0.1732
TCGA-14-3477-01A-01D-0912-04	9	11130881	11163090	2	3.2273
TCGA-14-3477-01A-01D-0912-04	9	11185618	12313439	43	-0.2019
TCGA-14-3477-01A-01D-0912-04	9	12332481	12414341	5	3.1242
TCGA-14-3477-01A-01D-0912-04	9	12445191	27192734	1060	-0.1498
TCGA-14-3477-01A-01D-0912-04	9	27203502	27421853	27	0.3354
TCGA-14-3477-01A-01D-0912-04	9	27430770	28420005	91	-0.067
TCGA-14-3477-01A-01D-0912-04	9	28425170	30311408	90	0.3092
TCGA-14-3477-01A-01D-0912-04	9	30347226	30650176	19	0.8973
TCGA-14-3477-01A-01D-0912-04	9	30684198	39146895	786	0.3947
TCGA-14-3477-01A-01D-0912-04	9	39157302	126124987	4633	-0.0448
TCGA-14-3477-01A-01D-0912-04	9	126138508	128503047	258	0.3322
TCGA-14-3477-01A-01D-0912-04	9	128509202	140241876	1432	-0.0737
