barcode	chromosome	start	stop	num.mark	seg.mean
TCGA-12-0780-01A-01D-0334-04	1	554268	25457903	2433	-0.047
TCGA-12-0780-01A-01D-0334-04	1	25482036	25536086	6	-0.6038
TCGA-12-0780-01A-01D-0334-04	1	25541997	150819451	8452	-0.0125
TCGA-12-0780-01A-01D-0334-04	1	150823073	150848509	5	0.7712
TCGA-12-0780-01A-01D-0334-04	1	150852858	159786265	1162	-0.0228
TCGA-12-0780-01A-01D-0334-04	1	159876777	159907508	4	-0.6285
TCGA-12-0780-01A-01D-0334-04	1	159913146	167483267	648	-0.0072
TCGA-12-0780-01A-01D-0334-04	1	167493768	167507882	2	-2.8247
TCGA-12-0780-01A-01D-0334-04	1	167523140	194978218	2056	-0.0022
TCGA-12-0780-01A-01D-0334-04	1	195005520	195026703	3	-0.6095
TCGA-12-0780-01A-01D-0334-04	1	195033552	200613454	490	0.0101
TCGA-12-0780-01A-01D-0334-04	1	200622656	200786282	14	-0.3422
TCGA-12-0780-01A-01D-0334-04	1	200802204	242618721	3460	-0.0137
TCGA-12-0780-01A-01D-0334-04	1	242624385	245504891	294	-0.6699
TCGA-12-0780-01A-01D-0334-04	1	245515972	246433956	129	-0.018
TCGA-12-0780-01A-01D-0334-04	1	246442698	246794522	43	0.2066
TCGA-12-0780-01A-01D-0334-04	1	246795223	247190718	44	-0.0236
TCGA-12-0780-01A-01D-0334-04	10	115544	38669536	3169	-0.6861
TCGA-12-0780-01A-01D-0334-04	10	38682265	42175348	12	0.01
TCGA-12-0780-01A-01D-0334-04	10	42184626	69627248	1840	-0.703
TCGA-12-0780-01A-01D-0334-04	10	69636648	69661546	5	0.0641
TCGA-12-0780-01A-01D-0334-04	10	69665471	135356671	6009	-0.6969
TCGA-12-0780-01A-01D-0334-04	11	182372	55112329	4214	-0.008
TCGA-12-0780-01A-01D-0334-04	11	55118214	55207305	14	0.4407
TCGA-12-0780-01A-01D-0334-04	11	55225136	70505018	1886	-0.025
TCGA-12-0780-01A-01D-0334-04	11	70513116	70559370	7	-0.5215
TCGA-12-0780-01A-01D-0334-04	11	70562838	134432265	5314	-0.0135
TCGA-12-0780-01A-01D-0334-04	12	33854	7859302	858	-0.0292
TCGA-12-0780-01A-01D-0334-04	12	7865499	8009244	16	0.5504
TCGA-12-0780-01A-01D-0334-04	12	8036400	10457163	259	0.008
TCGA-12-0780-01A-01D-0334-04	12	10464018	10484956	4	-1.1169
TCGA-12-0780-01A-01D-0334-04	12	10493984	11393473	89	-0.0052
TCGA-12-0780-01A-01D-0334-04	12	11404653	11413841	2	-0.8602
TCGA-12-0780-01A-01D-0334-04	12	11419189	11430887	2	-1.5189
TCGA-12-0780-01A-01D-0334-04	12	11444721	47943680	2747	0.0051
TCGA-12-0780-01A-01D-0334-04	12	47949413	47961285	4	0.5634
TCGA-12-0780-01A-01D-0334-04	12	47964921	132289090	7186	-0.0031
TCGA-12-0780-01A-01D-0334-04	13	18065953	23989103	535	0.0075
TCGA-12-0780-01A-01D-0334-04	13	23994292	23994292	1	NA
TCGA-12-0780-01A-01D-0334-04	13	24006919	24049202	5	0.4922
TCGA-12-0780-01A-01D-0334-04	13	24063136	114123862	7111	-0.0016
TCGA-12-0780-01A-01D-0334-04	14	18149473	19216369	10	-0.1352
TCGA-12-0780-01A-01D-0334-04	14	19268776	19490630	30	-0.6813
TCGA-12-0780-01A-01D-0334-04	14	19497023	21430511	312	0.0033
TCGA-12-0780-01A-01D-0334-04	14	21438704	22034704	74	0.2789
TCGA-12-0780-01A-01D-0334-04	14	22046097	73060301	4564	-0.0071
TCGA-12-0780-01A-01D-0334-04	14	73071404	73092018	4	-0.9937
TCGA-12-0780-01A-01D-0334-04	14	73104572	105594189	3121	-0.0239
TCGA-12-0780-01A-01D-0334-04	14	105602756	105623070	3	-3.1438
TCGA-12-0780-01A-01D-0334-04	14	105630089	106349756	78	-0.0197
TCGA-12-0780-01A-01D-0334-04	15	18362555	20220416	77	0.2495
TCGA-12-0780-01A-01D-0334-04	15	20249886	41737960	1986	-0.0122
TCGA-12-0780-01A-01D-0334-04	15	41776053	41782489	2	-1.2199
TCGA-12-0780-01A-01D-0334-04	15	41803782	100200937	5941	-0.0239
TCGA-12-0780-01A-01D-0334-04	15	100217283	100282819	2	-1.0947
TCGA-12-0780-01A-01D-0334-04	16	28087	32004586	2979	-0.0281
TCGA-12-0780-01A-01D-0334-04	16	32105104	33539023	33	0.2995
TCGA-12-0780-01A-01D-0334-04	16	33758082	68679377	1900	-0.0802
TCGA-12-0780-01A-01D-0334-04	16	68706240	68754234	7	-0.7003
TCGA-12-0780-01A-01D-0334-04	16	68795079	72917554	383	-0.0186
TCGA-12-0780-01A-01D-0334-04	16	72933295	72964783	4	-0.6311
TCGA-12-0780-01A-01D-0334-04	16	73012768	88690571	1488	-0.0359
TCGA-12-0780-01A-01D-0334-04	17	29169	41527705	4251	-0.0287
TCGA-12-0780-01A-01D-0334-04	17	41533641	41706870	14	-0.5221
TCGA-12-0780-01A-01D-0334-04	17	41841187	78653545	3392	-0.0242
TCGA-12-0780-01A-01D-0334-04	18	4316	76110964	5774	-0.0029
TCGA-12-0780-01A-01D-0334-04	19	64418	20383210	2387	0.2581
TCGA-12-0780-01A-01D-0334-04	19	20422576	20493401	5	-0.6445
TCGA-12-0780-01A-01D-0334-04	19	20510787	40539029	790	0.318
TCGA-12-0780-01A-01D-0334-04	19	40543992	40556205	3	-0.5212
TCGA-12-0780-01A-01D-0334-04	19	40562762	63784327	2792	0.2529
TCGA-12-0780-01A-01D-0334-04	2	20341	34539740	2705	-0.0146
TCGA-12-0780-01A-01D-0334-04	2	34556434	34580533	2	0.9823
TCGA-12-0780-01A-01D-0334-04	2	34608979	242717016	15827	6e-04
TCGA-12-0780-01A-01D-0334-04	20	8747	1506379	191	0.4001
TCGA-12-0780-01A-01D-0334-04	20	1516966	1528899	2	-1.0396
TCGA-12-0780-01A-01D-0334-04	20	1539155	28080970	2029	0.4421
TCGA-12-0780-01A-01D-0334-04	20	28133609	28266113	8	0.0532
TCGA-12-0780-01A-01D-0334-04	20	29297270	62379059	3101	0.4109
TCGA-12-0780-01A-01D-0334-04	21	9896630	24893875	796	0.0226
TCGA-12-0780-01A-01D-0334-04	21	24911411	26059316	96	-0.2795
TCGA-12-0780-01A-01D-0334-04	21	26066934	35470203	1001	0.0133
TCGA-12-0780-01A-01D-0334-04	21	35486076	46811528	1457	-0.2925
TCGA-12-0780-01A-01D-0334-04	21	46814894	46914686	12	0.0566
TCGA-12-0780-01A-01D-0334-04	22	14504218	49565816	4079	-0.0397
TCGA-12-0780-01A-01D-0334-04	23	2710316	43693533	3243	0.9451
TCGA-12-0780-01A-01D-0334-04	23	43702975	43717574	2	0.0858
TCGA-12-0780-01A-01D-0334-04	23	43725128	52909690	784	0.9014
TCGA-12-0780-01A-01D-0334-04	23	52916249	52966148	4	0.2057
TCGA-12-0780-01A-01D-0334-04	23	52971245	52971245	1	NA
TCGA-12-0780-01A-01D-0334-04	23	52977939	90865947	2136	0.9164
TCGA-12-0780-01A-01D-0334-04	23	90917565	91300737	18	0.3184
TCGA-12-0780-01A-01D-0334-04	23	91315210	91425227	11	0.9475
TCGA-12-0780-01A-01D-0334-04	23	91445574	92184315	24	0.3959
TCGA-12-0780-01A-01D-0334-04	23	92263775	152680934	4476	0.9394
TCGA-12-0780-01A-01D-0334-04	23	152685198	152691296	3	-0.0888
TCGA-12-0780-01A-01D-0334-04	23	152694773	154582414	236	0.8176
TCGA-12-0780-01A-01D-0334-04	24	2710450	2971261	52	-3.6891
TCGA-12-0780-01A-01D-0334-04	24	2985564	6577257	100	-0.8814
TCGA-12-0780-01A-01D-0334-04	24	6652868	7832896	158	-2.8211
TCGA-12-0780-01A-01D-0334-04	24	7843823	10511255	192	-3.523
TCGA-12-0780-01A-01D-0334-04	24	10537808	12401995	12	-0.2926
TCGA-12-0780-01A-01D-0334-04	24	12412724	12715696	22	-1.7767
TCGA-12-0780-01A-01D-0334-04	24	12730281	15969469	327	-3.4295
TCGA-12-0780-01A-01D-0334-04	24	15980898	16172539	11	-1.7045
TCGA-12-0780-01A-01D-0334-04	24	16203872	16343057	10	-2.5896
TCGA-12-0780-01A-01D-0334-04	24	16362978	16723892	26	-3.8362
TCGA-12-0780-01A-01D-0334-04	24	16727813	16735178	3	-1.086
TCGA-12-0780-01A-01D-0334-04	24	16742431	16742431	1	NA
TCGA-12-0780-01A-01D-0334-04	24	16747251	17057424	11	-3.645
TCGA-12-0780-01A-01D-0334-04	24	17073540	17208462	10	-2.079
TCGA-12-0780-01A-01D-0334-04	24	17221481	17482749	17	-4.4826
TCGA-12-0780-01A-01D-0334-04	24	17492482	17801068	21	-2.339
TCGA-12-0780-01A-01D-0334-04	24	17817586	24685322	291	-3.6939
TCGA-12-0780-01A-01D-0334-04	24	24754207	57440809	29	-0.5887
TCGA-12-0780-01A-01D-0334-04	3	39066	163987457	12956	-0.0039
TCGA-12-0780-01A-01D-0334-04	3	163997228	164101776	8	0.6162
TCGA-12-0780-01A-01D-0334-04	3	164112873	196830270	2648	-0.002
TCGA-12-0780-01A-01D-0334-04	3	196904349	196942158	7	0.5484
TCGA-12-0780-01A-01D-0334-04	3	196943380	199379566	267	-0.0241
TCGA-12-0780-01A-01D-0334-04	4	41413	68905670	4501	-0.0111
TCGA-12-0780-01A-01D-0334-04	4	69057735	69165814	11	0.8696
TCGA-12-0780-01A-01D-0334-04	4	69643272	70018377	35	-0.0167
TCGA-12-0780-01A-01D-0334-04	4	70028556	70299545	25	-0.2616
TCGA-12-0780-01A-01D-0334-04	4	70327740	191173837	8781	0.0116
TCGA-12-0780-01A-01D-0334-04	5	75149	763494	76	-0.0165
TCGA-12-0780-01A-01D-0334-04	5	771310	905462	13	-0.467
TCGA-12-0780-01A-01D-0334-04	5	916822	174895421	12534	0.0038
TCGA-12-0780-01A-01D-0334-04	5	174907492	174907492	1	NA
TCGA-12-0780-01A-01D-0334-04	5	174928871	175657218	42	-0.6878
TCGA-12-0780-01A-01D-0334-04	5	175672303	176815824	162	-0.0227
TCGA-12-0780-01A-01D-0334-04	5	176820265	177590534	68	-0.6499
TCGA-12-0780-01A-01D-0334-04	5	177597233	180342860	303	-0.0195
TCGA-12-0780-01A-01D-0334-04	5	180351118	180355807	2	-4.145
TCGA-12-0780-01A-01D-0334-04	5	180362342	180644810	43	-0.0647
TCGA-12-0780-01A-01D-0334-04	6	97634	78983276	6508	-0.0097
TCGA-12-0780-01A-01D-0334-04	6	79035891	79058544	2	-4.7267
TCGA-12-0780-01A-01D-0334-04	6	79079988	79079988	1	NA
TCGA-12-0780-01A-01D-0334-04	6	79101978	97969420	1161	0.0127
TCGA-12-0780-01A-01D-0334-04	6	97988716	98988733	50	-0.7144
TCGA-12-0780-01A-01D-0334-04	6	99024710	99419886	20	-0.3885
TCGA-12-0780-01A-01D-0334-04	6	99428537	100475538	80	-0.6644
TCGA-12-0780-01A-01D-0334-04	6	100488971	100980363	24	-0.045
TCGA-12-0780-01A-01D-0334-04	6	100990357	101107740	13	-0.6413
TCGA-12-0780-01A-01D-0334-04	6	101115544	101247869	14	-0.1679
TCGA-12-0780-01A-01D-0334-04	6	101258421	101393720	14	-0.5664
TCGA-12-0780-01A-01D-0334-04	6	101403268	101843782	18	-0.1087
TCGA-12-0780-01A-01D-0334-04	6	101870759	102825672	88	-0.717
TCGA-12-0780-01A-01D-0334-04	6	102852108	103989737	30	-0.0453
TCGA-12-0780-01A-01D-0334-04	6	104031688	104031688	1	NA
TCGA-12-0780-01A-01D-0334-04	6	104068266	104449055	15	-0.6289
TCGA-12-0780-01A-01D-0334-04	6	104478351	105671356	67	-0.1997
TCGA-12-0780-01A-01D-0334-04	6	105679925	106908705	81	-0.6626
TCGA-12-0780-01A-01D-0334-04	6	106920278	106992350	5	-0.0756
TCGA-12-0780-01A-01D-0334-04	6	107004805	107137101	14	-0.5849
TCGA-12-0780-01A-01D-0334-04	6	107146292	107673397	40	0.0032
TCGA-12-0780-01A-01D-0334-04	6	107686793	108269233	58	-0.7019
TCGA-12-0780-01A-01D-0334-04	6	108294479	108708330	37	-0.0046
TCGA-12-0780-01A-01D-0334-04	6	108720533	108925415	20	-0.6461
TCGA-12-0780-01A-01D-0334-04	6	108938131	109296683	32	-0.229
TCGA-12-0780-01A-01D-0334-04	6	109304077	109402317	12	-0.6847
TCGA-12-0780-01A-01D-0334-04	6	109413520	109557183	17	-0.0052
TCGA-12-0780-01A-01D-0334-04	6	109566537	170762955	4841	-0.6866
TCGA-12-0780-01A-01D-0334-04	6	170780949	170867396	2	-0.0495
TCGA-12-0780-01A-01D-0334-04	7	140213	140213	1	NA
TCGA-12-0780-01A-01D-0334-04	7	149268	34613025	3028	0.4475
TCGA-12-0780-01A-01D-0334-04	7	34627914	34778888	20	0.9398
TCGA-12-0780-01A-01D-0334-04	7	34788111	35588239	51	0.4402
TCGA-12-0780-01A-01D-0334-04	7	35621288	35757731	13	0.8752
TCGA-12-0780-01A-01D-0334-04	7	35765599	35798035	4	0.4001
TCGA-12-0780-01A-01D-0334-04	7	35809464	35983728	14	0.8857
TCGA-12-0780-01A-01D-0334-04	7	36002073	38277728	210	0.4927
TCGA-12-0780-01A-01D-0334-04	7	38281765	38343026	9	0.884
TCGA-12-0780-01A-01D-0334-04	7	38347832	38875204	57	0.397
TCGA-12-0780-01A-01D-0334-04	7	38880382	39447399	62	0.8734
TCGA-12-0780-01A-01D-0334-04	7	39455151	43966300	354	0.45
TCGA-12-0780-01A-01D-0334-04	7	43983679	44020860	2	-0.3053
TCGA-12-0780-01A-01D-0334-04	7	44050079	54620709	747	0.4496
TCGA-12-0780-01A-01D-0334-04	7	54643970	55502818	64	0.8555
TCGA-12-0780-01A-01D-0334-04	7	55505852	110853972	4254	0.4472
TCGA-12-0780-01A-01D-0334-04	7	110869762	110976061	13	-0.1238
TCGA-12-0780-01A-01D-0334-04	7	110981833	112363915	137	0.3089
TCGA-12-0780-01A-01D-0334-04	7	112372584	112455124	6	3.2579
TCGA-12-0780-01A-01D-0334-04	7	112471116	116107046	215	0.2787
TCGA-12-0780-01A-01D-0334-04	7	116117738	116356375	27	3.0626
TCGA-12-0780-01A-01D-0334-04	7	116366149	119112131	181	0.318
TCGA-12-0780-01A-01D-0334-04	7	119135895	120014516	63	3.0903
TCGA-12-0780-01A-01D-0334-04	7	120022904	120087494	8	2.7979
TCGA-12-0780-01A-01D-0334-04	7	120098907	141687978	2050	0.4576
TCGA-12-0780-01A-01D-0334-04	7	141705163	141711513	2	-1.067
TCGA-12-0780-01A-01D-0334-04	7	141720324	142526254	101	0.5161
TCGA-12-0780-01A-01D-0334-04	7	142535965	142591458	11	-0.9568
TCGA-12-0780-01A-01D-0334-04	7	142600731	142600731	1	NA
TCGA-12-0780-01A-01D-0334-04	7	142605735	158811268	1536	0.4397
TCGA-12-0780-01A-01D-0334-04	8	63810	39341524	3169	-0.0053
TCGA-12-0780-01A-01D-0334-04	8	39356595	39505256	20	-4.2123
TCGA-12-0780-01A-01D-0334-04	8	39511632	137737806	6926	0.0042
TCGA-12-0780-01A-01D-0334-04	8	137762418	137919308	7	-0.9925
TCGA-12-0780-01A-01D-0334-04	8	137952089	146264846	838	-0.0494
TCGA-12-0780-01A-01D-0334-04	9	153131	20185733	1603	-0.6906
TCGA-12-0780-01A-01D-0334-04	9	20208937	20798129	69	-2.2347
TCGA-12-0780-01A-01D-0334-04	9	20810273	21055167	30	-0.7044
TCGA-12-0780-01A-01D-0334-04	9	21067574	24197831	225	-2.1546
TCGA-12-0780-01A-01D-0334-04	9	24232825	26925960	109	-0.6495
TCGA-12-0780-01A-01D-0334-04	9	26933569	26975915	6	-0.184
TCGA-12-0780-01A-01D-0334-04	9	26983676	27346909	43	-0.6314
TCGA-12-0780-01A-01D-0334-04	9	27354856	27721268	35	-0.0938
TCGA-12-0780-01A-01D-0334-04	9	27745844	27906783	8	-0.7347
TCGA-12-0780-01A-01D-0334-04	9	27920767	28618391	82	-0.0839
TCGA-12-0780-01A-01D-0334-04	9	28624165	33767785	298	-0.6823
TCGA-12-0780-01A-01D-0334-04	9	33773609	33791073	4	0.2202
TCGA-12-0780-01A-01D-0334-04	9	33803335	39141696	567	-0.6803
TCGA-12-0780-01A-01D-0334-04	9	39146895	66256470	32	-0.3336
TCGA-12-0780-01A-01D-0334-04	9	67701366	140138746	6288	-0.0176
TCGA-12-0780-01A-01D-0334-04	9	140145683	140193674	3	-0.5757
TCGA-12-0780-01A-01D-0334-04	9	140241876	140241876	1	NA
