barcode	chromosome	start	stop	num.mark	seg.mean
TCGA-27-1837-01A-01D-0785-04	1	554268	16698906	1586	0.0278
TCGA-27-1837-01A-01D-0785-04	1	16704725	17130528	23	0.3198
TCGA-27-1837-01A-01D-0785-04	1	17148592	25505750	827	0.0192
TCGA-27-1837-01A-01D-0785-04	1	25520845	25536086	3	0.6115
TCGA-27-1837-01A-01D-0785-04	1	25541997	72523186	4357	0.0173
TCGA-27-1837-01A-01D-0785-04	1	72533856	72533856	1	NA
TCGA-27-1837-01A-01D-0785-04	1	72550248	72568009	2	1.8235
TCGA-27-1837-01A-01D-0785-04	1	72602597	89358545	1155	-0.0115
TCGA-27-1837-01A-01D-0785-04	1	89364351	89371517	2	NA
TCGA-27-1837-01A-01D-0785-04	1	89380208	94821417	462	-0.734
TCGA-27-1837-01A-01D-0785-04	1	94854388	150816180	2472	0.0097
TCGA-27-1837-01A-01D-0785-04	1	150819451	150819451	1	NA
TCGA-27-1837-01A-01D-0785-04	1	150823073	150848509	5	0.6099
TCGA-27-1837-01A-01D-0785-04	1	150852858	194978218	3872	0.0023
TCGA-27-1837-01A-01D-0785-04	1	195005520	195048208	6	-0.7263
TCGA-27-1837-01A-01D-0785-04	1	195062024	195062024	1	NA
TCGA-27-1837-01A-01D-0785-04	1	195067764	240496626	3804	0.0108
TCGA-27-1837-01A-01D-0785-04	1	240508721	240517365	2	NA
TCGA-27-1837-01A-01D-0785-04	1	240536783	240553089	3	-0.6786
TCGA-27-1837-01A-01D-0785-04	1	240565733	246713357	614	-0.006
TCGA-27-1837-01A-01D-0785-04	1	246750352	246862029	13	0.2772
TCGA-27-1837-01A-01D-0785-04	1	246874992	247190718	34	0.0141
TCGA-27-1837-01A-01D-0785-04	10	115544	38620776	3167	-0.7268
TCGA-27-1837-01A-01D-0785-04	10	38659036	42175348	14	-0.3503
TCGA-27-1837-01A-01D-0785-04	10	42184626	56112067	913	-0.7555
TCGA-27-1837-01A-01D-0785-04	10	56122417	56135384	3	-0.0457
TCGA-27-1837-01A-01D-0785-04	10	56142414	127563278	6225	-0.7265
TCGA-27-1837-01A-01D-0785-04	10	127578239	127603523	5	-0.06
TCGA-27-1837-01A-01D-0785-04	10	127612803	135356671	708	-0.7212
TCGA-27-1837-01A-01D-0785-04	11	182372	134432265	11435	0.0054
TCGA-27-1837-01A-01D-0785-04	12	33854	9452803	1015	0.0069
TCGA-27-1837-01A-01D-0785-04	12	9528590	9585156	3	0.9042
TCGA-27-1837-01A-01D-0785-04	12	9613074	31753469	1856	0.0015
TCGA-27-1837-01A-01D-0785-04	12	31761156	31769799	2	-0.8616
TCGA-27-1837-01A-01D-0785-04	12	31782099	132278000	8290	0.0012
TCGA-27-1837-01A-01D-0785-04	12	132289090	132289090	1	NA
TCGA-27-1837-01A-01D-0785-04	13	18065953	18194527	2	NA
TCGA-27-1837-01A-01D-0785-04	13	18225344	56650373	3549	1e-04
TCGA-27-1837-01A-01D-0785-04	13	56658479	56673183	3	-0.6371
TCGA-27-1837-01A-01D-0785-04	13	56691355	114123862	4098	-0.0063
TCGA-27-1837-01A-01D-0785-04	14	18149473	19216369	10	0.2522
TCGA-27-1837-01A-01D-0785-04	14	19268776	19490630	30	-0.434
TCGA-27-1837-01A-01D-0785-04	14	19497023	19515781	3	NA
TCGA-27-1837-01A-01D-0785-04	14	19535787	21438704	310	0.0164
TCGA-27-1837-01A-01D-0785-04	14	21448635	21448635	1	NA
TCGA-27-1837-01A-01D-0785-04	14	21457258	22066142	75	0.2487
TCGA-27-1837-01A-01D-0785-04	14	22071780	73071404	4562	0.0134
TCGA-27-1837-01A-01D-0785-04	14	73075500	73092018	3	1.11
TCGA-27-1837-01A-01D-0785-04	14	73104572	105128688	3070	0.0055
TCGA-27-1837-01A-01D-0785-04	14	105138794	105275857	13	-0.7523
TCGA-27-1837-01A-01D-0785-04	14	105280523	106349756	119	-0.03
TCGA-27-1837-01A-01D-0785-04	15	18362555	18810004	13	0.0672
TCGA-27-1837-01A-01D-0785-04	15	18835660	20079935	63	0.2609
TCGA-27-1837-01A-01D-0785-04	15	20220416	100282819	7932	0.0062
TCGA-27-1837-01A-01D-0785-04	16	28087	28087	1	NA
TCGA-27-1837-01A-01D-0785-04	16	36766	1215396	180	0.0162
TCGA-27-1837-01A-01D-0785-04	16	1228802	1237137	2	-1.1175
TCGA-27-1837-01A-01D-0785-04	16	1247366	32105104	2797	0.0054
TCGA-27-1837-01A-01D-0785-04	16	32208242	33539023	32	0.2315
TCGA-27-1837-01A-01D-0785-04	16	33758082	34584793	29	-0.1152
TCGA-27-1837-01A-01D-0785-04	16	34605030	45025880	16	0.5433
TCGA-27-1837-01A-01D-0785-04	16	45058242	68679377	1855	0.0101
TCGA-27-1837-01A-01D-0785-04	16	68706240	68754234	7	-0.6186
TCGA-27-1837-01A-01D-0785-04	16	68795079	72933295	384	0.0331
TCGA-27-1837-01A-01D-0785-04	16	72937352	72937352	1	NA
TCGA-27-1837-01A-01D-0785-04	16	72955519	72964783	2	-0.8518
TCGA-27-1837-01A-01D-0785-04	16	73012768	88690571	1488	0.0096
TCGA-27-1837-01A-01D-0785-04	17	29169	48539	2	NA
TCGA-27-1837-01A-01D-0785-04	17	59739	31456645	3128	0.0119
TCGA-27-1837-01A-01D-0785-04	17	31461588	31504564	5	-0.5907
TCGA-27-1837-01A-01D-0785-04	17	31889297	41344159	1094	0.0281
TCGA-27-1837-01A-01D-0785-04	17	41360793	41644979	34	-0.1613
TCGA-27-1837-01A-01D-0785-04	17	41700762	78653545	3394	0.0233
TCGA-27-1837-01A-01D-0785-04	18	4316	76110964	5774	-0.003
TCGA-27-1837-01A-01D-0785-04	19	64418	20383210	2387	0.0053
TCGA-27-1837-01A-01D-0785-04	19	20422576	20493401	5	-1.0079
TCGA-27-1837-01A-01D-0785-04	19	20510787	63784327	3585	-0.0087
TCGA-27-1837-01A-01D-0785-04	2	20341	29193	2	NA
TCGA-27-1837-01A-01D-0785-04	2	40661	78550858	6261	0.0101
TCGA-27-1837-01A-01D-0785-04	2	78563463	78569902	2	-1.1656
TCGA-27-1837-01A-01D-0785-04	2	78587777	132079307	3335	0.0047
TCGA-27-1837-01A-01D-0785-04	2	132093699	132210342	8	0.3792
TCGA-27-1837-01A-01D-0785-04	2	132223855	242501239	8890	0.0042
TCGA-27-1837-01A-01D-0785-04	2	242505261	242677069	33	-0.8101
TCGA-27-1837-01A-01D-0785-04	2	242689978	242717016	3	0.087
TCGA-27-1837-01A-01D-0785-04	20	8747	62379059	5331	0.0086
TCGA-27-1837-01A-01D-0785-04	21	9896630	13435755	26	-0.3007
TCGA-27-1837-01A-01D-0785-04	21	13461550	46914686	3336	-1e-04
TCGA-27-1837-01A-01D-0785-04	22	14504218	17086001	179	0.0106
TCGA-27-1837-01A-01D-0785-04	22	17270271	17390449	20	0.4415
TCGA-27-1837-01A-01D-0785-04	22	17403824	17403824	1	NA
TCGA-27-1837-01A-01D-0785-04	22	17409602	49565816	3879	0.0168
TCGA-27-1837-01A-01D-0785-04	23	2710316	102695017	6881	0.0173
TCGA-27-1837-01A-01D-0785-04	23	102706829	102712118	2	-5.6665
TCGA-27-1837-01A-01D-0785-04	23	102718738	153127027	3887	0.0187
TCGA-27-1837-01A-01D-0785-04	23	153158679	153158822	2	-2.109
TCGA-27-1837-01A-01D-0785-04	23	153176364	154582414	166	0.0493
TCGA-27-1837-01A-01D-0785-04	24	2710450	57440809	1293	-0.0315
TCGA-27-1837-01A-01D-0785-04	3	39066	196830270	15612	4e-04
TCGA-27-1837-01A-01D-0785-04	3	196904349	196950095	10	0.4242
TCGA-27-1837-01A-01D-0785-04	3	196958467	199379566	264	2e-04
TCGA-27-1837-01A-01D-0785-04	4	41413	3501360	391	-0.7243
TCGA-27-1837-01A-01D-0785-04	4	3505909	3505909	1	NA
TCGA-27-1837-01A-01D-0785-04	4	3530276	3589684	9	-0.3215
TCGA-27-1837-01A-01D-0785-04	4	3606632	3852806	22	-0.6612
TCGA-27-1837-01A-01D-0785-04	4	3873353	4246910	6	-0.2088
TCGA-27-1837-01A-01D-0785-04	4	4260042	8783577	495	-0.7158
TCGA-27-1837-01A-01D-0785-04	4	8979869	8979869	1	NA
TCGA-27-1837-01A-01D-0785-04	4	8985634	9410429	16	-0.3206
TCGA-27-1837-01A-01D-0785-04	4	9416436	48777988	2554	-0.7475
TCGA-27-1837-01A-01D-0785-04	4	48910295	68905670	1006	-0.0162
TCGA-27-1837-01A-01D-0785-04	4	69057735	69069563	2	-1.749
TCGA-27-1837-01A-01D-0785-04	4	69075140	69165814	9	-4.1463
TCGA-27-1837-01A-01D-0785-04	4	69643272	70130975	48	0.0033
TCGA-27-1837-01A-01D-0785-04	4	70159690	70255674	9	0.3708
TCGA-27-1837-01A-01D-0785-04	4	70264689	191173837	8784	-0.0085
TCGA-27-1837-01A-01D-0785-04	5	75149	32133136	2088	-0.0084
TCGA-27-1837-01A-01D-0785-04	5	32146491	32203336	9	0.4717
TCGA-27-1837-01A-01D-0785-04	5	32209048	144343290	8120	0.0033
TCGA-27-1837-01A-01D-0785-04	5	144384244	144384244	1	NA
TCGA-27-1837-01A-01D-0785-04	5	144412689	144909609	16	-0.7725
TCGA-27-1837-01A-01D-0785-04	5	144937695	148169432	314	0.0229
TCGA-27-1837-01A-01D-0785-04	5	148176199	148319318	16	-0.7032
TCGA-27-1837-01A-01D-0785-04	5	148332001	148332001	1	NA
TCGA-27-1837-01A-01D-0785-04	5	148339853	156080292	691	0.014
TCGA-27-1837-01A-01D-0785-04	5	156086064	156173335	9	-0.5073
TCGA-27-1837-01A-01D-0785-04	5	156185101	159342461	264	-0.0032
TCGA-27-1837-01A-01D-0785-04	5	159355516	159361728	2	-0.7176
TCGA-27-1837-01A-01D-0785-04	5	159370379	160140323	90	-0.0019
TCGA-27-1837-01A-01D-0785-04	5	160148538	160394438	14	-0.8617
TCGA-27-1837-01A-01D-0785-04	5	160425418	160425418	1	NA
TCGA-27-1837-01A-01D-0785-04	5	160452050	160588049	5	0.0775
TCGA-27-1837-01A-01D-0785-04	5	160621916	160791124	19	-0.7893
TCGA-27-1837-01A-01D-0785-04	5	160803565	160803565	1	NA
TCGA-27-1837-01A-01D-0785-04	5	160810866	162593962	97	-0.0289
TCGA-27-1837-01A-01D-0785-04	5	162620682	162958203	28	-0.7366
TCGA-27-1837-01A-01D-0785-04	5	162999771	163830773	35	-0.0461
TCGA-27-1837-01A-01D-0785-04	5	163843066	164194973	19	-0.7034
TCGA-27-1837-01A-01D-0785-04	5	164216217	169501565	339	0.0026
TCGA-27-1837-01A-01D-0785-04	5	169533810	169903457	46	-0.7053
TCGA-27-1837-01A-01D-0785-04	5	169914576	170064649	19	0.0316
TCGA-27-1837-01A-01D-0785-04	5	170072383	170360126	32	-0.6984
TCGA-27-1837-01A-01D-0785-04	5	170371862	170371862	1	NA
TCGA-27-1837-01A-01D-0785-04	5	170388281	180342860	922	0.0124
TCGA-27-1837-01A-01D-0785-04	5	180351118	180355807	2	0.9506
TCGA-27-1837-01A-01D-0785-04	5	180362342	180644810	43	-0.0495
TCGA-27-1837-01A-01D-0785-04	6	97634	97634	1	NA
TCGA-27-1837-01A-01D-0785-04	6	108083	29950805	2570	0.0098
TCGA-27-1837-01A-01D-0785-04	6	29962849	30010234	6	0.5101
TCGA-27-1837-01A-01D-0785-04	6	30021894	32558677	386	-0.0061
TCGA-27-1837-01A-01D-0785-04	6	32567382	32600962	4	0.6539
TCGA-27-1837-01A-01D-0785-04	6	32605300	78983276	3541	-0.0055
TCGA-27-1837-01A-01D-0785-04	6	79035891	79035891	1	NA
TCGA-27-1837-01A-01D-0785-04	6	79058544	79079988	2	-0.9556
TCGA-27-1837-01A-01D-0785-04	6	79101978	165640218	6281	-6e-04
TCGA-27-1837-01A-01D-0785-04	6	165645537	165650610	2	1.8015
TCGA-27-1837-01A-01D-0785-04	6	165657596	168068481	235	-0.0044
TCGA-27-1837-01A-01D-0785-04	6	168086690	168324002	28	0.6195
TCGA-27-1837-01A-01D-0785-04	6	168349663	170867396	208	-0.011
TCGA-27-1837-01A-01D-0785-04	7	140213	44715062	3920	0.0085
TCGA-27-1837-01A-01D-0785-04	7	44719896	45577602	80	0.5046
TCGA-27-1837-01A-01D-0785-04	7	45585009	52705763	493	-0.0086
TCGA-27-1837-01A-01D-0785-04	7	52761045	56351927	223	4.1389
TCGA-27-1837-01A-01D-0785-04	7	56444418	56461115	2	0.7679
TCGA-27-1837-01A-01D-0785-04	7	56479343	57887524	84	-0.0144
TCGA-27-1837-01A-01D-0785-04	7	57931397	141402937	6758	0.4863
TCGA-27-1837-01A-01D-0785-04	7	141408013	141408013	1	NA
TCGA-27-1837-01A-01D-0785-04	7	141413352	141438504	3	-0.2047
TCGA-27-1837-01A-01D-0785-04	7	141452085	141687978	26	0.4917
TCGA-27-1837-01A-01D-0785-04	7	141705163	141711513	2	-5.4454
TCGA-27-1837-01A-01D-0785-04	7	141720324	142152205	50	0.5188
TCGA-27-1837-01A-01D-0785-04	7	142159154	142171618	4	1.2847
TCGA-27-1837-01A-01D-0785-04	7	142178220	158811268	1595	0.4776
TCGA-27-1837-01A-01D-0785-04	8	63810	39341524	3169	0.0027
TCGA-27-1837-01A-01D-0785-04	8	39356595	39505256	20	0.6555
TCGA-27-1837-01A-01D-0785-04	8	39511632	146264846	7771	-0.0036
TCGA-27-1837-01A-01D-0785-04	9	153131	11971564	988	7e-04
TCGA-27-1837-01A-01D-0785-04	9	11997047	12104238	5	-1.0364
TCGA-27-1837-01A-01D-0785-04	9	12137751	19166158	532	-0.008
TCGA-27-1837-01A-01D-0785-04	9	19203822	19203822	1	NA
TCGA-27-1837-01A-01D-0785-04	9	19218097	21524780	250	-0.747
TCGA-27-1837-01A-01D-0785-04	9	21537336	24603645	164	-2.3935
TCGA-27-1837-01A-01D-0785-04	9	24667137	24667137	1	NA
TCGA-27-1837-01A-01D-0785-04	9	24684752	25678698	34	-0.7965
TCGA-27-1837-01A-01D-0785-04	9	25685274	26639384	43	-2.424
TCGA-27-1837-01A-01D-0785-04	9	26680984	26790767	3	-0.8035
TCGA-27-1837-01A-01D-0785-04	9	26812713	140241876	7382	0.0079
