barcode	chromosome	start	stop	num.mark	seg.mean
TCGA-12-0778-01A-01D-0334-04	1	554268	639581	3	0.2402
TCGA-12-0778-01A-01D-0334-04	1	736483	1249031	80	-0.3215
TCGA-12-0778-01A-01D-0334-04	1	1256158	6325520	490	-0.0321
TCGA-12-0778-01A-01D-0334-04	1	6333665	9711910	364	-0.4793
TCGA-12-0778-01A-01D-0334-04	1	9718393	10637926	110	0.011
TCGA-12-0778-01A-01D-0334-04	1	10646675	11640998	95	-0.4912
TCGA-12-0778-01A-01D-0334-04	1	11648576	16719747	446	-0.0117
TCGA-12-0778-01A-01D-0334-04	1	16799334	16964267	13	-0.2873
TCGA-12-0778-01A-01D-0334-04	1	17082119	17170089	12	0.1533
TCGA-12-0778-01A-01D-0334-04	1	17175973	17467469	31	0.3031
TCGA-12-0778-01A-01D-0334-04	1	17474943	25457903	789	-0.0123
TCGA-12-0778-01A-01D-0334-04	1	25482036	25536086	6	-0.619
TCGA-12-0778-01A-01D-0334-04	1	25541997	63125693	3571	-0.0054
TCGA-12-0778-01A-01D-0334-04	1	63148543	63569318	23	0.3849
TCGA-12-0778-01A-01D-0334-04	1	63577893	72533856	764	-0.0083
TCGA-12-0778-01A-01D-0334-04	1	72550248	72568009	2	-1.5606
TCGA-12-0778-01A-01D-0334-04	1	72602597	110017502	2592	-0.0159
TCGA-12-0778-01A-01D-0334-04	1	110023268	110068307	6	0.2153
TCGA-12-0778-01A-01D-0334-04	1	110077286	110469253	48	0.3359
TCGA-12-0778-01A-01D-0334-04	1	110480504	116950996	593	-0.0122
TCGA-12-0778-01A-01D-0334-04	1	116970390	116995577	3	0.4055
TCGA-12-0778-01A-01D-0334-04	1	117001475	147213294	473	-0.0289
TCGA-12-0778-01A-01D-0334-04	1	147307637	147499046	9	-0.3868
TCGA-12-0778-01A-01D-0334-04	1	147927292	150839754	371	-9e-04
TCGA-12-0778-01A-01D-0334-04	1	150844444	150848509	2	-0.9653
TCGA-12-0778-01A-01D-0334-04	1	150852858	194978218	3872	-0.0147
TCGA-12-0778-01A-01D-0334-04	1	195005520	195067764	8	-0.4047
TCGA-12-0778-01A-01D-0334-04	1	195091758	228654578	2818	-0.0163
TCGA-12-0778-01A-01D-0334-04	1	228722124	229109075	37	0.3169
TCGA-12-0778-01A-01D-0334-04	1	229123742	232899507	330	-0.0136
TCGA-12-0778-01A-01D-0334-04	1	232934055	233309013	14	0.3682
TCGA-12-0778-01A-01D-0334-04	1	233326408	246427528	1182	-0.0134
TCGA-12-0778-01A-01D-0334-04	1	246433956	246805521	46	0.1292
TCGA-12-0778-01A-01D-0334-04	1	246812523	247190718	42	0.0149
TCGA-12-0778-01A-01D-0334-04	10	115544	38482718	3157	-0.5072
TCGA-12-0778-01A-01D-0334-04	10	38496865	38496865	1	NA
TCGA-12-0778-01A-01D-0334-04	10	38508945	39018805	17	-0.2679
TCGA-12-0778-01A-01D-0334-04	10	41927641	43673712	129	0.2402
TCGA-12-0778-01A-01D-0334-04	10	43690900	43690900	1	NA
TCGA-12-0778-01A-01D-0334-04	10	43708869	44329004	31	-0.0062
TCGA-12-0778-01A-01D-0334-04	10	44371194	46384979	101	-0.4847
TCGA-12-0778-01A-01D-0334-04	10	46396163	46568496	23	-1.1246
TCGA-12-0778-01A-01D-0334-04	10	47010385	48272394	42	-0.5446
TCGA-12-0778-01A-01D-0334-04	10	48866929	48932353	3	-1.298
TCGA-12-0778-01A-01D-0334-04	10	49060081	98917319	4205	-0.5076
TCGA-12-0778-01A-01D-0334-04	10	98934388	99233846	46	-0.0022
TCGA-12-0778-01A-01D-0334-04	10	99240961	135356671	3279	-0.5083
TCGA-12-0778-01A-01D-0334-04	11	182372	5738494	691	-0.0237
TCGA-12-0778-01A-01D-0334-04	11	5742476	5762182	4	-0.7608
TCGA-12-0778-01A-01D-0334-04	11	5766615	55118214	3520	-0.0153
TCGA-12-0778-01A-01D-0334-04	11	55124730	55194990	11	-2.8092
TCGA-12-0778-01A-01D-0334-04	11	55200744	55207305	2	-0.8912
TCGA-12-0778-01A-01D-0334-04	11	55225136	56304321	161	-0.0285
TCGA-12-0778-01A-01D-0334-04	11	56321325	58002395	196	-0.5076
TCGA-12-0778-01A-01D-0334-04	11	58013855	60235299	242	-0.0253
TCGA-12-0778-01A-01D-0334-04	11	60243525	63478008	416	-0.4691
TCGA-12-0778-01A-01D-0334-04	11	63484761	63527131	9	-0.1687
TCGA-12-0778-01A-01D-0334-04	11	63533033	65658835	333	-0.4258
TCGA-12-0778-01A-01D-0334-04	11	65669021	134432265	5850	-0.0185
TCGA-12-0778-01A-01D-0334-04	12	33854	9452803	1015	0.3158
TCGA-12-0778-01A-01D-0334-04	12	9528590	9585156	3	1.4432
TCGA-12-0778-01A-01D-0334-04	12	9613074	108604832	8002	0.3377
TCGA-12-0778-01A-01D-0334-04	12	108616077	108978278	46	0.6366
TCGA-12-0778-01A-01D-0334-04	12	108986710	132289090	2101	0.3322
TCGA-12-0778-01A-01D-0334-04	13	18065953	18065953	1	NA
TCGA-12-0778-01A-01D-0334-04	13	18194527	20636816	261	-0.0051
TCGA-12-0778-01A-01D-0334-04	13	20640457	20644471	2	0.8301
TCGA-12-0778-01A-01D-0334-04	13	20649522	56650373	3287	-0.0172
TCGA-12-0778-01A-01D-0334-04	13	56658479	56673183	3	-0.5305
TCGA-12-0778-01A-01D-0334-04	13	56691355	114123862	4098	-0.0253
TCGA-12-0778-01A-01D-0334-04	14	18149473	19216369	10	0.1327
TCGA-12-0778-01A-01D-0334-04	14	19268776	19490630	30	-0.2494
TCGA-12-0778-01A-01D-0334-04	14	19497023	21523818	324	4e-04
TCGA-12-0778-01A-01D-0334-04	14	21529816	22034704	62	0.2825
TCGA-12-0778-01A-01D-0334-04	14	22046097	31858011	813	-0.0155
TCGA-12-0778-01A-01D-0334-04	14	31868284	32383255	63	0.3709
TCGA-12-0778-01A-01D-0334-04	14	32398447	105594189	6813	-0.0106
TCGA-12-0778-01A-01D-0334-04	14	105602756	105630089	4	0.5195
TCGA-12-0778-01A-01D-0334-04	14	105643293	105946993	32	-0.0653
TCGA-12-0778-01A-01D-0334-04	14	105962305	105985458	4	-0.6194
TCGA-12-0778-01A-01D-0334-04	14	105994646	106216726	24	-0.0027
TCGA-12-0778-01A-01D-0334-04	14	106223137	106260876	5	-0.3266
TCGA-12-0778-01A-01D-0334-04	14	106268973	106349756	12	-0.0085
TCGA-12-0778-01A-01D-0334-04	15	18362555	18790589	12	0.015
TCGA-12-0778-01A-01D-0334-04	15	18810004	19786655	39	-0.4353
TCGA-12-0778-01A-01D-0334-04	15	19805960	39233124	1678	-0.0174
TCGA-12-0778-01A-01D-0334-04	15	39240602	55167817	1652	-0.5049
TCGA-12-0778-01A-01D-0334-04	15	55179616	61442424	650	0.0011
TCGA-12-0778-01A-01D-0334-04	15	61454978	61573832	9	0.4184
TCGA-12-0778-01A-01D-0334-04	15	61586848	66039188	576	-8e-04
TCGA-12-0778-01A-01D-0334-04	15	66061157	66079092	2	-0.5804
TCGA-12-0778-01A-01D-0334-04	15	66094768	100282819	3390	-0.0162
TCGA-12-0778-01A-01D-0334-04	16	28087	54343465	3746	-0.014
TCGA-12-0778-01A-01D-0334-04	16	54354643	54379834	5	-0.4414
TCGA-12-0778-01A-01D-0334-04	16	54390012	68679377	1161	-0.0089
TCGA-12-0778-01A-01D-0334-04	16	68706240	68754234	7	-0.6746
TCGA-12-0778-01A-01D-0334-04	16	68795079	72917554	383	-0.0114
TCGA-12-0778-01A-01D-0334-04	16	72933295	72933295	1	NA
TCGA-12-0778-01A-01D-0334-04	16	72937352	72964783	3	-0.6338
TCGA-12-0778-01A-01D-0334-04	16	73012768	88690571	1488	-0.0227
TCGA-12-0778-01A-01D-0334-04	17	29169	31456645	3130	-0.0103
TCGA-12-0778-01A-01D-0334-04	17	31461588	31486540	4	-0.528
TCGA-12-0778-01A-01D-0334-04	17	31504564	41515622	1115	-0.0082
TCGA-12-0778-01A-01D-0334-04	17	41521544	42049540	19	-0.4255
TCGA-12-0778-01A-01D-0334-04	17	42142363	53132322	928	-0.0124
TCGA-12-0778-01A-01D-0334-04	17	53148437	53521767	41	0.3362
TCGA-12-0778-01A-01D-0334-04	17	53527858	62264201	861	0.0011
TCGA-12-0778-01A-01D-0334-04	17	62282437	62291913	2	0.642
TCGA-12-0778-01A-01D-0334-04	17	62298120	62535648	28	-0.0025
TCGA-12-0778-01A-01D-0334-04	17	62550507	62944561	41	0.392
TCGA-12-0778-01A-01D-0334-04	17	62953764	78638467	1487	-0.0091
TCGA-12-0778-01A-01D-0334-04	17	78653545	78653545	1	NA
TCGA-12-0778-01A-01D-0334-04	18	4316	20579293	1646	-0.02
TCGA-12-0778-01A-01D-0334-04	18	20615492	20982229	24	0.3783
TCGA-12-0778-01A-01D-0334-04	18	20990557	56910768	2731	-0.0234
TCGA-12-0778-01A-01D-0334-04	18	56967277	57321112	15	0.3886
TCGA-12-0778-01A-01D-0334-04	18	57334453	76110964	1358	-0.0245
TCGA-12-0778-01A-01D-0334-04	19	64418	712783	73	0.2816
TCGA-12-0778-01A-01D-0334-04	19	721324	2213714	207	0.5466
TCGA-12-0778-01A-01D-0334-04	19	2219584	2363823	18	0.778
TCGA-12-0778-01A-01D-0334-04	19	2371495	2442741	10	0.2714
TCGA-12-0778-01A-01D-0334-04	19	2452600	4504132	250	0.5361
TCGA-12-0778-01A-01D-0334-04	19	4509815	6234374	185	0.3009
TCGA-12-0778-01A-01D-0334-04	19	6250887	7870346	188	-0.0144
TCGA-12-0778-01A-01D-0334-04	19	7876074	8331140	51	0.5646
TCGA-12-0778-01A-01D-0334-04	19	8341611	9772190	142	-0.001
TCGA-12-0778-01A-01D-0334-04	19	9784327	13891504	516	0.3018
TCGA-12-0778-01A-01D-0334-04	19	13899245	19194476	628	-0.0116
TCGA-12-0778-01A-01D-0334-04	19	19209513	32545047	402	0.3516
TCGA-12-0778-01A-01D-0334-04	19	32939756	33479027	21	-0.0884
TCGA-12-0778-01A-01D-0334-04	19	33517639	34829067	73	0.3446
TCGA-12-0778-01A-01D-0334-04	19	34837868	38174374	190	0.6178
TCGA-12-0778-01A-01D-0334-04	19	38182485	38203834	3	0.1064
TCGA-12-0778-01A-01D-0334-04	19	38215548	38374196	16	0.633
TCGA-12-0778-01A-01D-0334-04	19	38378361	38378361	1	NA
TCGA-12-0778-01A-01D-0334-04	19	38383404	42319403	419	0.3326
TCGA-12-0778-01A-01D-0334-04	19	42326747	43042910	67	0.643
TCGA-12-0778-01A-01D-0334-04	19	43070366	43360101	30	0.3639
TCGA-12-0778-01A-01D-0334-04	19	43373311	43967085	73	0.5661
TCGA-12-0778-01A-01D-0334-04	19	43978888	63784327	2414	0.3113
TCGA-12-0778-01A-01D-0334-04	2	20341	54962930	4333	0.244
TCGA-12-0778-01A-01D-0334-04	2	54979183	55180977	20	0.5083
TCGA-12-0778-01A-01D-0334-04	2	55219231	90982930	2644	0.2443
TCGA-12-0778-01A-01D-0334-04	2	90999012	94882087	23	-0.0494
TCGA-12-0778-01A-01D-0334-04	2	94892170	113884346	1427	0.2435
TCGA-12-0778-01A-01D-0334-04	2	113911006	114037136	4	-0.2565
TCGA-12-0778-01A-01D-0334-04	2	114146308	131914078	1135	0.2421
TCGA-12-0778-01A-01D-0334-04	2	131925519	132739926	36	0.0705
TCGA-12-0778-01A-01D-0334-04	2	132753228	132753228	1	NA
TCGA-12-0778-01A-01D-0334-04	2	132768316	232949160	7963	0.2469
TCGA-12-0778-01A-01D-0334-04	2	232954394	232988414	6	-0.1977
TCGA-12-0778-01A-01D-0334-04	2	232993338	242169452	876	0.2242
TCGA-12-0778-01A-01D-0334-04	2	242170801	242393213	6	-0.1086
TCGA-12-0778-01A-01D-0334-04	2	242437404	242717016	60	0.2226
TCGA-12-0778-01A-01D-0334-04	20	8747	1506379	191	0.3277
TCGA-12-0778-01A-01D-0334-04	20	1516966	1528899	2	-0.3638
TCGA-12-0778-01A-01D-0334-04	20	1539155	25049716	1955	0.3376
TCGA-12-0778-01A-01D-0334-04	20	25072070	25105133	3	-0.1595
TCGA-12-0778-01A-01D-0334-04	20	25116611	28080970	71	0.3421
TCGA-12-0778-01A-01D-0334-04	20	28133609	28186969	2	-0.1525
TCGA-12-0778-01A-01D-0334-04	20	28197384	28266113	6	0.1201
TCGA-12-0778-01A-01D-0334-04	20	29297270	39475557	1003	0.3326
TCGA-12-0778-01A-01D-0334-04	20	39483596	62379059	2098	-0.0284
TCGA-12-0778-01A-01D-0334-04	21	9896630	10084231	15	0.1787
TCGA-12-0778-01A-01D-0334-04	21	10101956	46914686	3347	-0.031
TCGA-12-0778-01A-01D-0334-04	22	14504218	34851308	2169	-0.0086
TCGA-12-0778-01A-01D-0334-04	22	34866092	34884437	4	0.4368
TCGA-12-0778-01A-01D-0334-04	22	34890990	49565816	1906	-0.0204
TCGA-12-0778-01A-01D-0334-04	23	2710316	153067477	10769	0.0388
TCGA-12-0778-01A-01D-0334-04	23	153127027	153158822	3	0.5575
TCGA-12-0778-01A-01D-0334-04	23	153176364	154582414	166	0.0244
TCGA-12-0778-01A-01D-0334-04	24	2710450	3087348	56	0.6158
TCGA-12-0778-01A-01D-0334-04	24	3219184	6577257	96	0.3985
TCGA-12-0778-01A-01D-0334-04	24	6652868	10537808	351	0.5645
TCGA-12-0778-01A-01D-0334-04	24	10578072	12412724	12	0.1135
TCGA-12-0778-01A-01D-0334-04	24	12452734	27039222	768	0.573
TCGA-12-0778-01A-01D-0334-04	24	27069098	57440809	10	0.0348
TCGA-12-0778-01A-01D-0334-04	3	39066	163977334	12955	-0.0123
TCGA-12-0778-01A-01D-0334-04	3	163987457	164101776	9	0.5188
TCGA-12-0778-01A-01D-0334-04	3	164112873	182705068	1341	-0.0096
TCGA-12-0778-01A-01D-0334-04	3	182744062	183315788	30	0.3846
TCGA-12-0778-01A-01D-0334-04	3	183341509	189116033	585	0.0048
TCGA-12-0778-01A-01D-0334-04	3	189134558	189510994	26	0.3753
TCGA-12-0778-01A-01D-0334-04	3	189518058	196830270	666	-0.0139
TCGA-12-0778-01A-01D-0334-04	3	196904349	196958467	11	-0.2616
TCGA-12-0778-01A-01D-0334-04	3	196968244	199379566	263	0.0022
TCGA-12-0778-01A-01D-0334-04	4	41413	6020294	619	-0.0284
TCGA-12-0778-01A-01D-0334-04	4	6031457	6036739	2	0.5944
TCGA-12-0778-01A-01D-0334-04	4	6042038	191173837	12732	-0.0176
TCGA-12-0778-01A-01D-0334-04	5	75149	725942	73	0.3135
TCGA-12-0778-01A-01D-0334-04	5	739292	894957	15	-0.0077
TCGA-12-0778-01A-01D-0334-04	5	905462	36062965	2343	0.3452
TCGA-12-0778-01A-01D-0334-04	5	36075592	36684540	48	0.65
TCGA-12-0778-01A-01D-0334-04	5	36691537	96278947	4165	0.3565
TCGA-12-0778-01A-01D-0334-04	5	96295068	96747387	35	0.6145
TCGA-12-0778-01A-01D-0334-04	5	96771193	180644810	6565	0.3471
TCGA-12-0778-01A-01D-0334-04	6	97634	32519935	2962	-0.019
TCGA-12-0778-01A-01D-0334-04	6	32558677	32711957	15	-0.2212
TCGA-12-0778-01A-01D-0334-04	6	32718991	32738443	5	-0.8425
TCGA-12-0778-01A-01D-0334-04	6	32745036	78983276	3526	-0.0203
TCGA-12-0778-01A-01D-0334-04	6	79035891	79079988	3	-0.5549
TCGA-12-0778-01A-01D-0334-04	6	79101978	109704545	1925	-0.0149
TCGA-12-0778-01A-01D-0334-04	6	109715125	109729176	2	0.6891
TCGA-12-0778-01A-01D-0334-04	6	109741678	133559036	1820	-0.0169
TCGA-12-0778-01A-01D-0334-04	6	133577936	133908074	35	-0.5197
TCGA-12-0778-01A-01D-0334-04	6	133915088	133915088	1	NA
TCGA-12-0778-01A-01D-0334-04	6	133927210	152111079	1452	-0.0138
TCGA-12-0778-01A-01D-0334-04	6	152121026	152301135	20	0.2785
TCGA-12-0778-01A-01D-0334-04	6	152309364	152389620	11	0.0056
TCGA-12-0778-01A-01D-0334-04	6	152397583	152632457	26	0.3388
TCGA-12-0778-01A-01D-0334-04	6	152643489	152716155	9	-0.0542
TCGA-12-0778-01A-01D-0334-04	6	152727846	152798906	8	0.3249
TCGA-12-0778-01A-01D-0334-04	6	152812319	165640218	972	-0.0122
TCGA-12-0778-01A-01D-0334-04	6	165645537	165650610	2	-1.2557
TCGA-12-0778-01A-01D-0334-04	6	165657596	165991036	39	-0.0205
TCGA-12-0778-01A-01D-0334-04	6	166004450	166665598	58	0.295
TCGA-12-0778-01A-01D-0334-04	6	166674971	170867396	374	-0.0431
TCGA-12-0778-01A-01D-0334-04	7	140213	5449247	564	0.3227
TCGA-12-0778-01A-01D-0334-04	7	5454544	5647373	27	0.5896
TCGA-12-0778-01A-01D-0334-04	7	5655832	38259147	2746	0.3459
TCGA-12-0778-01A-01D-0334-04	7	38262701	38343026	13	0.6983
TCGA-12-0778-01A-01D-0334-04	7	38347832	54892257	1240	0.3381
TCGA-12-0778-01A-01D-0334-04	7	54939388	54990071	2	4.6556
TCGA-12-0778-01A-01D-0334-04	7	55025315	55035139	2	3.9338
TCGA-12-0778-01A-01D-0334-04	7	55044148	55044148	1	NA
TCGA-12-0778-01A-01D-0334-04	7	55053568	55150428	13	3.2009
TCGA-12-0778-01A-01D-0334-04	7	55162061	55249797	10	4.1152
TCGA-12-0778-01A-01D-0334-04	7	55258775	100162851	3310	0.3469
TCGA-12-0778-01A-01D-0334-04	7	100171204	100174991	2	-0.5282
TCGA-12-0778-01A-01D-0334-04	7	100183859	141687978	3660	0.351
TCGA-12-0778-01A-01D-0334-04	7	141705163	141711513	2	-1.9176
TCGA-12-0778-01A-01D-0334-04	7	141720324	158811268	1649	0.3387
TCGA-12-0778-01A-01D-0334-04	8	63810	12077339	995	-0.023
TCGA-12-0778-01A-01D-0334-04	8	12276178	12285464	2	-0.643
TCGA-12-0778-01A-01D-0334-04	8	12448374	28972479	1370	-0.0131
TCGA-12-0778-01A-01D-0334-04	8	28978190	29373137	38	0.3416
TCGA-12-0778-01A-01D-0334-04	8	29430834	39341524	764	-0.0073
TCGA-12-0778-01A-01D-0334-04	8	39356595	39505256	20	-0.3054
TCGA-12-0778-01A-01D-0334-04	8	39511632	137702868	6925	-0.0109
TCGA-12-0778-01A-01D-0334-04	8	137737806	137737806	1	NA
TCGA-12-0778-01A-01D-0334-04	8	137762418	137919308	7	-0.9608
TCGA-12-0778-01A-01D-0334-04	8	137952089	146264846	838	-0.0183
TCGA-12-0778-01A-01D-0334-04	9	153131	19620553	1567	-0.4802
TCGA-12-0778-01A-01D-0334-04	9	19628418	23526542	317	-1.2943
TCGA-12-0778-01A-01D-0334-04	9	23550029	34578605	726	-0.4688
TCGA-12-0778-01A-01D-0334-04	9	34589376	37031411	297	0.0079
TCGA-12-0778-01A-01D-0334-04	9	37040721	37266871	24	-0.4174
TCGA-12-0778-01A-01D-0334-04	9	37275940	37295493	4	0.0796
TCGA-12-0778-01A-01D-0334-04	9	37310700	38477170	124	-0.4493
TCGA-12-0778-01A-01D-0334-04	9	38494864	38638149	11	-0.0626
TCGA-12-0778-01A-01D-0334-04	9	38653212	47002187	37	-0.3025
TCGA-12-0778-01A-01D-0334-04	9	65372337	70569776	48	-0.0804
TCGA-12-0778-01A-01D-0334-04	9	70574136	70650861	12	-0.598
TCGA-12-0778-01A-01D-0334-04	9	70656144	70656144	1	NA
TCGA-12-0778-01A-01D-0334-04	9	70668693	74270925	365	-0.0648
TCGA-12-0778-01A-01D-0334-04	9	74303405	74524586	27	0.2623
TCGA-12-0778-01A-01D-0334-04	9	74532524	74532524	1	NA
TCGA-12-0778-01A-01D-0334-04	9	74539678	116122595	3287	-0.0087
TCGA-12-0778-01A-01D-0334-04	9	116126105	116132839	2	-0.6855
TCGA-12-0778-01A-01D-0334-04	9	116138267	122586309	468	-0.0061
TCGA-12-0778-01A-01D-0334-04	9	122590268	122900485	41	0.363
TCGA-12-0778-01A-01D-0334-04	9	122914494	138919008	1861	0.0023
TCGA-12-0778-01A-01D-0334-04	9	138928981	139360238	79	0.2776
TCGA-12-0778-01A-01D-0334-04	9	139367214	140193674	103	-0.0164
TCGA-12-0778-01A-01D-0334-04	9	140241876	140241876	1	NA
