barcode	chromosome	start	stop	num.mark	seg.mean
TCGA-08-0358-01A-01D-0311-04	1	554268	16719747	1588	-0.0197
TCGA-08-0358-01A-01D-0311-04	1	16799334	17124554	20	-0.5985
TCGA-08-0358-01A-01D-0311-04	1	17130528	72533856	5189	-0.0266
TCGA-08-0358-01A-01D-0311-04	1	72550248	72568009	2	1.8421
TCGA-08-0358-01A-01D-0311-04	1	72602597	121052394	3525	0.0051
TCGA-08-0358-01A-01D-0311-04	1	142721264	144093719	30	-0.381
TCGA-08-0358-01A-01D-0311-04	1	144099712	150819451	537	-0.0327
TCGA-08-0358-01A-01D-0311-04	1	150823073	150848509	5	1.7513
TCGA-08-0358-01A-01D-0311-04	1	150852858	167483267	1814	-0.0113
TCGA-08-0358-01A-01D-0311-04	1	167493768	167507882	2	-3.3232
TCGA-08-0358-01A-01D-0311-04	1	167523140	247190718	6533	0.0112
TCGA-08-0358-01A-01D-0311-04	10	115544	11807765	961	-0.7291
TCGA-08-0358-01A-01D-0311-04	10	11820472	11850806	7	0.128
TCGA-08-0358-01A-01D-0311-04	10	11857854	33447752	1854	-0.716
TCGA-08-0358-01A-01D-0311-04	10	33471382	33536453	7	0.0755
TCGA-08-0358-01A-01D-0311-04	10	33548865	36826272	239	-0.7785
TCGA-08-0358-01A-01D-0311-04	10	36836303	36859860	4	0.0964
TCGA-08-0358-01A-01D-0311-04	10	36866800	36866800	1	NA
TCGA-08-0358-01A-01D-0311-04	10	36878507	38711266	99	-0.6931
TCGA-08-0358-01A-01D-0311-04	10	38717779	42519043	43	-0.073
TCGA-08-0358-01A-01D-0311-04	10	42544725	88955371	3535	-0.7442
TCGA-08-0358-01A-01D-0311-04	10	88960512	89253592	7	-1.2924
TCGA-08-0358-01A-01D-0311-04	10	89256027	135356671	4278	-0.7144
TCGA-08-0358-01A-01D-0311-04	11	182372	20942382	2167	-0.0125
TCGA-08-0358-01A-01D-0311-04	11	20949595	22277403	93	-0.7009
TCGA-08-0358-01A-01D-0311-04	11	22290680	55118214	1955	-0.0043
TCGA-08-0358-01A-01D-0311-04	11	55124730	55194990	11	-4.3009
TCGA-08-0358-01A-01D-0311-04	11	55200744	134432265	7209	-0.0063
TCGA-08-0358-01A-01D-0311-04	12	33854	132278000	11166	0.0108
TCGA-08-0358-01A-01D-0311-04	12	132289090	132289090	1	NA
TCGA-08-0358-01A-01D-0311-04	13	18065953	114123862	7652	-0.0117
TCGA-08-0358-01A-01D-0311-04	14	18149473	19216369	10	-0.077
TCGA-08-0358-01A-01D-0311-04	14	19268776	19490630	30	-0.4402
TCGA-08-0358-01A-01D-0311-04	14	19497023	21518235	323	-0.025
TCGA-08-0358-01A-01D-0311-04	14	21523818	22012263	61	0.3687
TCGA-08-0358-01A-01D-0311-04	14	22022060	105845658	7718	-0.019
TCGA-08-0358-01A-01D-0311-04	14	105857193	105898674	5	-1.1748
TCGA-08-0358-01A-01D-0311-04	14	105907191	105946993	4	0.1674
TCGA-08-0358-01A-01D-0311-04	14	105962305	106002179	6	-0.5191
TCGA-08-0358-01A-01D-0311-04	14	106017453	106349756	39	-8e-04
TCGA-08-0358-01A-01D-0311-04	15	18362555	32482458	1068	-0.0273
TCGA-08-0358-01A-01D-0311-04	15	32505423	32605086	14	-0.7064
TCGA-08-0358-01A-01D-0311-04	15	32628679	100200937	6924	-0.0281
TCGA-08-0358-01A-01D-0311-04	15	100217283	100282819	2	-2.0023
TCGA-08-0358-01A-01D-0311-04	16	28087	69397102	4989	-0.0235
TCGA-08-0358-01A-01D-0311-04	16	69409493	69791906	43	-0.4923
TCGA-08-0358-01A-01D-0311-04	16	69802567	88675835	1761	-0.014
TCGA-08-0358-01A-01D-0311-04	16	88690571	88690571	1	NA
TCGA-08-0358-01A-01D-0311-04	17	29169	41515622	4249	-0.0388
TCGA-08-0358-01A-01D-0311-04	17	41521544	41841187	17	-0.4813
TCGA-08-0358-01A-01D-0311-04	17	41983407	78653545	3391	-0.0311
TCGA-08-0358-01A-01D-0311-04	18	4316	76103196	5773	-0.0078
TCGA-08-0358-01A-01D-0311-04	18	76110964	76110964	1	NA
TCGA-08-0358-01A-01D-0311-04	19	64418	63784327	5977	-0.0439
TCGA-08-0358-01A-01D-0311-04	2	20341	89101034	6971	0.0026
TCGA-08-0358-01A-01D-0311-04	2	89104501	94900532	53	-0.3073
TCGA-08-0358-01A-01D-0311-04	2	94906418	219832510	9450	-1e-04
TCGA-08-0358-01A-01D-0311-04	2	219838621	219962926	27	0.5254
TCGA-08-0358-01A-01D-0311-04	2	219972016	242514593	2000	-0.0072
TCGA-08-0358-01A-01D-0311-04	2	242516492	242602220	22	0.278
TCGA-08-0358-01A-01D-0311-04	2	242608960	242717016	11	-0.1487
TCGA-08-0358-01A-01D-0311-04	20	8747	1506379	191	-0.0521
TCGA-08-0358-01A-01D-0311-04	20	1516966	1528899	2	-1.3153
TCGA-08-0358-01A-01D-0311-04	20	1539155	26096870	2026	-0.0096
TCGA-08-0358-01A-01D-0311-04	20	26129166	28266113	11	-0.438
TCGA-08-0358-01A-01D-0311-04	20	29297270	62379059	3101	-0.0385
TCGA-08-0358-01A-01D-0311-04	21	9896630	10167413	21	-0.5737
TCGA-08-0358-01A-01D-0311-04	21	10198129	14092232	20	-0.1612
TCGA-08-0358-01A-01D-0311-04	21	14202423	14334542	9	-0.5421
TCGA-08-0358-01A-01D-0311-04	21	14346873	46914686	3312	-0.031
TCGA-08-0358-01A-01D-0311-04	22	14504218	37683516	2614	-0.021
TCGA-08-0358-01A-01D-0311-04	22	37689058	37715385	6	-0.8593
TCGA-08-0358-01A-01D-0311-04	22	37718669	40843471	430	-0.0491
TCGA-08-0358-01A-01D-0311-04	22	40848510	40848510	1	NA
TCGA-08-0358-01A-01D-0311-04	22	40854454	40858709	2	0.9218
TCGA-08-0358-01A-01D-0311-04	22	40867331	49565816	1026	-0.0626
TCGA-08-0358-01A-01D-0311-04	23	2710316	8889041	440	0.2375
TCGA-08-0358-01A-01D-0311-04	23	8926188	9090140	17	-2.8414
TCGA-08-0358-01A-01D-0311-04	23	9101312	9602918	38	0.1494
TCGA-08-0358-01A-01D-0311-04	23	9611809	9715446	15	-2.8951
TCGA-08-0358-01A-01D-0311-04	23	9720382	82744365	5264	0.2162
TCGA-08-0358-01A-01D-0311-04	23	82775058	82902565	7	1.1156
TCGA-08-0358-01A-01D-0311-04	23	82914874	154582414	5157	0.252
TCGA-08-0358-01A-01D-0311-04	24	2710450	57440809	1293	0.1284
TCGA-08-0358-01A-01D-0311-04	3	39066	75341359	6564	0.0119
TCGA-08-0358-01A-01D-0311-04	3	75350646	76042344	26	-0.3364
TCGA-08-0358-01A-01D-0311-04	3	76057688	106748938	1669	-0.014
TCGA-08-0358-01A-01D-0311-04	3	106756747	106909597	14	-0.3908
TCGA-08-0358-01A-01D-0311-04	3	106915623	181697228	5965	0.0033
TCGA-08-0358-01A-01D-0311-04	3	181744659	184880504	216	0.4198
TCGA-08-0358-01A-01D-0311-04	3	184887640	196822133	1157	0.01
TCGA-08-0358-01A-01D-0311-04	3	196830270	196950095	11	-0.6282
TCGA-08-0358-01A-01D-0311-04	3	196958467	199379566	264	-0.0259
TCGA-08-0358-01A-01D-0311-04	4	41413	46772	2	-0.6825
TCGA-08-0358-01A-01D-0311-04	4	62447	64168658	4231	-0.017
TCGA-08-0358-01A-01D-0311-04	4	64203946	68905670	268	-0.7271
TCGA-08-0358-01A-01D-0311-04	4	69057735	69165814	11	0.5242
TCGA-08-0358-01A-01D-0311-04	4	69643272	132909295	4797	0.0186
TCGA-08-0358-01A-01D-0311-04	4	132924766	133027930	5	-0.7859
TCGA-08-0358-01A-01D-0311-04	4	133037099	176892439	3037	0.0174
TCGA-08-0358-01A-01D-0311-04	4	176903791	191173837	1002	-0.6918
TCGA-08-0358-01A-01D-0311-04	5	75149	180644810	13244	0.0131
TCGA-08-0358-01A-01D-0311-04	6	97634	29848972	2558	-0.0116
TCGA-08-0358-01A-01D-0311-04	6	29867233	29873593	2	-1.1342
TCGA-08-0358-01A-01D-0311-04	6	29881514	32519935	402	-0.0246
TCGA-08-0358-01A-01D-0311-04	6	32558677	32600962	5	-0.9939
TCGA-08-0358-01A-01D-0311-04	6	32605300	57456626	2394	-0.0151
TCGA-08-0358-01A-01D-0311-04	6	57468298	58162958	33	-0.5395
TCGA-08-0358-01A-01D-0311-04	6	58261050	58764418	16	-0.0887
TCGA-08-0358-01A-01D-0311-04	6	58788688	170867396	7855	-0.7184
TCGA-08-0358-01A-01D-0311-04	7	140213	6432020	673	0.4095
TCGA-08-0358-01A-01D-0311-04	7	6442371	6480358	6	1.0332
TCGA-08-0358-01A-01D-0311-04	7	6489411	14344640	576	0.4397
TCGA-08-0358-01A-01D-0311-04	7	14351507	14425781	9	0.9543
TCGA-08-0358-01A-01D-0311-04	7	14431308	16465038	162	0.5022
TCGA-08-0358-01A-01D-0311-04	7	16468624	21078803	334	0.7743
TCGA-08-0358-01A-01D-0311-04	7	21131337	38259147	1577	0.4345
TCGA-08-0358-01A-01D-0311-04	7	38262701	38397824	20	0.8667
TCGA-08-0358-01A-01D-0311-04	7	38405899	47411644	752	0.4424
TCGA-08-0358-01A-01D-0311-04	7	47422269	52627359	379	0.7908
TCGA-08-0358-01A-01D-0311-04	7	52651890	53109957	20	5.1894
TCGA-08-0358-01A-01D-0311-04	7	53147867	54098878	43	0.8958
TCGA-08-0358-01A-01D-0311-04	7	54140676	54293570	5	5.2849
TCGA-08-0358-01A-01D-0311-04	7	54319087	54620709	16	6.2218
TCGA-08-0358-01A-01D-0311-04	7	54643970	55065094	26	5.1543
TCGA-08-0358-01A-01D-0311-04	7	55071159	55177593	13	1.5022
TCGA-08-0358-01A-01D-0311-04	7	55191696	55349637	13	5.1809
TCGA-08-0358-01A-01D-0311-04	7	55383642	56096237	73	0.9722
TCGA-08-0358-01A-01D-0311-04	7	56099026	57581256	97	0.701
TCGA-08-0358-01A-01D-0311-04	7	57629890	57931397	9	0.1806
TCGA-08-0358-01A-01D-0311-04	7	61469275	75972049	1040	0.7363
TCGA-08-0358-01A-01D-0311-04	7	75977218	76643177	25	0.3562
TCGA-08-0358-01A-01D-0311-04	7	76649383	91242192	1140	0.77
TCGA-08-0358-01A-01D-0311-04	7	91276595	91454927	18	0.2984
TCGA-08-0358-01A-01D-0311-04	7	91461943	91814311	42	0.723
TCGA-08-0358-01A-01D-0311-04	7	91823671	92646589	81	0.4294
TCGA-08-0358-01A-01D-0311-04	7	92655942	93244136	72	0.8116
TCGA-08-0358-01A-01D-0311-04	7	93253366	93763032	52	0.4693
TCGA-08-0358-01A-01D-0311-04	7	93784264	94398441	50	-0.0109
TCGA-08-0358-01A-01D-0311-04	7	94407099	94553994	17	0.4405
TCGA-08-0358-01A-01D-0311-04	7	94563270	97944137	286	0.0448
TCGA-08-0358-01A-01D-0311-04	7	97986079	97986079	1	NA
TCGA-08-0358-01A-01D-0311-04	7	98032767	99425112	178	0.4807
TCGA-08-0358-01A-01D-0311-04	7	99435135	99656976	44	0.8086
TCGA-08-0358-01A-01D-0311-04	7	99660583	99702838	5	0.2118
TCGA-08-0358-01A-01D-0311-04	7	99723968	99999281	43	0.8174
TCGA-08-0358-01A-01D-0311-04	7	100010259	103918147	409	0.4478
TCGA-08-0358-01A-01D-0311-04	7	103925099	103925099	1	NA
TCGA-08-0358-01A-01D-0311-04	7	103932450	104014636	8	0.9018
TCGA-08-0358-01A-01D-0311-04	7	104028937	104715852	73	0.4456
TCGA-08-0358-01A-01D-0311-04	7	104723580	142164247	3256	0.7736
TCGA-08-0358-01A-01D-0311-04	7	142167901	142171618	2	-2.7546
TCGA-08-0358-01A-01D-0311-04	7	142178220	151523923	945	0.779
TCGA-08-0358-01A-01D-0311-04	7	151533388	151747905	20	0.2962
TCGA-08-0358-01A-01D-0311-04	7	151756837	158811268	630	0.7216
TCGA-08-0358-01A-01D-0311-04	8	63810	7040596	627	-0.0231
TCGA-08-0358-01A-01D-0311-04	8	7256229	8117271	8	-0.6419
TCGA-08-0358-01A-01D-0311-04	8	8132139	43008472	2865	0.0186
TCGA-08-0358-01A-01D-0311-04	8	43017901	58306259	784	-0.7166
TCGA-08-0358-01A-01D-0311-04	8	58331645	146264846	6676	0.0158
TCGA-08-0358-01A-01D-0311-04	9	153131	5183334	492	-0.7314
TCGA-08-0358-01A-01D-0311-04	9	5193717	5211754	4	-0.0245
TCGA-08-0358-01A-01D-0311-04	9	5221815	5221815	1	NA
TCGA-08-0358-01A-01D-0311-04	9	5225765	9557477	368	-0.7075
TCGA-08-0358-01A-01D-0311-04	9	9574584	9574584	1	NA
TCGA-08-0358-01A-01D-0311-04	9	9591018	9678509	7	-0.0199
TCGA-08-0358-01A-01D-0311-04	9	9694304	9694304	1	NA
TCGA-08-0358-01A-01D-0311-04	9	9702960	10116221	32	-0.7104
TCGA-08-0358-01A-01D-0311-04	9	10138017	10180803	4	-0.0573
TCGA-08-0358-01A-01D-0311-04	9	10196418	10371123	15	-0.685
TCGA-08-0358-01A-01D-0311-04	9	10387996	10530358	11	-0.0787
TCGA-08-0358-01A-01D-0311-04	9	10548927	14740215	222	-0.7137
TCGA-08-0358-01A-01D-0311-04	9	14752351	15161603	35	0.0068
TCGA-08-0358-01A-01D-0311-04	9	15167665	20710169	465	-0.6889
TCGA-08-0358-01A-01D-0311-04	9	20712951	20892540	25	-2.9374
TCGA-08-0358-01A-01D-0311-04	9	20906836	21135206	29	-0.6849
TCGA-08-0358-01A-01D-0311-04	9	21140819	24232825	216	-3.0365
TCGA-08-0358-01A-01D-0311-04	9	24279661	33027699	504	-0.7573
TCGA-08-0358-01A-01D-0311-04	9	33036145	33066240	5	0.0504
TCGA-08-0358-01A-01D-0311-04	9	33074788	33666369	62	-0.6777
TCGA-08-0358-01A-01D-0311-04	9	33676983	33896674	26	-0.041
TCGA-08-0358-01A-01D-0311-04	9	33902029	34659659	103	-0.7082
TCGA-08-0358-01A-01D-0311-04	9	34664332	34689649	6	-0.0488
TCGA-08-0358-01A-01D-0311-04	9	34694344	69214232	483	-0.732
TCGA-08-0358-01A-01D-0311-04	9	70091642	70091642	1	NA
TCGA-08-0358-01A-01D-0311-04	9	70174301	140241876	6285	-0.0241
