barcode	chromosome	start	stop	num.mark	seg.mean
TCGA-06-0412-01A-01D-0276-04	1	554268	1575437	135	0.0069
TCGA-06-0412-01A-01D-0276-04	1	1576406	1606745	19	0.5389
TCGA-06-0412-01A-01D-0276-04	1	1643839	12841351	1126	-0.0166
TCGA-06-0412-01A-01D-0276-04	1	13065132	13101056	2	-0.7473
TCGA-06-0412-01A-01D-0276-04	1	13647633	16704725	305	-0.0139
TCGA-06-0412-01A-01D-0276-04	1	16719747	17114337	20	-0.2798
TCGA-06-0412-01A-01D-0276-04	1	17124554	72523186	5189	-0.0187
TCGA-06-0412-01A-01D-0276-04	1	72533856	72533856	1	NA
TCGA-06-0412-01A-01D-0276-04	1	72550248	72568009	2	-2.1633
TCGA-06-0412-01A-01D-0276-04	1	72602597	86934103	989	-0.0247
TCGA-06-0412-01A-01D-0276-04	1	86944805	87194628	23	3.676
TCGA-06-0412-01A-01D-0276-04	1	87201108	87201108	1	NA
TCGA-06-0412-01A-01D-0276-04	1	87210335	121052394	2512	-0.0227
TCGA-06-0412-01A-01D-0276-04	1	142721264	143815233	25	-0.315
TCGA-06-0412-01A-01D-0276-04	1	143820820	150816180	541	-0.0278
TCGA-06-0412-01A-01D-0276-04	1	150819451	150839754	4	-0.5202
TCGA-06-0412-01A-01D-0276-04	1	150844444	150848509	2	-3.0309
TCGA-06-0412-01A-01D-0276-04	1	150852858	194978218	3872	-0.021
TCGA-06-0412-01A-01D-0276-04	1	195005520	195067764	8	-0.5354
TCGA-06-0412-01A-01D-0276-04	1	195091758	200613454	485	-0.0268
TCGA-06-0412-01A-01D-0276-04	1	200622656	200622656	1	NA
TCGA-06-0412-01A-01D-0276-04	1	200632278	200786282	13	-0.307
TCGA-06-0412-01A-01D-0276-04	1	200802204	201543774	98	0.0021
TCGA-06-0412-01A-01D-0276-04	1	201544809	201544809	1	NA
TCGA-06-0412-01A-01D-0276-04	1	201553795	202596723	110	3.5588
TCGA-06-0412-01A-01D-0276-04	1	202612588	202801982	22	4.1906
TCGA-06-0412-01A-01D-0276-04	1	202814268	203501136	71	3.5523
TCGA-06-0412-01A-01D-0276-04	1	203509060	231361144	2247	-0.0199
TCGA-06-0412-01A-01D-0276-04	1	231375352	231496917	13	0.3923
TCGA-06-0412-01A-01D-0276-04	1	231503389	241104851	779	-0.0246
TCGA-06-0412-01A-01D-0276-04	1	241131940	241257665	4	-0.4904
TCGA-06-0412-01A-01D-0276-04	1	241285152	246433956	538	-0.0108
TCGA-06-0412-01A-01D-0276-04	1	246442698	246795223	44	0.1971
TCGA-06-0412-01A-01D-0276-04	1	246805521	246862029	9	-0.7847
TCGA-06-0412-01A-01D-0276-04	1	246874992	247190718	34	0.0105
TCGA-06-0412-01A-01D-0276-04	10	115544	4638023	411	-0.0375
TCGA-06-0412-01A-01D-0276-04	10	4656957	38682265	2759	-0.5987
TCGA-06-0412-01A-01D-0276-04	10	38689038	42175348	11	-0.189
TCGA-06-0412-01A-01D-0276-04	10	42184626	45554717	254	-0.5876
TCGA-06-0412-01A-01D-0276-04	10	46371243	46568496	25	-0.4322
TCGA-06-0412-01A-01D-0276-04	10	47010385	135356671	7575	-0.6025
TCGA-06-0412-01A-01D-0276-04	11	182372	18882806	1986	-0.0163
TCGA-06-0412-01A-01D-0276-04	11	18896166	18896166	1	NA
TCGA-06-0412-01A-01D-0276-04	11	18906505	18915871	2	-0.8101
TCGA-06-0412-01A-01D-0276-04	11	18929375	55118214	2226	-0.0202
TCGA-06-0412-01A-01D-0276-04	11	55124730	55207305	13	0.2536
TCGA-06-0412-01A-01D-0276-04	11	55225136	70505018	1886	-0.0166
TCGA-06-0412-01A-01D-0276-04	11	70513116	70559370	7	-0.3998
TCGA-06-0412-01A-01D-0276-04	11	70562838	134432265	5314	-0.0255
TCGA-06-0412-01A-01D-0276-04	12	33854	9452803	1015	-0.0154
TCGA-06-0412-01A-01D-0276-04	12	9528590	9554149	2	-4.5426
TCGA-06-0412-01A-01D-0276-04	12	9585156	56091502	4076	-0.022
TCGA-06-0412-01A-01D-0276-04	12	56097885	56941749	109	0.6352
TCGA-06-0412-01A-01D-0276-04	12	56985155	132289090	5965	-0.0128
TCGA-06-0412-01A-01D-0276-04	13	18065953	56650373	3551	-0.0174
TCGA-06-0412-01A-01D-0276-04	13	56658479	56673183	3	0.4903
TCGA-06-0412-01A-01D-0276-04	13	56691355	114123862	4098	-0.0289
TCGA-06-0412-01A-01D-0276-04	14	18149473	19490630	40	-0.7697
TCGA-06-0412-01A-01D-0276-04	14	19497023	21511829	322	-0.0166
TCGA-06-0412-01A-01D-0276-04	14	21518235	22034704	64	0.2765
TCGA-06-0412-01A-01D-0276-04	14	22046097	22046097	1	NA
TCGA-06-0412-01A-01D-0276-04	14	22052799	40670538	1597	-0.0278
TCGA-06-0412-01A-01D-0276-04	14	40704122	40726930	2	-1.7903
TCGA-06-0412-01A-01D-0276-04	14	40746865	69078818	2524	-0.0167
TCGA-06-0412-01A-01D-0276-04	14	69088190	69092211	2	0.8517
TCGA-06-0412-01A-01D-0276-04	14	69098569	70944461	191	-0.0101
TCGA-06-0412-01A-01D-0276-04	14	70958473	71527859	54	-0.5825
TCGA-06-0412-01A-01D-0276-04	14	71535856	71578380	8	-0.3098
TCGA-06-0412-01A-01D-0276-04	14	71585917	73060301	185	-0.6119
TCGA-06-0412-01A-01D-0276-04	14	73071404	73092018	4	0.0159
TCGA-06-0412-01A-01D-0276-04	14	73104572	105845658	3148	-0.5895
TCGA-06-0412-01A-01D-0276-04	14	105857193	105881279	4	-2.661
TCGA-06-0412-01A-01D-0276-04	14	105898674	106216726	33	-0.6306
TCGA-06-0412-01A-01D-0276-04	14	106223137	106251081	4	-0.0956
TCGA-06-0412-01A-01D-0276-04	14	106260876	106349756	13	-0.695
TCGA-06-0412-01A-01D-0276-04	15	18362555	18370712	2	0.4285
TCGA-06-0412-01A-01D-0276-04	15	18409489	19786655	49	-0.2764
TCGA-06-0412-01A-01D-0276-04	15	19805960	20079935	25	0.1818
TCGA-06-0412-01A-01D-0276-04	15	20220416	100282819	7932	-0.0204
TCGA-06-0412-01A-01D-0276-04	16	28087	28087	1	NA
TCGA-06-0412-01A-01D-0276-04	16	36766	68679377	4911	-0.0178
TCGA-06-0412-01A-01D-0276-04	16	68706240	68754234	7	-0.6005
TCGA-06-0412-01A-01D-0276-04	16	68795079	69397102	70	0.0099
TCGA-06-0412-01A-01D-0276-04	16	69409493	69763173	39	-0.254
TCGA-06-0412-01A-01D-0276-04	16	69770318	72917554	274	-0.0196
TCGA-06-0412-01A-01D-0276-04	16	72933295	72964783	4	-0.5413
TCGA-06-0412-01A-01D-0276-04	16	73012768	73012768	1	NA
TCGA-06-0412-01A-01D-0276-04	16	73022578	88690571	1487	-0.0155
TCGA-06-0412-01A-01D-0276-04	17	29169	22129889	2139	-0.023
TCGA-06-0412-01A-01D-0276-04	17	22142513	22315936	2	1.0342
TCGA-06-0412-01A-01D-0276-04	17	22324326	41515622	2108	-0.019
TCGA-06-0412-01A-01D-0276-04	17	41521544	41841187	17	-0.5912
TCGA-06-0412-01A-01D-0276-04	17	41983407	77478901	3239	-0.0117
TCGA-06-0412-01A-01D-0276-04	17	77503378	77503685	3	1.1888
TCGA-06-0412-01A-01D-0276-04	17	77519913	78653545	149	0.0045
TCGA-06-0412-01A-01D-0276-04	18	4316	76110964	5774	-0.0226
TCGA-06-0412-01A-01D-0276-04	19	64418	63784327	5977	-0.02
TCGA-06-0412-01A-01D-0276-04	2	20341	89145587	6973	-0.0228
TCGA-06-0412-01A-01D-0276-04	2	89207763	94900532	51	-0.2083
TCGA-06-0412-01A-01D-0276-04	2	94906418	113884346	1423	-0.0174
TCGA-06-0412-01A-01D-0276-04	2	113911006	114037136	4	-0.6453
TCGA-06-0412-01A-01D-0276-04	2	114146308	131632129	1120	-0.0253
TCGA-06-0412-01A-01D-0276-04	2	131656280	132808398	57	-0.2329
TCGA-06-0412-01A-01D-0276-04	2	132815977	242717016	8906	-0.0203
TCGA-06-0412-01A-01D-0276-04	20	8747	1506379	191	-0.0122
TCGA-06-0412-01A-01D-0276-04	20	1516966	1539155	3	-0.6674
TCGA-06-0412-01A-01D-0276-04	20	1546858	62379059	5137	-0.0195
TCGA-06-0412-01A-01D-0276-04	21	9896630	9896630	1	NA
TCGA-06-0412-01A-01D-0276-04	21	9920838	13379975	24	-0.3068
TCGA-06-0412-01A-01D-0276-04	21	13435755	46914686	3337	-0.0195
TCGA-06-0412-01A-01D-0276-04	22	14504218	15275597	6	-0.7091
TCGA-06-0412-01A-01D-0276-04	22	15409055	17021714	171	-0.0191
TCGA-06-0412-01A-01D-0276-04	22	17041724	17086001	2	-0.732
TCGA-06-0412-01A-01D-0276-04	22	17270271	22671374	640	-0.0274
TCGA-06-0412-01A-01D-0276-04	22	22677959	22725305	10	0.9381
TCGA-06-0412-01A-01D-0276-04	22	22731196	49565816	3250	-0.0213
TCGA-06-0412-01A-01D-0276-04	23	2710316	2832157	15	0.9126
TCGA-06-0412-01A-01D-0276-04	23	2836003	2850957	4	0.1185
TCGA-06-0412-01A-01D-0276-04	23	2854934	48005140	3604	1.0216
TCGA-06-0412-01A-01D-0276-04	23	48021982	48198836	11	0.6032
TCGA-06-0412-01A-01D-0276-04	23	48202297	48907775	115	0.9586
TCGA-06-0412-01A-01D-0276-04	23	48911044	48934401	8	0.5682
TCGA-06-0412-01A-01D-0276-04	23	48937107	52916249	273	0.9794
TCGA-06-0412-01A-01D-0276-04	23	52921839	52966148	3	0.2206
TCGA-06-0412-01A-01D-0276-04	23	52971245	154037006	6859	1.0065
TCGA-06-0412-01A-01D-0276-04	23	154050185	154078819	3	2.051
TCGA-06-0412-01A-01D-0276-04	23	154086636	154582414	43	0.9945
TCGA-06-0412-01A-01D-0276-04	24	2710450	3223585	58	-3.8207
TCGA-06-0412-01A-01D-0276-04	24	3318461	6577257	94	-0.9778
TCGA-06-0412-01A-01D-0276-04	24	6652868	7231063	83	-3.1542
TCGA-06-0412-01A-01D-0276-04	24	7233852	7286542	13	-1.8381
TCGA-06-0412-01A-01D-0276-04	24	7289497	7653087	26	-3.7008
TCGA-06-0412-01A-01D-0276-04	24	7657197	7676416	6	-1.5125
TCGA-06-0412-01A-01D-0276-04	24	7679075	7709619	8	-4.2174
TCGA-06-0412-01A-01D-0276-04	24	7714929	7799614	16	-1.9184
TCGA-06-0412-01A-01D-0276-04	24	7802397	10511255	198	-3.3467
TCGA-06-0412-01A-01D-0276-04	24	10537808	12486140	16	-0.6003
TCGA-06-0412-01A-01D-0276-04	24	12502304	17778338	453	-3.5164
TCGA-06-0412-01A-01D-0276-04	24	17791088	17853106	5	-0.6987
TCGA-06-0412-01A-01D-0276-04	24	17873030	21333507	177	-3.8228
TCGA-06-0412-01A-01D-0276-04	24	21339310	21645752	20	-2.7786
TCGA-06-0412-01A-01D-0276-04	24	21666200	22058759	44	-4.0388
TCGA-06-0412-01A-01D-0276-04	24	22157319	22169951	3	-1.2062
TCGA-06-0412-01A-01D-0276-04	24	22175741	22926726	41	-3.4659
TCGA-06-0412-01A-01D-0276-04	24	22930737	22930737	1	NA
TCGA-06-0412-01A-01D-0276-04	24	23283689	57440809	31	-1.2204
TCGA-06-0412-01A-01D-0276-04	3	39066	75845446	6580	-0.0158
TCGA-06-0412-01A-01D-0276-04	3	75858339	75896020	4	-0.5003
TCGA-06-0412-01A-01D-0276-04	3	75914406	163987457	6372	-0.0214
TCGA-06-0412-01A-01D-0276-04	3	163997228	164101776	8	1.1546
TCGA-06-0412-01A-01D-0276-04	3	164112873	199379566	2922	-0.021
TCGA-06-0412-01A-01D-0276-04	4	41413	1679057	188	-0.0399
TCGA-06-0412-01A-01D-0276-04	4	1685026	1742141	11	0.2422
TCGA-06-0412-01A-01D-0276-04	4	1748563	3501360	192	-0.0126
TCGA-06-0412-01A-01D-0276-04	4	3505909	3617110	12	-0.3128
TCGA-06-0412-01A-01D-0276-04	4	3636535	52472013	3105	-0.0236
TCGA-06-0412-01A-01D-0276-04	4	52482005	54061943	148	0.4824
TCGA-06-0412-01A-01D-0276-04	4	54068337	54858997	77	0.7283
TCGA-06-0412-01A-01D-0276-04	4	54873909	54873909	1	NA
TCGA-06-0412-01A-01D-0276-04	4	54887968	56213324	86	0.575
TCGA-06-0412-01A-01D-0276-04	4	56246633	56324315	3	-0.1327
TCGA-06-0412-01A-01D-0276-04	4	56362027	59190533	186	0.4877
TCGA-06-0412-01A-01D-0276-04	4	59211236	68905670	492	-0.0423
TCGA-06-0412-01A-01D-0276-04	4	69057735	69165814	11	-1.9462
TCGA-06-0412-01A-01D-0276-04	4	69643272	191173837	8841	-0.0214
TCGA-06-0412-01A-01D-0276-04	5	75149	763494	76	-0.0269
TCGA-06-0412-01A-01D-0276-04	5	771310	771310	1	NA
TCGA-06-0412-01A-01D-0276-04	5	786455	894957	11	-0.4754
TCGA-06-0412-01A-01D-0276-04	5	905462	8734494	582	-0.0163
TCGA-06-0412-01A-01D-0276-04	5	8778962	8800001	2	-1.0069
TCGA-06-0412-01A-01D-0276-04	5	8843290	109813430	6694	-0.0227
TCGA-06-0412-01A-01D-0276-04	5	109830022	109935824	10	-0.776
TCGA-06-0412-01A-01D-0276-04	5	109952963	180644810	5868	-0.0183
TCGA-06-0412-01A-01D-0276-04	6	97634	228968	10	-0.0164
TCGA-06-0412-01A-01D-0276-04	6	238441	320890	9	-0.4277
TCGA-06-0412-01A-01D-0276-04	6	334423	32519935	2943	-0.0159
TCGA-06-0412-01A-01D-0276-04	6	32558677	32605300	6	-0.9527
TCGA-06-0412-01A-01D-0276-04	6	32629848	57307563	2377	-0.0223
TCGA-06-0412-01A-01D-0276-04	6	57313842	57648021	35	-0.1868
TCGA-06-0412-01A-01D-0276-04	6	57683389	170867396	7885	-0.0202
TCGA-06-0412-01A-01D-0276-04	7	140213	35227372	3082	0.6861
TCGA-06-0412-01A-01D-0276-04	7	35238488	35243576	2	-0.2751
TCGA-06-0412-01A-01D-0276-04	7	35254726	38259147	253	0.7084
TCGA-06-0412-01A-01D-0276-04	7	38262701	38343026	13	1.041
TCGA-06-0412-01A-01D-0276-04	7	38347832	54809236	1236	0.68
TCGA-06-0412-01A-01D-0276-04	7	54816762	55125741	19	3.8455
TCGA-06-0412-01A-01D-0276-04	7	55133012	55177593	6	2.8576
TCGA-06-0412-01A-01D-0276-04	7	55191696	55315116	12	3.9154
TCGA-06-0412-01A-01D-0276-04	7	55349637	55695924	31	2.6689
TCGA-06-0412-01A-01D-0276-04	7	55712987	56444418	63	1.3856
TCGA-06-0412-01A-01D-0276-04	7	56461115	57668500	80	1.1691
TCGA-06-0412-01A-01D-0276-04	7	57711798	92504627	2340	0.6708
TCGA-06-0412-01A-01D-0276-04	7	92530156	92570232	3	0.0608
TCGA-06-0412-01A-01D-0276-04	7	92583170	97340676	432	0.7053
TCGA-06-0412-01A-01D-0276-04	7	97355553	97383757	2	0.0176
TCGA-06-0412-01A-01D-0276-04	7	97406212	100162851	354	0.682
TCGA-06-0412-01A-01D-0276-04	7	100171204	100174991	2	-0.6523
TCGA-06-0412-01A-01D-0276-04	7	100183859	141687978	3660	0.6796
TCGA-06-0412-01A-01D-0276-04	7	141705163	141711513	2	-1.0549
TCGA-06-0412-01A-01D-0276-04	7	141720324	142152205	50	0.7493
TCGA-06-0412-01A-01D-0276-04	7	142159154	142171618	4	-0.125
TCGA-06-0412-01A-01D-0276-04	7	142178220	151701438	960	0.6613
TCGA-06-0412-01A-01D-0276-04	7	151709873	151743145	4	-0.0494
TCGA-06-0412-01A-01D-0276-04	7	151747905	158811268	631	0.6895
TCGA-06-0412-01A-01D-0276-04	8	63810	12077339	995	-0.0252
TCGA-06-0412-01A-01D-0276-04	8	12276178	12285464	2	-1.5441
TCGA-06-0412-01A-01D-0276-04	8	12448374	12448374	1	NA
TCGA-06-0412-01A-01D-0276-04	8	12511855	145653260	9879	-0.0209
TCGA-06-0412-01A-01D-0276-04	8	145659998	145679507	6	0.3718
TCGA-06-0412-01A-01D-0276-04	8	145683499	146264846	77	-0.0148
TCGA-06-0412-01A-01D-0276-04	9	153131	19863894	1587	-0.6014
TCGA-06-0412-01A-01D-0276-04	9	19882574	19882574	1	NA
TCGA-06-0412-01A-01D-0276-04	9	19892639	22292223	237	-1.7022
TCGA-06-0412-01A-01D-0276-04	9	22316165	33767785	683	-0.6104
TCGA-06-0412-01A-01D-0276-04	9	33773609	33803335	5	-0.0985
TCGA-06-0412-01A-01D-0276-04	9	33809009	140193674	6889	-0.5873
TCGA-06-0412-01A-01D-0276-04	9	140241876	140241876	1	NA
