barcode	chromosome	start	stop	num.mark	seg.mean
TCGA-14-1402-01A-01D-0518-04	1	554268	639581	3	1.4687
TCGA-14-1402-01A-01D-0518-04	1	736483	150816180	10887	-0.0023
TCGA-14-1402-01A-01D-0518-04	1	150819451	150839754	4	-0.815
TCGA-14-1402-01A-01D-0518-04	1	150844444	150848509	2	NA
TCGA-14-1402-01A-01D-0518-04	1	150852858	159768406	1160	-0.0101
TCGA-14-1402-01A-01D-0518-04	1	159778722	159907508	6	-0.5542
TCGA-14-1402-01A-01D-0518-04	1	159913146	200351290	3165	0.0092
TCGA-14-1402-01A-01D-0518-04	1	200360298	200511520	23	0.5056
TCGA-14-1402-01A-01D-0518-04	1	200517149	200613454	11	-0.0271
TCGA-14-1402-01A-01D-0518-04	1	200622656	200786282	14	-0.3048
TCGA-14-1402-01A-01D-0518-04	1	200802204	245397283	3739	2e-04
TCGA-14-1402-01A-01D-0518-04	1	245406257	245556248	20	0.4239
TCGA-14-1402-01A-01D-0518-04	1	245567209	246505029	133	0.0531
TCGA-14-1402-01A-01D-0518-04	1	246508071	246755225	33	0.2076
TCGA-14-1402-01A-01D-0518-04	1	246794522	246874992	12	-0.5189
TCGA-14-1402-01A-01D-0518-04	1	246880850	247190718	33	0.0239
TCGA-14-1402-01A-01D-0518-04	10	115544	38585875	3165	-0.5612
TCGA-14-1402-01A-01D-0518-04	10	38596435	42175348	16	-0.2226
TCGA-14-1402-01A-01D-0518-04	10	42184626	45554717	254	-0.5688
TCGA-14-1402-01A-01D-0518-04	10	46371243	47735472	39	0.3893
TCGA-14-1402-01A-01D-0518-04	10	47954413	48272394	28	-0.6041
TCGA-14-1402-01A-01D-0518-04	10	48866929	48932353	3	0.2195
TCGA-14-1402-01A-01D-0518-04	10	49060081	88905200	3241	-0.5695
TCGA-14-1402-01A-01D-0518-04	10	88917167	89148059	7	-0.0312
TCGA-14-1402-01A-01D-0518-04	10	89178988	89178988	1	NA
TCGA-14-1402-01A-01D-0518-04	10	89199763	100670683	1163	-0.5622
TCGA-14-1402-01A-01D-0518-04	10	100678817	100924276	29	-0.9103
TCGA-14-1402-01A-01D-0518-04	10	100932227	135356671	3089	-0.5764
TCGA-14-1402-01A-01D-0518-04	11	182372	55118214	4215	-0.0035
TCGA-14-1402-01A-01D-0518-04	11	55124730	55207305	13	-0.5164
TCGA-14-1402-01A-01D-0518-04	11	55225136	134432265	7207	-0.0053
TCGA-14-1402-01A-01D-0518-04	12	33854	7884886	861	-0.0131
TCGA-14-1402-01A-01D-0518-04	12	7894681	8009244	13	0.642
TCGA-14-1402-01A-01D-0518-04	12	8036400	9452803	141	-0.0149
TCGA-14-1402-01A-01D-0518-04	12	9528590	9554149	2	0.8395
TCGA-14-1402-01A-01D-0518-04	12	9585156	131435325	10048	0.0039
TCGA-14-1402-01A-01D-0518-04	12	131451078	131579539	12	-0.3375
TCGA-14-1402-01A-01D-0518-04	12	131592902	132289090	90	-0.0183
TCGA-14-1402-01A-01D-0518-04	13	18065953	114123862	7652	-0.0227
TCGA-14-1402-01A-01D-0518-04	14	18149473	18149473	1	NA
TCGA-14-1402-01A-01D-0518-04	14	18187154	18624383	4	-0.2434
TCGA-14-1402-01A-01D-0518-04	14	18642252	19490630	35	-0.7218
TCGA-14-1402-01A-01D-0518-04	14	19497023	21393719	307	-0.0122
TCGA-14-1402-01A-01D-0518-04	14	21400478	22012263	77	0.2617
TCGA-14-1402-01A-01D-0518-04	14	22022060	76373939	4950	0.009
TCGA-14-1402-01A-01D-0518-04	14	76380840	76571673	21	0.43
TCGA-14-1402-01A-01D-0518-04	14	76581217	90676396	1111	-0.0095
TCGA-14-1402-01A-01D-0518-04	14	90685928	90799301	15	0.349
TCGA-14-1402-01A-01D-0518-04	14	90806177	105845658	1621	-0.0197
TCGA-14-1402-01A-01D-0518-04	14	105857193	105898674	5	-0.7095
TCGA-14-1402-01A-01D-0518-04	14	105907191	106216726	32	-0.0017
TCGA-14-1402-01A-01D-0518-04	14	106223137	106251081	4	0.4941
TCGA-14-1402-01A-01D-0518-04	14	106260876	106349756	13	-0.085
TCGA-14-1402-01A-01D-0518-04	15	18362555	18683110	8	-0.1754
TCGA-14-1402-01A-01D-0518-04	15	18722595	20079935	68	-1.0613
TCGA-14-1402-01A-01D-0518-04	15	20220416	70789124	5046	0.0036
TCGA-14-1402-01A-01D-0518-04	15	70794685	70865905	10	0.3676
TCGA-14-1402-01A-01D-0518-04	15	70890555	72428721	166	-0.0105
TCGA-14-1402-01A-01D-0518-04	15	72444468	72509670	11	0.4875
TCGA-14-1402-01A-01D-0518-04	15	72514573	73871053	193	0.0055
TCGA-14-1402-01A-01D-0518-04	15	73877640	73906991	5	0.4999
TCGA-14-1402-01A-01D-0518-04	15	73913381	100282819	2501	-0.0032
TCGA-14-1402-01A-01D-0518-04	16	28087	781667	124	-0.0448
TCGA-14-1402-01A-01D-0518-04	16	785690	822122	8	0.5214
TCGA-14-1402-01A-01D-0518-04	16	831335	2513958	251	-0.0041
TCGA-14-1402-01A-01D-0518-04	16	2522903	2605126	8	-0.3709
TCGA-14-1402-01A-01D-0518-04	16	2638581	11206743	826	0.0028
TCGA-14-1402-01A-01D-0518-04	16	11219677	11345223	18	0.3417
TCGA-14-1402-01A-01D-0518-04	16	11349073	32004586	1744	0.001
TCGA-14-1402-01A-01D-0518-04	16	32105104	33875313	35	-0.4236
TCGA-14-1402-01A-01D-0518-04	16	34059589	48092354	291	0.0171
TCGA-14-1402-01A-01D-0518-04	16	48098624	48390321	32	-0.1819
TCGA-14-1402-01A-01D-0518-04	16	48395752	54343465	409	0.0012
TCGA-14-1402-01A-01D-0518-04	16	54354643	54379834	5	-0.6805
TCGA-14-1402-01A-01D-0518-04	16	54390012	54422612	5	0.46
TCGA-14-1402-01A-01D-0518-04	16	54437553	68706240	1157	-0.004
TCGA-14-1402-01A-01D-0518-04	16	68710277	68754234	6	-0.5001
TCGA-14-1402-01A-01D-0518-04	16	68795079	69441287	75	0.0131
TCGA-14-1402-01A-01D-0518-04	16	69447152	69744010	32	-0.2349
TCGA-14-1402-01A-01D-0518-04	16	69753919	88690571	1768	-0.0186
TCGA-14-1402-01A-01D-0518-04	17	29169	1203082	134	0.0097
TCGA-14-1402-01A-01D-0518-04	17	1218645	1295205	10	0.4856
TCGA-14-1402-01A-01D-0518-04	17	1302415	26350289	2440	3e-04
TCGA-14-1402-01A-01D-0518-04	17	26356403	26588739	24	0.4367
TCGA-14-1402-01A-01D-0518-04	17	26602264	29337434	297	-0.021
TCGA-14-1402-01A-01D-0518-04	17	29343285	29379686	5	-0.4384
TCGA-14-1402-01A-01D-0518-04	17	29392501	34416502	440	-0.0174
TCGA-14-1402-01A-01D-0518-04	17	34432510	34670566	31	0.4181
TCGA-14-1402-01A-01D-0518-04	17	34680520	37915404	441	5e-04
TCGA-14-1402-01A-01D-0518-04	17	37926249	37960924	7	0.4212
TCGA-14-1402-01A-01D-0518-04	17	37966031	41515622	420	-0.0078
TCGA-14-1402-01A-01D-0518-04	17	41521544	42049540	19	-0.4651
TCGA-14-1402-01A-01D-0518-04	17	42142363	64139691	2005	0.0118
TCGA-14-1402-01A-01D-0518-04	17	64150513	70538997	480	-0.5761
TCGA-14-1402-01A-01D-0518-04	17	70546530	76668953	655	-0.0066
TCGA-14-1402-01A-01D-0518-04	17	76680953	76760781	14	0.4007
TCGA-14-1402-01A-01D-0518-04	17	76766533	77416810	79	-0.0052
TCGA-14-1402-01A-01D-0518-04	17	77422698	77503685	7	0.8421
TCGA-14-1402-01A-01D-0518-04	17	77519913	78217961	98	-0.0047
TCGA-14-1402-01A-01D-0518-04	17	78226379	78304315	12	0.3162
TCGA-14-1402-01A-01D-0518-04	17	78312441	78653545	39	0.0496
TCGA-14-1402-01A-01D-0518-04	18	4316	61430694	4732	-0.0019
TCGA-14-1402-01A-01D-0518-04	18	61450961	61552790	9	-0.5804
TCGA-14-1402-01A-01D-0518-04	18	61563706	63673902	104	-0.003
TCGA-14-1402-01A-01D-0518-04	18	63691422	64610727	37	-0.5733
TCGA-14-1402-01A-01D-0518-04	18	64625273	76103196	891	-0.0061
TCGA-14-1402-01A-01D-0518-04	18	76110964	76110964	1	NA
TCGA-14-1402-01A-01D-0518-04	19	64418	852694	98	0.3348
TCGA-14-1402-01A-01D-0518-04	19	856774	950332	15	0.7242
TCGA-14-1402-01A-01D-0518-04	19	957815	2288714	178	0.3688
TCGA-14-1402-01A-01D-0518-04	19	2301855	2379725	10	0.7505
TCGA-14-1402-01A-01D-0518-04	19	2389967	10614994	939	0.3676
TCGA-14-1402-01A-01D-0518-04	19	10623106	10623106	1	NA
TCGA-14-1402-01A-01D-0518-04	19	10628317	10760638	17	0.7235
TCGA-14-1402-01A-01D-0518-04	19	10765923	16144897	636	0.3741
TCGA-14-1402-01A-01D-0518-04	19	16149159	16357719	23	0.6135
TCGA-14-1402-01A-01D-0518-04	19	16367058	16570972	27	0.3902
TCGA-14-1402-01A-01D-0518-04	19	16583995	16750201	18	0.6138
TCGA-14-1402-01A-01D-0518-04	19	16758821	38174374	992	0.3741
TCGA-14-1402-01A-01D-0518-04	19	38182485	38203834	3	-0.7192
TCGA-14-1402-01A-01D-0518-04	19	38215548	54527816	1849	0.3547
TCGA-14-1402-01A-01D-0518-04	19	54532798	54562775	5	0.8711
TCGA-14-1402-01A-01D-0518-04	19	54569588	54669478	17	0.5521
TCGA-14-1402-01A-01D-0518-04	19	54676687	54715716	8	0.9732
TCGA-14-1402-01A-01D-0518-04	19	54721335	63784327	1141	0.3476
TCGA-14-1402-01A-01D-0518-04	2	20341	89377632	6980	-7e-04
TCGA-14-1402-01A-01D-0518-04	2	89387596	94882087	40	-0.2181
TCGA-14-1402-01A-01D-0518-04	2	94892170	237233917	10957	0.003
TCGA-14-1402-01A-01D-0518-04	2	237255516	237316361	2	-0.8358
TCGA-14-1402-01A-01D-0518-04	2	237349154	242717016	555	-0.0219
TCGA-14-1402-01A-01D-0518-04	20	8747	1506379	191	0.3735
TCGA-14-1402-01A-01D-0518-04	20	1516966	1528899	2	-1.4063
TCGA-14-1402-01A-01D-0518-04	20	1539155	1539155	1	NA
TCGA-14-1402-01A-01D-0518-04	20	1546858	26129166	2026	0.3962
TCGA-14-1402-01A-01D-0518-04	20	26156026	28266113	10	-0.0072
TCGA-14-1402-01A-01D-0518-04	20	29297270	33242005	469	0.3877
TCGA-14-1402-01A-01D-0518-04	20	33259362	33380102	19	0.7441
TCGA-14-1402-01A-01D-0518-04	20	33387241	39369592	501	0.3892
TCGA-14-1402-01A-01D-0518-04	20	39383030	39483596	15	0.6877
TCGA-14-1402-01A-01D-0518-04	20	39490556	62379059	2097	0.3776
TCGA-14-1402-01A-01D-0518-04	21	9896630	10167413	21	-0.2032
TCGA-14-1402-01A-01D-0518-04	21	10198129	43895799	2892	0.0071
TCGA-14-1402-01A-01D-0518-04	21	43900996	44063684	33	0.4238
TCGA-14-1402-01A-01D-0518-04	21	44069095	46914686	416	-0.0173
TCGA-14-1402-01A-01D-0518-04	22	14504218	14797008	3	-0.4223
TCGA-14-1402-01A-01D-0518-04	22	14884298	16006872	57	-0.0524
TCGA-14-1402-01A-01D-0518-04	22	16012832	17021714	117	-0.5837
TCGA-14-1402-01A-01D-0518-04	22	17041724	20758854	400	-0.0458
TCGA-14-1402-01A-01D-0518-04	22	20766383	22677959	243	-0.5647
TCGA-14-1402-01A-01D-0518-04	22	22681995	22818422	21	-0.2991
TCGA-14-1402-01A-01D-0518-04	22	22825569	23984069	148	-0.5751
TCGA-14-1402-01A-01D-0518-04	22	23994618	24233484	26	-0.2137
TCGA-14-1402-01A-01D-0518-04	22	24254026	36848760	1471	-0.5739
TCGA-14-1402-01A-01D-0518-04	22	36857573	36961712	17	0.077
TCGA-14-1402-01A-01D-0518-04	22	36965745	49565816	1576	-0.5759
TCGA-14-1402-01A-01D-0518-04	23	2710316	2832157	15	1.0247
TCGA-14-1402-01A-01D-0518-04	23	2836003	2850957	4	0.2743
TCGA-14-1402-01A-01D-0518-04	23	2854934	16682919	1125	1.0479
TCGA-14-1402-01A-01D-0518-04	23	16688433	16699978	3	1.7543
TCGA-14-1402-01A-01D-0518-04	23	16707203	23584859	586	1.0479
TCGA-14-1402-01A-01D-0518-04	23	23596797	23778330	26	1.3699
TCGA-14-1402-01A-01D-0518-04	23	23786660	52916249	2271	1.0413
TCGA-14-1402-01A-01D-0518-04	23	52921839	52966148	3	0.2031
TCGA-14-1402-01A-01D-0518-04	23	52971245	153127027	6737	1.0373
TCGA-14-1402-01A-01D-0518-04	23	153158679	153158822	2	-0.2608
TCGA-14-1402-01A-01D-0518-04	23	153176364	153328351	26	0.9737
TCGA-14-1402-01A-01D-0518-04	23	153335752	153335752	1	NA
TCGA-14-1402-01A-01D-0518-04	23	153340484	153346899	3	0.263
TCGA-14-1402-01A-01D-0518-04	23	153349651	154582414	136	1.0936
TCGA-14-1402-01A-01D-0518-04	24	2710450	2985564	53	-4.6753
TCGA-14-1402-01A-01D-0518-04	24	2993931	3223585	5	-2.7738
TCGA-14-1402-01A-01D-0518-04	24	3318461	3894117	22	-0.24
TCGA-14-1402-01A-01D-0518-04	24	3944956	4529397	18	-1.5332
TCGA-14-1402-01A-01D-0518-04	24	4597974	4763381	4	-4.4408
TCGA-14-1402-01A-01D-0518-04	24	4767488	6577257	50	-0.9977
TCGA-14-1402-01A-01D-0518-04	24	6652868	7666216	125	-4.1573
TCGA-14-1402-01A-01D-0518-04	24	7669922	7676416	3	-1.3344
TCGA-14-1402-01A-01D-0518-04	24	7679075	10511255	222	-4.2513
TCGA-14-1402-01A-01D-0518-04	24	10537808	12486140	16	-0.9034
TCGA-14-1402-01A-01D-0518-04	24	12502304	15358372	297	-4.2607
TCGA-14-1402-01A-01D-0518-04	24	15362520	15370027	3	-0.6718
TCGA-14-1402-01A-01D-0518-04	24	15376350	24685322	446	-4.3733
TCGA-14-1402-01A-01D-0518-04	24	24754207	57440809	29	-1.1483
TCGA-14-1402-01A-01D-0518-04	3	39066	9332228	765	-0.0045
TCGA-14-1402-01A-01D-0518-04	3	9349624	9783404	51	-0.5033
TCGA-14-1402-01A-01D-0518-04	3	9788280	10125872	61	-0.0145
TCGA-14-1402-01A-01D-0518-04	3	10130764	10228365	15	0.4502
TCGA-14-1402-01A-01D-0518-04	3	10237646	116406774	8149	-4e-04
TCGA-14-1402-01A-01D-0518-04	3	116442181	116885009	34	-0.5471
TCGA-14-1402-01A-01D-0518-04	3	116891073	117006418	10	-1.6311
TCGA-14-1402-01A-01D-0518-04	3	117020160	117221142	23	-0.559
TCGA-14-1402-01A-01D-0518-04	3	117233010	119205372	112	-0.0349
TCGA-14-1402-01A-01D-0518-04	3	119248593	119432871	10	0.26
TCGA-14-1402-01A-01D-0518-04	3	119456802	120976002	128	0.0043
TCGA-14-1402-01A-01D-0518-04	3	120983557	121032212	7	0.488
TCGA-14-1402-01A-01D-0518-04	3	121039173	163977334	3590	0.0043
TCGA-14-1402-01A-01D-0518-04	3	163987457	164101776	9	0.5799
TCGA-14-1402-01A-01D-0518-04	3	164112873	196830270	2648	-0.0037
TCGA-14-1402-01A-01D-0518-04	3	196904349	196933317	6	-0.6553
TCGA-14-1402-01A-01D-0518-04	3	196942158	199379566	268	-0.0026
TCGA-14-1402-01A-01D-0518-04	4	41413	68905670	4501	-0.0095
TCGA-14-1402-01A-01D-0518-04	4	69057735	69165814	11	0.4905
TCGA-14-1402-01A-01D-0518-04	4	69643272	190749363	8811	0.0072
TCGA-14-1402-01A-01D-0518-04	4	190780239	190924564	11	-0.4067
TCGA-14-1402-01A-01D-0518-04	4	190940021	191173837	19	-0.0384
TCGA-14-1402-01A-01D-0518-04	5	75149	763494	76	-0.0659
TCGA-14-1402-01A-01D-0518-04	5	771310	819038	5	-0.5811
TCGA-14-1402-01A-01D-0518-04	5	826044	17570523	1253	-0.0187
TCGA-14-1402-01A-01D-0518-04	5	17647063	17674967	4	-0.7413
TCGA-14-1402-01A-01D-0518-04	5	17685501	180342860	11861	0.0045
TCGA-14-1402-01A-01D-0518-04	5	180351118	180362342	3	-2.2675
TCGA-14-1402-01A-01D-0518-04	5	180365950	180644810	42	-0.0354
TCGA-14-1402-01A-01D-0518-04	6	97634	174815	7	0.0615
TCGA-14-1402-01A-01D-0518-04	6	204528	320890	12	-0.5982
TCGA-14-1402-01A-01D-0518-04	6	334423	32567382	2945	0.0068
TCGA-14-1402-01A-01D-0518-04	6	32586131	32600962	3	-2.4523
TCGA-14-1402-01A-01D-0518-04	6	32605300	39391608	780	-0.0156
TCGA-14-1402-01A-01D-0518-04	6	39397697	39602364	25	0.3529
TCGA-14-1402-01A-01D-0518-04	6	39615727	155202332	8225	0.003
TCGA-14-1402-01A-01D-0518-04	6	155219596	155408598	14	0.3183
TCGA-14-1402-01A-01D-0518-04	6	155417219	155530613	13	-0.0141
TCGA-14-1402-01A-01D-0518-04	6	155541798	157295897	95	-0.3998
TCGA-14-1402-01A-01D-0518-04	6	157303164	157405012	12	0.0927
TCGA-14-1402-01A-01D-0518-04	6	157412769	157509622	12	-0.5754
TCGA-14-1402-01A-01D-0518-04	6	157888702	161333762	316	-2e-04
TCGA-14-1402-01A-01D-0518-04	6	161343180	161614205	32	-0.5534
TCGA-14-1402-01A-01D-0518-04	6	161623426	161956412	35	-0.1892
TCGA-14-1402-01A-01D-0518-04	6	161966696	162674017	75	-0.5726
TCGA-14-1402-01A-01D-0518-04	6	162681429	162727845	6	0.0461
TCGA-14-1402-01A-01D-0518-04	6	162734579	162734579	1	NA
TCGA-14-1402-01A-01D-0518-04	6	162744963	162934273	21	-0.5422
TCGA-14-1402-01A-01D-0518-04	6	162943704	163105515	19	-0.0349
TCGA-14-1402-01A-01D-0518-04	6	163113168	163242489	14	-0.57
TCGA-14-1402-01A-01D-0518-04	6	163260167	163775293	49	-0.0439
TCGA-14-1402-01A-01D-0518-04	6	163782257	165672790	86	-0.5227
TCGA-14-1402-01A-01D-0518-04	6	165684610	165739328	7	0.0658
TCGA-14-1402-01A-01D-0518-04	6	165746708	165915219	19	-0.5974
TCGA-14-1402-01A-01D-0518-04	6	165923220	166123061	20	0.0023
TCGA-14-1402-01A-01D-0518-04	6	166131664	166460603	25	-0.5724
TCGA-14-1402-01A-01D-0518-04	6	166467806	166856458	52	-0.2172
TCGA-14-1402-01A-01D-0518-04	6	166863070	166863070	1	NA
TCGA-14-1402-01A-01D-0518-04	6	166873958	167435326	65	-0.6037
TCGA-14-1402-01A-01D-0518-04	6	167440675	167473944	6	-0.0851
TCGA-14-1402-01A-01D-0518-04	6	167478528	167494377	4	-0.6586
TCGA-14-1402-01A-01D-0518-04	6	167499498	170867396	269	0.0111
TCGA-14-1402-01A-01D-0518-04	7	140213	38254010	3336	0.0065
TCGA-14-1402-01A-01D-0518-04	7	38259147	38259147	1	NA
TCGA-14-1402-01A-01D-0518-04	7	38262701	38290450	7	0.5696
TCGA-14-1402-01A-01D-0518-04	7	38296218	44070216	488	-0.001
TCGA-14-1402-01A-01D-0518-04	7	44074548	44879138	115	1.3509
TCGA-14-1402-01A-01D-0518-04	7	44883289	44883289	1	NA
TCGA-14-1402-01A-01D-0518-04	7	44890606	47701439	182	0.1592
TCGA-14-1402-01A-01D-0518-04	7	47723132	48164199	50	0.3927
TCGA-14-1402-01A-01D-0518-04	7	48208341	48619724	50	1.442
TCGA-14-1402-01A-01D-0518-04	7	48626169	48626169	1	NA
TCGA-14-1402-01A-01D-0518-04	7	48631521	48841342	12	0.2562
TCGA-14-1402-01A-01D-0518-04	7	48850132	50026983	87	0.4323
TCGA-14-1402-01A-01D-0518-04	7	50041270	53977549	218	0.2487
TCGA-14-1402-01A-01D-0518-04	7	54027937	54607324	23	1.4257
TCGA-14-1402-01A-01D-0518-04	7	54620709	55641775	81	4.2396
TCGA-14-1402-01A-01D-0518-04	7	55680713	55768247	7	3.4263
TCGA-14-1402-01A-01D-0518-04	7	55802855	56514778	65	0.4291
TCGA-14-1402-01A-01D-0518-04	7	56520066	56531575	3	2.3381
TCGA-14-1402-01A-01D-0518-04	7	56534334	56618914	11	0.5196
TCGA-14-1402-01A-01D-0518-04	7	56632161	57421299	39	1.3035
TCGA-14-1402-01A-01D-0518-04	7	57434981	57548601	15	3.9312
TCGA-14-1402-01A-01D-0518-04	7	57562083	57668500	5	1.6536
TCGA-14-1402-01A-01D-0518-04	7	57711798	64115688	138	0.377
TCGA-14-1402-01A-01D-0518-04	7	64137380	66368382	197	1.2865
TCGA-14-1402-01A-01D-0518-04	7	66405087	68790646	90	0.2321
TCGA-14-1402-01A-01D-0518-04	7	68796321	70611290	188	0.4437
TCGA-14-1402-01A-01D-0518-04	7	70619717	71640949	105	0.2153
TCGA-14-1402-01A-01D-0518-04	7	71665640	71937087	20	0.5085
TCGA-14-1402-01A-01D-0518-04	7	71946651	73130177	105	0.002
TCGA-14-1402-01A-01D-0518-04	7	73142652	73465372	40	0.299
TCGA-14-1402-01A-01D-0518-04	7	73474024	73625048	21	0.0742
TCGA-14-1402-01A-01D-0518-04	7	73632170	75149942	52	0.3671
TCGA-14-1402-01A-01D-0518-04	7	75157103	75430460	34	4.091
TCGA-14-1402-01A-01D-0518-04	7	75442184	78927531	340	0.0121
TCGA-14-1402-01A-01D-0518-04	7	78939007	79005908	5	-0.4338
TCGA-14-1402-01A-01D-0518-04	7	79011938	83193772	294	0.0216
TCGA-14-1402-01A-01D-0518-04	7	83230641	89040647	420	0.2252
TCGA-14-1402-01A-01D-0518-04	7	89079883	89765039	43	-0.0146
TCGA-14-1402-01A-01D-0518-04	7	89777432	91528671	147	0.257
TCGA-14-1402-01A-01D-0518-04	7	91533787	94544593	303	1.454
TCGA-14-1402-01A-01D-0518-04	7	94553994	98667205	352	0.2362
TCGA-14-1402-01A-01D-0518-04	7	98675398	99283708	90	0.0303
TCGA-14-1402-01A-01D-0518-04	7	99292004	99660583	69	1.3543
TCGA-14-1402-01A-01D-0518-04	7	99674140	99702838	4	0.6415
TCGA-14-1402-01A-01D-0518-04	7	99723968	100680717	152	1.3145
TCGA-14-1402-01A-01D-0518-04	7	100689746	133414697	2760	0.0014
TCGA-14-1402-01A-01D-0518-04	7	133439454	133447868	2	-2.4555
TCGA-14-1402-01A-01D-0518-04	7	133459759	141687978	822	0.01
TCGA-14-1402-01A-01D-0518-04	7	141705163	141711513	2	-3.1605
TCGA-14-1402-01A-01D-0518-04	7	141720324	142152205	50	0.0822
TCGA-14-1402-01A-01D-0518-04	7	142159154	142171618	4	-1.5926
TCGA-14-1402-01A-01D-0518-04	7	142178220	150837036	869	-0.0128
TCGA-14-1402-01A-01D-0518-04	7	150845409	151078997	30	0.4071
TCGA-14-1402-01A-01D-0518-04	7	151087842	158811268	696	-0.0291
TCGA-14-1402-01A-01D-0518-04	8	63810	1000070	90	-0.017
TCGA-14-1402-01A-01D-0518-04	8	1010920	1103762	11	-1.0185
TCGA-14-1402-01A-01D-0518-04	8	1112381	146264846	10859	0.001
TCGA-14-1402-01A-01D-0518-04	9	153131	21926007	1799	-0.5549
TCGA-14-1402-01A-01D-0518-04	9	21934037	22292223	26	-1.5859
TCGA-14-1402-01A-01D-0518-04	9	22316165	37413984	1122	-0.5705
TCGA-14-1402-01A-01D-0518-04	9	37420750	41970428	144	-0.0148
TCGA-14-1402-01A-01D-0518-04	9	42348957	69214232	26	-0.2218
TCGA-14-1402-01A-01D-0518-04	9	70091642	129453688	4960	-0.0107
TCGA-14-1402-01A-01D-0518-04	9	129463244	129549064	16	0.3815
TCGA-14-1402-01A-01D-0518-04	9	129557669	139026632	1144	-0.0251
TCGA-14-1402-01A-01D-0518-04	9	139033532	139033532	1	NA
TCGA-14-1402-01A-01D-0518-04	9	139039483	139098748	14	0.2698
TCGA-14-1402-01A-01D-0518-04	9	139102401	140241876	151	-0.0316
