barcode	chromosome	start	stop	num.mark	seg.mean
TCGA-27-1832-10A-01D-0592-04	1	554268	151027357	10928	0.0109
TCGA-27-1832-10A-01D-0592-04	1	151033188	151036435	2	-5.2607
TCGA-27-1832-10A-01D-0592-04	1	151040463	200582647	4328	-0.0016
TCGA-27-1832-10A-01D-0592-04	1	200589108	200786282	17	-0.3436
TCGA-27-1832-10A-01D-0592-04	1	200802204	200802204	1	NA
TCGA-27-1832-10A-01D-0592-04	1	200808717	246755225	3924	-0.0063
TCGA-27-1832-10A-01D-0592-04	1	246794522	246874992	12	-0.817
TCGA-27-1832-10A-01D-0592-04	1	246880850	247190718	33	0.0656
TCGA-27-1832-10A-01D-0592-04	10	115544	135356671	11035	-0.0043
TCGA-27-1832-10A-01D-0592-04	11	182372	55118214	4215	0.0031
TCGA-27-1832-10A-01D-0592-04	11	55124730	55207305	13	-0.7022
TCGA-27-1832-10A-01D-0592-04	11	55225136	55225136	1	NA
TCGA-27-1832-10A-01D-0592-04	11	55230765	134432265	7206	0.0032
TCGA-27-1832-10A-01D-0592-04	12	33854	9452803	1015	0.0063
TCGA-27-1832-10A-01D-0592-04	12	9528590	9554149	2	-2.8232
TCGA-27-1832-10A-01D-0592-04	12	9585156	132289090	10150	0.0043
TCGA-27-1832-10A-01D-0592-04	13	18065953	114123862	7652	-0.0024
TCGA-27-1832-10A-01D-0592-04	14	18149473	69078818	4550	0.0061
TCGA-27-1832-10A-01D-0592-04	14	69088190	69092211	2	1.1698
TCGA-27-1832-10A-01D-0592-04	14	69098569	98240469	2666	-0.0021
TCGA-27-1832-10A-01D-0592-04	14	98250689	98259199	3	-1.1014
TCGA-27-1832-10A-01D-0592-04	14	98266540	106349756	975	-0.0068
TCGA-27-1832-10A-01D-0592-04	15	18362555	18810004	13	-0.0031
TCGA-27-1832-10A-01D-0592-04	15	18835660	18835660	1	NA
TCGA-27-1832-10A-01D-0592-04	15	18848213	20079935	62	0.5267
TCGA-27-1832-10A-01D-0592-04	15	20220416	100282819	7932	5e-04
TCGA-27-1832-10A-01D-0592-04	16	28087	54336421	3745	0.0125
TCGA-27-1832-10A-01D-0592-04	16	54343465	54379834	6	-0.5294
TCGA-27-1832-10A-01D-0592-04	16	54390012	68679377	1161	0.01
TCGA-27-1832-10A-01D-0592-04	16	68706240	68754234	7	0.8565
TCGA-27-1832-10A-01D-0592-04	16	68795079	68795079	1	NA
TCGA-27-1832-10A-01D-0592-04	16	68838368	72933295	383	-0.0329
TCGA-27-1832-10A-01D-0592-04	16	72937352	72964783	3	1.1724
TCGA-27-1832-10A-01D-0592-04	16	73012768	88675835	1487	-0.0077
TCGA-27-1832-10A-01D-0592-04	16	88690571	88690571	1	NA
TCGA-27-1832-10A-01D-0592-04	17	29169	41553226	4254	0.0119
TCGA-27-1832-10A-01D-0592-04	17	41558893	42049540	14	-0.385
TCGA-27-1832-10A-01D-0592-04	17	42142363	78653545	3389	0.0129
TCGA-27-1832-10A-01D-0592-04	18	4316	76110964	5774	-0.0066
TCGA-27-1832-10A-01D-0592-04	19	64418	63784327	5977	0.0184
TCGA-27-1832-10A-01D-0592-04	2	20341	242717016	18534	-0.0019
TCGA-27-1832-10A-01D-0592-04	20	8747	62379059	5331	-5e-04
TCGA-27-1832-10A-01D-0592-04	21	9896630	46914686	3362	-3e-04
TCGA-27-1832-10A-01D-0592-04	22	14504218	22671374	819	0.0304
TCGA-27-1832-10A-01D-0592-04	22	22677959	22731196	11	0.7674
TCGA-27-1832-10A-01D-0592-04	22	22736990	41131400	2250	0.0192
TCGA-27-1832-10A-01D-0592-04	22	41140848	41287060	17	0.3556
TCGA-27-1832-10A-01D-0592-04	22	41291691	49565816	982	0.0031
TCGA-27-1832-10A-01D-0592-04	23	2710316	88158976	6113	0.9273
TCGA-27-1832-10A-01D-0592-04	23	88192178	92289605	112	0.5911
TCGA-27-1832-10A-01D-0592-04	23	92303812	154037006	4667	0.9232
TCGA-27-1832-10A-01D-0592-04	23	154050185	154078819	3	1.9316
TCGA-27-1832-10A-01D-0592-04	23	154086636	154582414	43	0.9633
TCGA-27-1832-10A-01D-0592-04	24	2710450	2899298	41	-4.0512
TCGA-27-1832-10A-01D-0592-04	24	2903472	2903472	1	NA
TCGA-27-1832-10A-01D-0592-04	24	2908050	3034907	13	-2.9501
TCGA-27-1832-10A-01D-0592-04	24	3087348	6652868	98	-1.0587
TCGA-27-1832-10A-01D-0592-04	24	6696721	6792922	9	-4.3152
TCGA-27-1832-10A-01D-0592-04	24	6795578	6795578	1	NA
TCGA-27-1832-10A-01D-0592-04	24	6797778	6826886	8	-1.3236
TCGA-27-1832-10A-01D-0592-04	24	6837251	7729619	121	-2.921
TCGA-27-1832-10A-01D-0592-04	24	7735274	7735274	1	NA
TCGA-27-1832-10A-01D-0592-04	24	7740071	7802397	12	-1.6182
TCGA-27-1832-10A-01D-0592-04	24	7806605	8194312	60	-4.2698
TCGA-27-1832-10A-01D-0592-04	24	8198435	8486504	37	-2.8214
TCGA-27-1832-10A-01D-0592-04	24	8490437	9132086	70	-3.6545
TCGA-27-1832-10A-01D-0592-04	24	9145335	10254943	21	-2.5489
TCGA-27-1832-10A-01D-0592-04	24	10260135	10260135	1	NA
TCGA-27-1832-10A-01D-0592-04	24	10379512	10511255	8	-5.0224
TCGA-27-1832-10A-01D-0592-04	24	10537808	12550566	19	-0.4769
TCGA-27-1832-10A-01D-0592-04	24	12574148	15358372	294	-3.5862
TCGA-27-1832-10A-01D-0592-04	24	15362520	15370027	3	-0.0529
TCGA-27-1832-10A-01D-0592-04	24	15376350	15564959	25	-3.9614
TCGA-27-1832-10A-01D-0592-04	24	15587741	15682936	6	-0.8005
TCGA-27-1832-10A-01D-0592-04	24	15707307	19265164	141	-3.4689
TCGA-27-1832-10A-01D-0592-04	24	19266245	19771150	44	-4.3064
TCGA-27-1832-10A-01D-0592-04	24	19786161	19847086	4	-1.764
TCGA-27-1832-10A-01D-0592-04	24	19872239	21150955	94	-4.0654
TCGA-27-1832-10A-01D-0592-04	24	21153807	21968693	66	-2.9362
TCGA-27-1832-10A-01D-0592-04	24	21972404	22058759	19	-4.6528
TCGA-27-1832-10A-01D-0592-04	24	22157319	24685322	47	-3.3025
TCGA-27-1832-10A-01D-0592-04	24	24754207	24754207	1	NA
TCGA-27-1832-10A-01D-0592-04	24	26870361	57440809	28	-0.9128
TCGA-27-1832-10A-01D-0592-04	3	39066	1013431	78	0.0048
TCGA-27-1832-10A-01D-0592-04	3	1042657	1276800	26	0.5109
TCGA-27-1832-10A-01D-0592-04	3	1286110	1922948	53	0.0076
TCGA-27-1832-10A-01D-0592-04	3	1937679	2175814	22	0.5841
TCGA-27-1832-10A-01D-0592-04	3	2188266	89473678	7223	-0.0036
TCGA-27-1832-10A-01D-0592-04	3	89488409	89499433	3	-0.9734
TCGA-27-1832-10A-01D-0592-04	3	89509246	199379566	8481	0.0045
TCGA-27-1832-10A-01D-0592-04	4	41413	69057735	4502	-0.0071
TCGA-27-1832-10A-01D-0592-04	4	69069563	69165814	10	0.7086
TCGA-27-1832-10A-01D-0592-04	4	69643272	191173837	8841	-0.0018
TCGA-27-1832-10A-01D-0592-04	5	75149	739292	74	-0.0282
TCGA-27-1832-10A-01D-0592-04	5	745859	848744	10	-0.5549
TCGA-27-1832-10A-01D-0592-04	5	859176	180644810	13160	-0.0029
TCGA-27-1832-10A-01D-0592-04	6	97634	238441	11	-0.0619
TCGA-27-1832-10A-01D-0592-04	6	252939	341386	10	-0.5016
TCGA-27-1832-10A-01D-0592-04	6	347016	29867233	2538	7e-04
TCGA-27-1832-10A-01D-0592-04	6	29873593	30004636	17	-0.3479
TCGA-27-1832-10A-01D-0592-04	6	30010234	32586131	389	0.0015
TCGA-27-1832-10A-01D-0592-04	6	32595402	32605300	3	-2.114
TCGA-27-1832-10A-01D-0592-04	6	32629848	32629848	1	NA
TCGA-27-1832-10A-01D-0592-04	6	32634044	78983276	3539	-0.0062
TCGA-27-1832-10A-01D-0592-04	6	79035891	79079988	3	-0.8866
TCGA-27-1832-10A-01D-0592-04	6	79101978	160011489	5822	3e-04
TCGA-27-1832-10A-01D-0592-04	6	160023282	160042739	4	-0.9752
TCGA-27-1832-10A-01D-0592-04	6	160056501	170867396	928	-0.0039
TCGA-27-1832-10A-01D-0592-04	7	140213	141955454	11622	2e-04
TCGA-27-1832-10A-01D-0592-04	7	141967554	141993718	4	-0.7742
TCGA-27-1832-10A-01D-0592-04	7	142009000	158811268	1615	-0.0072
TCGA-27-1832-10A-01D-0592-04	8	63810	39341524	3169	-0.0055
TCGA-27-1832-10A-01D-0592-04	8	39356595	39505256	20	0.9253
TCGA-27-1832-10A-01D-0592-04	8	39511632	39511632	1	NA
TCGA-27-1832-10A-01D-0592-04	8	39535655	146264846	7770	0.0028
TCGA-27-1832-10A-01D-0592-04	9	153131	153131	1	NA
TCGA-27-1832-10A-01D-0592-04	9	194193	140241876	9402	0.0021
