barcode	chromosome	start	stop	num.mark	seg.mean
TCGA-16-1045-10B-01D-0518-04	1	554268	25457903	2433	0.0012
TCGA-16-1045-10B-01D-0518-04	1	25482036	25536086	6	-0.6794
TCGA-16-1045-10B-01D-0518-04	1	25541997	25541997	1	NA
TCGA-16-1045-10B-01D-0518-04	1	25547799	72533856	4357	0.0028
TCGA-16-1045-10B-01D-0518-04	1	72550248	72568009	2	1.4443
TCGA-16-1045-10B-01D-0518-04	1	72602597	116950996	3239	0.0011
TCGA-16-1045-10B-01D-0518-04	1	116970390	116995577	3	-0.5963
TCGA-16-1045-10B-01D-0518-04	1	117001475	200613454	5220	-0.0038
TCGA-16-1045-10B-01D-0518-04	1	200622656	200654714	5	-0.5711
TCGA-16-1045-10B-01D-0518-04	1	200670407	241104851	3350	-0.0042
TCGA-16-1045-10B-01D-0518-04	1	241131940	241257665	4	-0.4779
TCGA-16-1045-10B-01D-0518-04	1	241285152	246406563	535	-0.0063
TCGA-16-1045-10B-01D-0518-04	1	246417356	246795223	47	0.1827
TCGA-16-1045-10B-01D-0518-04	1	246805521	246858820	8	-0.5204
TCGA-16-1045-10B-01D-0518-04	1	246862029	246862029	1	NA
TCGA-16-1045-10B-01D-0518-04	1	246874992	247190718	34	0.1058
TCGA-16-1045-10B-01D-0518-04	10	115544	46384979	3437	-0.0076
TCGA-16-1045-10B-01D-0518-04	10	46396163	46423080	5	-0.316
TCGA-16-1045-10B-01D-0518-04	10	46427571	47138700	27	-0.1132
TCGA-16-1045-10B-01D-0518-04	10	47148030	47172534	4	-0.3224
TCGA-16-1045-10B-01D-0518-04	10	47735472	135356671	7562	0.0012
TCGA-16-1045-10B-01D-0518-04	11	182372	5738494	691	6e-04
TCGA-16-1045-10B-01D-0518-04	11	5742476	5766615	5	-0.505
TCGA-16-1045-10B-01D-0518-04	11	5777496	55118214	3519	0.0022
TCGA-16-1045-10B-01D-0518-04	11	55124730	55207305	13	-0.4283
TCGA-16-1045-10B-01D-0518-04	11	55225136	70534691	1890	9e-04
TCGA-16-1045-10B-01D-0518-04	11	70537751	70559370	3	-0.5364
TCGA-16-1045-10B-01D-0518-04	11	70562838	134432265	5314	0.0054
TCGA-16-1045-10B-01D-0518-04	12	33854	33854	1	NA
TCGA-16-1045-10B-01D-0518-04	12	59839	7884886	860	0.0046
TCGA-16-1045-10B-01D-0518-04	12	7894681	8009244	13	0.5143
TCGA-16-1045-10B-01D-0518-04	12	8036400	9452803	141	-0.0277
TCGA-16-1045-10B-01D-0518-04	12	9528590	9585156	3	1.9911
TCGA-16-1045-10B-01D-0518-04	12	9613074	11393473	208	-0.0234
TCGA-16-1045-10B-01D-0518-04	12	11404653	11430887	4	-1.0067
TCGA-16-1045-10B-01D-0518-04	12	11444721	31173065	1593	0.0027
TCGA-16-1045-10B-01D-0518-04	12	31226529	31237493	2	0.5987
TCGA-16-1045-10B-01D-0518-04	12	31248212	132289090	8342	-0.0035
TCGA-16-1045-10B-01D-0518-04	13	18065953	19695139	158	-0.0378
TCGA-16-1045-10B-01D-0518-04	13	19698883	20002510	29	-0.9077
TCGA-16-1045-10B-01D-0518-04	13	20011475	56650373	3364	-0.0037
TCGA-16-1045-10B-01D-0518-04	13	56658479	56673183	3	-6.1619
TCGA-16-1045-10B-01D-0518-04	13	56691355	96375625	2539	0.0096
TCGA-16-1045-10B-01D-0518-04	13	96390468	96406900	2	-0.672
TCGA-16-1045-10B-01D-0518-04	13	96416534	114123862	1557	0.0088
TCGA-16-1045-10B-01D-0518-04	14	18149473	21518235	363	-0.0246
TCGA-16-1045-10B-01D-0518-04	14	21523818	22012263	61	0.2381
TCGA-16-1045-10B-01D-0518-04	14	22022060	40670538	1600	0.0037
TCGA-16-1045-10B-01D-0518-04	14	40704122	40726930	2	0.614
TCGA-16-1045-10B-01D-0518-04	14	40746865	69078818	2524	1e-04
TCGA-16-1045-10B-01D-0518-04	14	69088190	69092211	2	-0.8392
TCGA-16-1045-10B-01D-0518-04	14	69098569	105128688	3512	-0.005
TCGA-16-1045-10B-01D-0518-04	14	105138794	105169640	5	-0.3862
TCGA-16-1045-10B-01D-0518-04	14	105178535	105857193	74	0.0229
TCGA-16-1045-10B-01D-0518-04	14	105863067	105873009	2	-1.3241
TCGA-16-1045-10B-01D-0518-04	14	105881279	106349756	51	0.038
TCGA-16-1045-10B-01D-0518-04	15	18362555	18683110	8	-0.0434
TCGA-16-1045-10B-01D-0518-04	15	18722595	20079935	68	-0.6995
TCGA-16-1045-10B-01D-0518-04	15	20220416	21240004	53	-0.0144
TCGA-16-1045-10B-01D-0518-04	15	21246527	21274138	4	0.3011
TCGA-16-1045-10B-01D-0518-04	15	21290451	22021181	50	-0.0094
TCGA-16-1045-10B-01D-0518-04	15	22038880	22055553	2	-2.5196
TCGA-16-1045-10B-01D-0518-04	15	22077517	22289273	7	-0.3729
TCGA-16-1045-10B-01D-0518-04	15	22329016	32505423	877	0.0186
TCGA-16-1045-10B-01D-0518-04	15	32511475	32594902	12	-0.6879
TCGA-16-1045-10B-01D-0518-04	15	32605086	100200937	6925	-0.005
TCGA-16-1045-10B-01D-0518-04	15	100217283	100282819	2	-0.8228
TCGA-16-1045-10B-01D-0518-04	16	28087	88690571	6794	-0.0026
TCGA-16-1045-10B-01D-0518-04	17	29169	31456645	3130	-0.005
TCGA-16-1045-10B-01D-0518-04	17	31461588	31486540	4	-0.4282
TCGA-16-1045-10B-01D-0518-04	17	31504564	41566540	1122	-0.0101
TCGA-16-1045-10B-01D-0518-04	17	41577520	41706870	9	-0.5374
TCGA-16-1045-10B-01D-0518-04	17	41841187	77442683	3239	-0.0052
TCGA-16-1045-10B-01D-0518-04	17	77478901	77503685	4	0.5169
TCGA-16-1045-10B-01D-0518-04	17	77519913	78653545	149	3e-04
TCGA-16-1045-10B-01D-0518-04	18	4316	76110964	5774	8e-04
TCGA-16-1045-10B-01D-0518-04	19	64418	56816785	5110	-0.0098
TCGA-16-1045-10B-01D-0518-04	19	56831724	56840346	2	-0.8562
TCGA-16-1045-10B-01D-0518-04	19	56850433	59414645	322	-0.0152
TCGA-16-1045-10B-01D-0518-04	19	59427018	59434159	2	-0.8487
TCGA-16-1045-10B-01D-0518-04	19	59440274	63784327	541	-0.0102
TCGA-16-1045-10B-01D-0518-04	2	20341	194963485	14274	-9e-04
TCGA-16-1045-10B-01D-0518-04	2	194968936	195017484	7	-0.8705
TCGA-16-1045-10B-01D-0518-04	2	195024793	242468050	4207	0.0029
TCGA-16-1045-10B-01D-0518-04	2	242469806	242717016	46	0.1818
TCGA-16-1045-10B-01D-0518-04	20	8747	1506379	191	-0.0093
TCGA-16-1045-10B-01D-0518-04	20	1516966	1539155	3	0.6171
TCGA-16-1045-10B-01D-0518-04	20	1546858	25072070	1955	9e-04
TCGA-16-1045-10B-01D-0518-04	20	25088219	25105133	2	-0.7447
TCGA-16-1045-10B-01D-0518-04	20	25116611	62379059	3180	0.001
TCGA-16-1045-10B-01D-0518-04	21	9896630	9993833	7	-0.5639
TCGA-16-1045-10B-01D-0518-04	21	10007253	46914686	3355	-1e-04
TCGA-16-1045-10B-01D-0518-04	22	14504218	18691941	387	-0.0125
TCGA-16-1045-10B-01D-0518-04	22	18989547	19038890	2	-0.9883
TCGA-16-1045-10B-01D-0518-04	22	19063427	22671374	430	0.0045
TCGA-16-1045-10B-01D-0518-04	22	22677959	22731196	11	0.4242
TCGA-16-1045-10B-01D-0518-04	22	22736990	49565816	3249	0.0013
TCGA-16-1045-10B-01D-0518-04	23	2710316	2832157	15	0.8376
TCGA-16-1045-10B-01D-0518-04	23	2836003	2850957	4	0.1045
TCGA-16-1045-10B-01D-0518-04	23	2854934	3404424	55	0.8749
TCGA-16-1045-10B-01D-0518-04	23	3417161	38259086	2823	1.0011
TCGA-16-1045-10B-01D-0518-04	23	38283722	38293309	2	0.3267
TCGA-16-1045-10B-01D-0518-04	23	38304133	48343387	763	0.979
TCGA-16-1045-10B-01D-0518-04	23	48344969	48348402	2	0.2487
TCGA-16-1045-10B-01D-0518-04	23	48355457	52909690	365	0.9698
TCGA-16-1045-10B-01D-0518-04	23	52916249	52966148	4	0.389
TCGA-16-1045-10B-01D-0518-04	23	52971245	89066572	2093	0.9839
TCGA-16-1045-10B-01D-0518-04	23	89081631	89968680	15	0.6845
TCGA-16-1045-10B-01D-0518-04	23	90003509	90865947	29	1.0028
TCGA-16-1045-10B-01D-0518-04	23	90917565	92184315	53	0.5893
TCGA-16-1045-10B-01D-0518-04	23	92263775	103143709	721	0.9801
TCGA-16-1045-10B-01D-0518-04	23	103152319	103180543	6	1.4088
TCGA-16-1045-10B-01D-0518-04	23	103189987	151879914	3655	0.998
TCGA-16-1045-10B-01D-0518-04	23	151884955	151908673	5	0.5803
TCGA-16-1045-10B-01D-0518-04	23	151913748	154582414	328	0.9239
TCGA-16-1045-10B-01D-0518-04	24	2710450	3219184	57	-4.2446
TCGA-16-1045-10B-01D-0518-04	24	3223585	3223585	1	NA
TCGA-16-1045-10B-01D-0518-04	24	3318461	3769177	18	-0.2569
TCGA-16-1045-10B-01D-0518-04	24	3773407	4431486	20	-1.0087
TCGA-16-1045-10B-01D-0518-04	24	4511076	4785065	8	-3.3284
TCGA-16-1045-10B-01D-0518-04	24	4804841	6652868	49	-0.7976
TCGA-16-1045-10B-01D-0518-04	24	6696721	6806404	14	-4.0259
TCGA-16-1045-10B-01D-0518-04	24	6811771	6867626	13	-1.9933
TCGA-16-1045-10B-01D-0518-04	24	6871656	6917905	10	-3.48
TCGA-16-1045-10B-01D-0518-04	24	6921156	6968064	12	-4.7782
TCGA-16-1045-10B-01D-0518-04	24	6971636	7802397	103	-2.9719
TCGA-16-1045-10B-01D-0518-04	24	7806605	9132086	167	-3.9721
TCGA-16-1045-10B-01D-0518-04	24	9145335	10260135	22	-2.6996
TCGA-16-1045-10B-01D-0518-04	24	10379512	10511255	8	-5.5979
TCGA-16-1045-10B-01D-0518-04	24	10537808	12486140	16	-0.5103
TCGA-16-1045-10B-01D-0518-04	24	12502304	24685322	746	-3.9067
TCGA-16-1045-10B-01D-0518-04	24	24754207	57440809	29	-0.8704
TCGA-16-1045-10B-01D-0518-04	3	39066	163987457	12956	0.0021
TCGA-16-1045-10B-01D-0518-04	3	163997228	164101776	8	-4.5605
TCGA-16-1045-10B-01D-0518-04	3	164112873	196830270	2648	-0.0016
TCGA-16-1045-10B-01D-0518-04	3	196904349	196958467	11	-0.5341
TCGA-16-1045-10B-01D-0518-04	3	196968244	199379566	263	-0.015
TCGA-16-1045-10B-01D-0518-04	4	41413	68905670	4501	-4e-04
TCGA-16-1045-10B-01D-0518-04	4	69057735	69165814	11	-0.6434
TCGA-16-1045-10B-01D-0518-04	4	69643272	191140860	8840	0
TCGA-16-1045-10B-01D-0518-04	4	191173837	191173837	1	NA
TCGA-16-1045-10B-01D-0518-04	5	75149	69274433	4631	4e-04
TCGA-16-1045-10B-01D-0518-04	5	69741318	70343857	3	0.4402
TCGA-16-1045-10B-01D-0518-04	5	70345552	110437054	2775	0.0023
TCGA-16-1045-10B-01D-0518-04	5	110445097	110445097	1	NA
TCGA-16-1045-10B-01D-0518-04	5	110454970	110469728	3	0.4725
TCGA-16-1045-10B-01D-0518-04	5	110484072	180644810	5831	0.0022
TCGA-16-1045-10B-01D-0518-04	6	97634	29975388	2573	1e-04
TCGA-16-1045-10B-01D-0518-04	6	29981930	30010234	4	-0.638
TCGA-16-1045-10B-01D-0518-04	6	30021894	30081128	11	0.1921
TCGA-16-1045-10B-01D-0518-04	6	30100446	31326747	176	-0.0395
TCGA-16-1045-10B-01D-0518-04	6	31340008	31385778	7	0.1645
TCGA-16-1045-10B-01D-0518-04	6	31395330	31418006	2	-1.0226
TCGA-16-1045-10B-01D-0518-04	6	31425144	32558677	190	-0.0093
TCGA-16-1045-10B-01D-0518-04	6	32567382	32629848	6	-1.3973
TCGA-16-1045-10B-01D-0518-04	6	32634044	32728487	11	-0.2082
TCGA-16-1045-10B-01D-0518-04	6	32732764	35862502	381	0.0072
TCGA-16-1045-10B-01D-0518-04	6	35866245	35873335	2	-0.6468
TCGA-16-1045-10B-01D-0518-04	6	35882448	78983276	3145	-0.0019
TCGA-16-1045-10B-01D-0518-04	6	79035891	79079988	3	0.5257
TCGA-16-1045-10B-01D-0518-04	6	79101978	170867396	6754	0.0028
TCGA-16-1045-10B-01D-0518-04	7	140213	38259147	3337	0.0018
TCGA-16-1045-10B-01D-0518-04	7	38262701	38335964	12	0.2895
TCGA-16-1045-10B-01D-0518-04	7	38343026	38343026	1	NA
TCGA-16-1045-10B-01D-0518-04	7	38347832	133414697	7416	-0.0041
TCGA-16-1045-10B-01D-0518-04	7	133439454	133447868	2	0.7637
TCGA-16-1045-10B-01D-0518-04	7	133459759	141402937	792	-0.0025
TCGA-16-1045-10B-01D-0518-04	7	141408013	141438504	4	-0.3502
TCGA-16-1045-10B-01D-0518-04	7	141452085	141687978	26	0.0052
TCGA-16-1045-10B-01D-0518-04	7	141705163	141711513	2	-3.646
TCGA-16-1045-10B-01D-0518-04	7	141720324	142152205	50	0.1054
TCGA-16-1045-10B-01D-0518-04	7	142159154	142202274	10	0.3268
TCGA-16-1045-10B-01D-0518-04	7	142207147	158811268	1589	0.0044
TCGA-16-1045-10B-01D-0518-04	8	63810	3121921	293	0.0123
TCGA-16-1045-10B-01D-0518-04	8	3127976	3176683	5	-0.2986
TCGA-16-1045-10B-01D-0518-04	8	3188157	7040596	329	0.0019
TCGA-16-1045-10B-01D-0518-04	8	7256229	7789937	7	-1.2645
TCGA-16-1045-10B-01D-0518-04	8	8117271	11903901	360	8e-04
TCGA-16-1045-10B-01D-0518-04	8	12077339	12448374	4	-0.4318
TCGA-16-1045-10B-01D-0518-04	8	12511855	15437205	206	-0.0018
TCGA-16-1045-10B-01D-0518-04	8	15447810	15453544	2	-0.8438
TCGA-16-1045-10B-01D-0518-04	8	15466032	39341524	1963	-0.0044
TCGA-16-1045-10B-01D-0518-04	8	39356595	39505256	20	0.8835
TCGA-16-1045-10B-01D-0518-04	8	39511632	146264846	7771	0.0034
TCGA-16-1045-10B-01D-0518-04	9	153131	134962968	8759	-0.0022
TCGA-16-1045-10B-01D-0518-04	9	134968433	134971606	2	0.7514
TCGA-16-1045-10B-01D-0518-04	9	134976292	140241876	642	0.0094
