barcode	chromosome	start	stop	num.mark	seg.mean
TCGA-06-1800-10A-01D-0592-04	1	554268	17104345	1606	-8e-04
TCGA-06-1800-10A-01D-0592-04	1	17114337	17148592	4	-0.5266
TCGA-06-1800-10A-01D-0592-04	1	17157415	60060163	4160	-0.0021
TCGA-06-1800-10A-01D-0592-04	1	60070467	60081691	2	0.7607
TCGA-06-1800-10A-01D-0592-04	1	60087648	72533856	1025	0.0171
TCGA-06-1800-10A-01D-0592-04	1	72550248	72568009	2	3.2902
TCGA-06-1800-10A-01D-0592-04	1	72602597	150836484	4094	1e-04
TCGA-06-1800-10A-01D-0592-04	1	150839754	150848509	3	1.8202
TCGA-06-1800-10A-01D-0592-04	1	150852858	247190718	8349	-0.0046
TCGA-06-1800-10A-01D-0592-04	10	115544	21727717	1823	0.0022
TCGA-06-1800-10A-01D-0592-04	10	21764512	21874211	13	0.3199
TCGA-06-1800-10A-01D-0592-04	10	21880427	46371243	1600	0.0044
TCGA-06-1800-10A-01D-0592-04	10	46384979	47735472	38	0.3173
TCGA-06-1800-10A-01D-0592-04	10	47954413	135356671	7561	-4e-04
TCGA-06-1800-10A-01D-0592-04	11	182372	5738494	691	-0.004
TCGA-06-1800-10A-01D-0592-04	11	5742476	5762182	4	-0.5992
TCGA-06-1800-10A-01D-0592-04	11	5766615	55118214	3520	0.0012
TCGA-06-1800-10A-01D-0592-04	11	55124730	55207305	13	-0.7254
TCGA-06-1800-10A-01D-0592-04	11	55225136	134432265	7207	-0.006
TCGA-06-1800-10A-01D-0592-04	12	33854	132289090	11167	0.0013
TCGA-06-1800-10A-01D-0592-04	13	18065953	56650373	3551	0.002
TCGA-06-1800-10A-01D-0592-04	13	56658479	56691355	4	0.6219
TCGA-06-1800-10A-01D-0592-04	13	56726008	114123862	4097	1e-04
TCGA-06-1800-10A-01D-0592-04	14	18149473	21667866	382	-0.0115
TCGA-06-1800-10A-01D-0592-04	14	21675987	22005835	41	0.2753
TCGA-06-1800-10A-01D-0592-04	14	22012263	22012263	1	NA
TCGA-06-1800-10A-01D-0592-04	14	22022060	73071404	4567	0.0078
TCGA-06-1800-10A-01D-0592-04	14	73075500	73092018	3	0.6867
TCGA-06-1800-10A-01D-0592-04	14	73104572	105594189	3121	-0.0064
TCGA-06-1800-10A-01D-0592-04	14	105602756	105630089	4	-1.8286
TCGA-06-1800-10A-01D-0592-04	14	105643293	105946993	32	-0.0504
TCGA-06-1800-10A-01D-0592-04	14	105962305	106002179	6	-0.7205
TCGA-06-1800-10A-01D-0592-04	14	106017453	106349756	39	0.1186
TCGA-06-1800-10A-01D-0592-04	15	18362555	18874663	17	0.0518
TCGA-06-1800-10A-01D-0592-04	15	18884436	20079935	59	0.331
TCGA-06-1800-10A-01D-0592-04	15	20220416	100282819	7932	0.0025
TCGA-06-1800-10A-01D-0592-04	16	28087	27170034	2458	0.0104
TCGA-06-1800-10A-01D-0592-04	16	27177303	27646290	54	0.5516
TCGA-06-1800-10A-01D-0592-04	16	27654383	54343465	1234	0.0048
TCGA-06-1800-10A-01D-0592-04	16	54354643	54379834	5	-0.5306
TCGA-06-1800-10A-01D-0592-04	16	54390012	88632832	3037	-0.0027
TCGA-06-1800-10A-01D-0592-04	16	88638709	88690571	6	-0.6649
TCGA-06-1800-10A-01D-0592-04	17	29169	41515622	4249	-0.0044
TCGA-06-1800-10A-01D-0592-04	17	41521544	41706870	16	-0.6862
TCGA-06-1800-10A-01D-0592-04	17	41841187	77503378	3241	0.0027
TCGA-06-1800-10A-01D-0592-04	17	77503673	77503685	2	-1.7744
TCGA-06-1800-10A-01D-0592-04	17	77519913	78653545	149	-0.0202
TCGA-06-1800-10A-01D-0592-04	18	4316	63952985	4856	0.0072
TCGA-06-1800-10A-01D-0592-04	18	64017240	64042820	2	-0.9165
TCGA-06-1800-10A-01D-0592-04	18	64085502	76110964	916	-0.0038
TCGA-06-1800-10A-01D-0592-04	19	64418	47895271	4033	-0.0129
TCGA-06-1800-10A-01D-0592-04	19	47934635	48221641	13	0.2674
TCGA-06-1800-10A-01D-0592-04	19	48237067	56816785	1064	-0.0146
TCGA-06-1800-10A-01D-0592-04	19	56831724	56840346	2	-0.8876
TCGA-06-1800-10A-01D-0592-04	19	56850433	63782945	864	-0.0289
TCGA-06-1800-10A-01D-0592-04	19	63784327	63784327	1	NA
TCGA-06-1800-10A-01D-0592-04	2	20341	242565932	18516	-0.0011
TCGA-06-1800-10A-01D-0592-04	2	242572731	242596654	6	-0.9519
TCGA-06-1800-10A-01D-0592-04	2	242602220	242717016	12	0.0368
TCGA-06-1800-10A-01D-0592-04	20	8747	25049716	2148	-0.0075
TCGA-06-1800-10A-01D-0592-04	20	25072070	25105133	3	-0.6268
TCGA-06-1800-10A-01D-0592-04	20	25116611	62379059	3180	-0.0034
TCGA-06-1800-10A-01D-0592-04	21	9896630	10069292	13	-0.292
TCGA-06-1800-10A-01D-0592-04	21	10075012	46914686	3349	-0.0045
TCGA-06-1800-10A-01D-0592-04	22	14504218	37683516	2614	0.0051
TCGA-06-1800-10A-01D-0592-04	22	37689058	37715385	6	-0.8349
TCGA-06-1800-10A-01D-0592-04	22	37718669	49565816	1459	-0.0049
TCGA-06-1800-10A-01D-0592-04	23	2710316	154037006	10892	0.0102
TCGA-06-1800-10A-01D-0592-04	23	154050185	154078819	3	0.7846
TCGA-06-1800-10A-01D-0592-04	23	154086636	154582414	43	0.0174
TCGA-06-1800-10A-01D-0592-04	24	2710450	4255988	89	-0.0795
TCGA-06-1800-10A-01D-0592-04	24	4272867	4352850	3	-0.8683
TCGA-06-1800-10A-01D-0592-04	24	4373790	57440809	1201	-0.0538
TCGA-06-1800-10A-01D-0592-04	3	39066	163987457	12956	-0.0017
TCGA-06-1800-10A-01D-0592-04	3	163997228	164101776	8	0.6798
TCGA-06-1800-10A-01D-0592-04	3	164112873	196830270	2648	0.0016
TCGA-06-1800-10A-01D-0592-04	3	196904349	196943380	8	-0.8827
TCGA-06-1800-10A-01D-0592-04	3	196945209	199379566	266	-0.0035
TCGA-06-1800-10A-01D-0592-04	4	41413	69057735	4502	-0.0045
TCGA-06-1800-10A-01D-0592-04	4	69069563	69165814	10	-1.9889
TCGA-06-1800-10A-01D-0592-04	4	69643272	191173837	8841	0.0047
TCGA-06-1800-10A-01D-0592-04	5	75149	110640	4	0.3091
TCGA-06-1800-10A-01D-0592-04	5	124904	771310	73	-0.0347
TCGA-06-1800-10A-01D-0592-04	5	786455	894957	11	-0.5021
TCGA-06-1800-10A-01D-0592-04	5	905462	180644810	13156	-0.0027
TCGA-06-1800-10A-01D-0592-04	6	97634	32558677	2963	-0.0106
TCGA-06-1800-10A-01D-0592-04	6	32567382	32629848	6	1.3691
TCGA-06-1800-10A-01D-0592-04	6	32634044	124466262	6517	-0.0033
TCGA-06-1800-10A-01D-0592-04	6	124478216	124505013	4	0.8918
TCGA-06-1800-10A-01D-0592-04	6	124521619	165640218	3302	8e-04
TCGA-06-1800-10A-01D-0592-04	6	165645537	165650610	2	2.0057
TCGA-06-1800-10A-01D-0592-04	6	165657596	170867396	471	-0.014
TCGA-06-1800-10A-01D-0592-04	7	140213	158811268	13241	0.0039
TCGA-06-1800-10A-01D-0592-04	8	63810	39341524	3169	0.0054
TCGA-06-1800-10A-01D-0592-04	8	39356595	39363050	2	-1.3614
TCGA-06-1800-10A-01D-0592-04	8	39368509	39505256	18	-3.1978
TCGA-06-1800-10A-01D-0592-04	8	39511632	146264846	7771	0.0049
TCGA-06-1800-10A-01D-0592-04	9	153131	140241876	9403	0.0016
