barcode	chromosome	start	stop	num.mark	seg.mean
TCGA-12-1099-01A-01D-0518-04	1	554268	36620864	3534	0.1255
TCGA-12-1099-01A-01D-0518-04	1	36631633	36675547	9	0.6417
TCGA-12-1099-01A-01D-0518-04	1	36682181	121052394	6781	0.1493
TCGA-12-1099-01A-01D-0518-04	1	142721264	144003055	29	-0.1336
TCGA-12-1099-01A-01D-0518-04	1	144093719	144093719	1	NA
TCGA-12-1099-01A-01D-0518-04	1	144099712	150819451	537	0.1338
TCGA-12-1099-01A-01D-0518-04	1	150823073	150823073	1	NA
TCGA-12-1099-01A-01D-0518-04	1	150836484	150848509	4	2.4655
TCGA-12-1099-01A-01D-0518-04	1	150852858	171079626	2151	0.1399
TCGA-12-1099-01A-01D-0518-04	1	171103123	171347960	17	-0.5104
TCGA-12-1099-01A-01D-0518-04	1	171374702	195005520	1705	0.1554
TCGA-12-1099-01A-01D-0518-04	1	195015116	195067764	7	-0.4477
TCGA-12-1099-01A-01D-0518-04	1	195091758	200567550	480	0.1541
TCGA-12-1099-01A-01D-0518-04	1	200576669	200871089	28	-0.1254
TCGA-12-1099-01A-01D-0518-04	1	200880607	228846726	2317	0.1381
TCGA-12-1099-01A-01D-0518-04	1	228853400	228909670	7	0.6133
TCGA-12-1099-01A-01D-0518-04	1	228921684	247190718	1637	0.1391
TCGA-12-1099-01A-01D-0518-04	10	115544	138206	3	-0.4337
TCGA-12-1099-01A-01D-0518-04	10	152490	342054	23	0.1454
TCGA-12-1099-01A-01D-0518-04	10	355194	355194	1	NA
TCGA-12-1099-01A-01D-0518-04	10	360819	424460	9	-0.6063
TCGA-12-1099-01A-01D-0518-04	10	440954	557044	12	0.0927
TCGA-12-1099-01A-01D-0518-04	10	567397	1001872	47	-0.1755
TCGA-12-1099-01A-01D-0518-04	10	1013926	1070037	10	-0.6105
TCGA-12-1099-01A-01D-0518-04	10	1074236	1093778	4	-0.2688
TCGA-12-1099-01A-01D-0518-04	10	1106259	1122070	3	0.6482
TCGA-12-1099-01A-01D-0518-04	10	1129755	1233520	16	-0.5404
TCGA-12-1099-01A-01D-0518-04	10	1240090	1688405	51	0.2309
TCGA-12-1099-01A-01D-0518-04	10	1699838	1959682	23	-0.3228
TCGA-12-1099-01A-01D-0518-04	10	1975245	2223419	17	0.1831
TCGA-12-1099-01A-01D-0518-04	10	2235932	2535102	26	0.4344
TCGA-12-1099-01A-01D-0518-04	10	2552217	2654619	9	-0.4116
TCGA-12-1099-01A-01D-0518-04	10	2663693	2749087	8	0.4167
TCGA-12-1099-01A-01D-0518-04	10	2757615	2795739	4	-0.5066
TCGA-12-1099-01A-01D-0518-04	10	2809465	3026923	17	-0.0222
TCGA-12-1099-01A-01D-0518-04	10	3041995	3135278	10	-0.495
TCGA-12-1099-01A-01D-0518-04	10	3149623	3258439	13	0.5745
TCGA-12-1099-01A-01D-0518-04	10	3272797	3342642	6	-0.5043
TCGA-12-1099-01A-01D-0518-04	10	3362269	3493209	10	0.5876
TCGA-12-1099-01A-01D-0518-04	10	3507993	3739846	17	0.1105
TCGA-12-1099-01A-01D-0518-04	10	3755958	3768293	2	0.5895
TCGA-12-1099-01A-01D-0518-04	10	3783747	3843425	9	-0.5787
TCGA-12-1099-01A-01D-0518-04	10	3852125	3938686	7	0.1795
TCGA-12-1099-01A-01D-0518-04	10	3947742	4145724	16	-0.5577
TCGA-12-1099-01A-01D-0518-04	10	4165825	4308888	12	0.2559
TCGA-12-1099-01A-01D-0518-04	10	4327462	4434589	9	-0.5957
TCGA-12-1099-01A-01D-0518-04	10	4449570	4523346	7	0.8476
TCGA-12-1099-01A-01D-0518-04	10	4531901	4824138	26	0.1644
TCGA-12-1099-01A-01D-0518-04	10	4834945	5361364	61	-0.5306
TCGA-12-1099-01A-01D-0518-04	10	5373114	6100394	86	0.1668
TCGA-12-1099-01A-01D-0518-04	10	6109704	6378256	32	-0.5557
TCGA-12-1099-01A-01D-0518-04	10	6397945	6520496	12	0.2384
TCGA-12-1099-01A-01D-0518-04	10	6526528	6650963	17	0.5657
TCGA-12-1099-01A-01D-0518-04	10	6657356	6717678	6	0.1162
TCGA-12-1099-01A-01D-0518-04	10	6729661	6920016	14	-0.6037
TCGA-12-1099-01A-01D-0518-04	10	6929272	7067302	12	0.1298
TCGA-12-1099-01A-01D-0518-04	10	7081318	7196013	10	-0.5053
TCGA-12-1099-01A-01D-0518-04	10	7206699	9095526	134	0.2709
TCGA-12-1099-01A-01D-0518-04	10	9120734	9501081	19	0.7357
TCGA-12-1099-01A-01D-0518-04	10	9515178	10193517	25	0.1707
TCGA-12-1099-01A-01D-0518-04	10	10217405	10578253	17	-0.5193
TCGA-12-1099-01A-01D-0518-04	10	10595409	11345012	52	0.3111
TCGA-12-1099-01A-01D-0518-04	10	11355544	11400664	6	-0.4949
TCGA-12-1099-01A-01D-0518-04	10	11411357	11794995	30	0.1876
TCGA-12-1099-01A-01D-0518-04	10	11807765	11953319	18	0.6953
TCGA-12-1099-01A-01D-0518-04	10	11964944	12728748	85	0.1908
TCGA-12-1099-01A-01D-0518-04	10	12734690	12919484	20	-0.5078
TCGA-12-1099-01A-01D-0518-04	10	12934830	13795544	86	0.2205
TCGA-12-1099-01A-01D-0518-04	10	13801845	13938990	15	-0.1737
TCGA-12-1099-01A-01D-0518-04	10	13944124	14257026	35	0.1956
TCGA-12-1099-01A-01D-0518-04	10	14265120	14559503	27	0.6862
TCGA-12-1099-01A-01D-0518-04	10	14580148	14651173	8	0.1157
TCGA-12-1099-01A-01D-0518-04	10	14660282	14726009	9	0.7209
TCGA-12-1099-01A-01D-0518-04	10	14732866	14818778	11	-0.5086
TCGA-12-1099-01A-01D-0518-04	10	14824694	14990701	25	0.2374
TCGA-12-1099-01A-01D-0518-04	10	15002327	15097579	9	-0.4859
TCGA-12-1099-01A-01D-0518-04	10	15115275	15131622	3	0.2141
TCGA-12-1099-01A-01D-0518-04	10	15146433	15263191	19	0.6329
TCGA-12-1099-01A-01D-0518-04	10	15269533	15336704	9	-0.4026
TCGA-12-1099-01A-01D-0518-04	10	15346287	15465857	14	0.0919
TCGA-12-1099-01A-01D-0518-04	10	15475875	15588316	6	0.5725
TCGA-12-1099-01A-01D-0518-04	10	15596018	15911646	33	0.1498
TCGA-12-1099-01A-01D-0518-04	10	15919205	15979822	6	-0.3752
TCGA-12-1099-01A-01D-0518-04	10	16015060	16407288	13	0.0176
TCGA-12-1099-01A-01D-0518-04	10	16467235	16569840	11	0.5821
TCGA-12-1099-01A-01D-0518-04	10	16577610	17703602	122	0.1871
TCGA-12-1099-01A-01D-0518-04	10	17714292	17817629	13	-0.4616
TCGA-12-1099-01A-01D-0518-04	10	17931709	18356930	13	0.1027
TCGA-12-1099-01A-01D-0518-04	10	18372089	18537594	17	-0.4867
TCGA-12-1099-01A-01D-0518-04	10	18548400	20145844	96	0.3558
TCGA-12-1099-01A-01D-0518-04	10	20158136	20205581	5	-0.5142
TCGA-12-1099-01A-01D-0518-04	10	20222176	20540271	36	0.2233
TCGA-12-1099-01A-01D-0518-04	10	20546349	20629023	11	0.5992
TCGA-12-1099-01A-01D-0518-04	10	20649765	20717319	4	-0.4542
TCGA-12-1099-01A-01D-0518-04	10	20735181	21274386	47	0.2182
TCGA-12-1099-01A-01D-0518-04	10	21287934	21628226	33	-0.407
TCGA-12-1099-01A-01D-0518-04	10	21643825	22629010	78	0.4047
TCGA-12-1099-01A-01D-0518-04	10	22636965	22722827	14	-0.4191
TCGA-12-1099-01A-01D-0518-04	10	22731362	23046364	29	0.0812
TCGA-12-1099-01A-01D-0518-04	10	23052119	23428327	25	0.423
TCGA-12-1099-01A-01D-0518-04	10	23439158	23701266	27	0.1537
TCGA-12-1099-01A-01D-0518-04	10	23718714	23828315	8	-0.3927
TCGA-12-1099-01A-01D-0518-04	10	23886279	24239255	21	0.386
TCGA-12-1099-01A-01D-0518-04	10	24261355	24361915	8	-0.3547
TCGA-12-1099-01A-01D-0518-04	10	24373102	24440276	7	0.4566
TCGA-12-1099-01A-01D-0518-04	10	24459434	24806740	38	-0.4558
TCGA-12-1099-01A-01D-0518-04	10	24823498	24843007	3	0.3722
TCGA-12-1099-01A-01D-0518-04	10	24851009	24975945	14	-0.4508
TCGA-12-1099-01A-01D-0518-04	10	24989687	25522839	50	0.2469
TCGA-12-1099-01A-01D-0518-04	10	25536767	25672743	16	-0.3695
TCGA-12-1099-01A-01D-0518-04	10	25679516	26030462	33	0.6537
TCGA-12-1099-01A-01D-0518-04	10	26059250	26258850	18	0.1844
TCGA-12-1099-01A-01D-0518-04	10	26265912	26265912	1	NA
TCGA-12-1099-01A-01D-0518-04	10	26281104	26472384	22	-0.3546
TCGA-12-1099-01A-01D-0518-04	10	26486406	26888982	40	0.2239
TCGA-12-1099-01A-01D-0518-04	10	26896484	27031822	10	0.6318
TCGA-12-1099-01A-01D-0518-04	10	27038538	27131028	11	-0.4952
TCGA-12-1099-01A-01D-0518-04	10	27144080	27241104	8	0.6413
TCGA-12-1099-01A-01D-0518-04	10	27271564	27638403	40	0.2215
TCGA-12-1099-01A-01D-0518-04	10	27653437	27831209	18	0.6099
TCGA-12-1099-01A-01D-0518-04	10	27842970	28003734	12	-0.444
TCGA-12-1099-01A-01D-0518-04	10	28018049	28227798	21	0.1871
TCGA-12-1099-01A-01D-0518-04	10	28236677	28331962	12	-0.5696
TCGA-12-1099-01A-01D-0518-04	10	28345426	28470454	15	0.7146
TCGA-12-1099-01A-01D-0518-04	10	28478987	28887524	31	0.3127
TCGA-12-1099-01A-01D-0518-04	10	28901784	29111754	20	0.6398
TCGA-12-1099-01A-01D-0518-04	10	29138683	29616792	25	0.1263
TCGA-12-1099-01A-01D-0518-04	10	29622461	29660530	5	0.7678
TCGA-12-1099-01A-01D-0518-04	10	29672269	29818200	11	0.159
TCGA-12-1099-01A-01D-0518-04	10	29830961	29860210	4	-0.4257
TCGA-12-1099-01A-01D-0518-04	10	29866223	30262208	40	0.4113
TCGA-12-1099-01A-01D-0518-04	10	30278683	30419527	16	-0.5403
TCGA-12-1099-01A-01D-0518-04	10	30428116	30577807	9	0.6534
TCGA-12-1099-01A-01D-0518-04	10	30617288	30725615	11	-0.327
TCGA-12-1099-01A-01D-0518-04	10	30748387	32089757	105	0.3793
TCGA-12-1099-01A-01D-0518-04	10	32109858	32160752	8	-0.6034
TCGA-12-1099-01A-01D-0518-04	10	32172383	33183314	95	0.2985
TCGA-12-1099-01A-01D-0518-04	10	33193333	33300525	13	0.721
TCGA-12-1099-01A-01D-0518-04	10	33308610	33522524	16	0.1201
TCGA-12-1099-01A-01D-0518-04	10	33531230	33599598	9	-0.4861
TCGA-12-1099-01A-01D-0518-04	10	33606958	33776674	13	0.2817
TCGA-12-1099-01A-01D-0518-04	10	33818250	33978412	6	-0.2268
TCGA-12-1099-01A-01D-0518-04	10	34043979	34353187	10	0.1579
TCGA-12-1099-01A-01D-0518-04	10	34387324	34641244	29	0.5779
TCGA-12-1099-01A-01D-0518-04	10	34649070	34711724	8	0.2318
TCGA-12-1099-01A-01D-0518-04	10	34716802	34893034	21	0.5686
TCGA-12-1099-01A-01D-0518-04	10	34906113	35007483	14	0.2191
TCGA-12-1099-01A-01D-0518-04	10	35015198	35120038	14	-0.3952
TCGA-12-1099-01A-01D-0518-04	10	35128525	35373691	21	0.0577
TCGA-12-1099-01A-01D-0518-04	10	35383314	35450870	9	-0.4429
TCGA-12-1099-01A-01D-0518-04	10	35461405	35524051	9	0.2783
TCGA-12-1099-01A-01D-0518-04	10	35531196	35683576	17	-0.4722
TCGA-12-1099-01A-01D-0518-04	10	35692684	35800324	14	0.1655
TCGA-12-1099-01A-01D-0518-04	10	35812318	35967741	21	0.6999
TCGA-12-1099-01A-01D-0518-04	10	35974417	43138035	212	0.1813
TCGA-12-1099-01A-01D-0518-04	10	43162306	43269919	15	0.6258
TCGA-12-1099-01A-01D-0518-04	10	43277378	44093861	50	0.1423
TCGA-12-1099-01A-01D-0518-04	10	44130144	44231732	14	-0.5384
TCGA-12-1099-01A-01D-0518-04	10	44253337	44659810	15	0.2407
TCGA-12-1099-01A-01D-0518-04	10	44669760	44751621	9	0.635
TCGA-12-1099-01A-01D-0518-04	10	44768187	44793679	5	-0.0254
TCGA-12-1099-01A-01D-0518-04	10	44796983	45227708	43	0.596
TCGA-12-1099-01A-01D-0518-04	10	45241581	45520815	28	0.1686
TCGA-12-1099-01A-01D-0518-04	10	45534651	46431590	11	-0.306
TCGA-12-1099-01A-01D-0518-04	10	46444985	47148030	26	0.044
TCGA-12-1099-01A-01D-0518-04	10	47154240	47172534	3	-0.5005
TCGA-12-1099-01A-01D-0518-04	10	47735472	48932353	32	0.3287
TCGA-12-1099-01A-01D-0518-04	10	49060081	49061155	3	-0.754
TCGA-12-1099-01A-01D-0518-04	10	49070913	49942309	96	0.1981
TCGA-12-1099-01A-01D-0518-04	10	49955253	49987464	6	-0.5204
TCGA-12-1099-01A-01D-0518-04	10	49997022	51876681	119	0.1194
TCGA-12-1099-01A-01D-0518-04	10	51889743	51989119	13	-0.5515
TCGA-12-1099-01A-01D-0518-04	10	51997808	52085018	13	0.7111
TCGA-12-1099-01A-01D-0518-04	10	52102937	52334745	18	-0.017
TCGA-12-1099-01A-01D-0518-04	10	52355735	52413563	4	0.5659
TCGA-12-1099-01A-01D-0518-04	10	52421558	52558336	16	-0.4385
TCGA-12-1099-01A-01D-0518-04	10	52567289	52628893	6	0.3779
TCGA-12-1099-01A-01D-0518-04	10	52639639	52772377	17	-0.4755
TCGA-12-1099-01A-01D-0518-04	10	52778463	52847331	10	0.1853
TCGA-12-1099-01A-01D-0518-04	10	52857152	53211184	42	-0.5012
TCGA-12-1099-01A-01D-0518-04	10	53220426	53406548	22	0.247
TCGA-12-1099-01A-01D-0518-04	10	53416626	53808030	45	-0.4479
TCGA-12-1099-01A-01D-0518-04	10	53827188	54559681	33	0.2387
TCGA-12-1099-01A-01D-0518-04	10	54594870	54648536	3	-0.5042
TCGA-12-1099-01A-01D-0518-04	10	54669988	55150322	18	0.2652
TCGA-12-1099-01A-01D-0518-04	10	55167530	55336484	16	0.5832
TCGA-12-1099-01A-01D-0518-04	10	55344624	55582667	26	0.1206
TCGA-12-1099-01A-01D-0518-04	10	55595478	55983989	47	0.6259
TCGA-12-1099-01A-01D-0518-04	10	55989914	56448716	46	0.1824
TCGA-12-1099-01A-01D-0518-04	10	56474212	56494434	3	-0.6288
TCGA-12-1099-01A-01D-0518-04	10	56520454	57886031	67	0.1987
TCGA-12-1099-01A-01D-0518-04	10	57919339	58280491	11	0.7946
TCGA-12-1099-01A-01D-0518-04	10	58324354	58432737	4	-0.3972
TCGA-12-1099-01A-01D-0518-04	10	58468415	59243468	25	0.2019
TCGA-12-1099-01A-01D-0518-04	10	59261542	59578226	14	-0.4189
TCGA-12-1099-01A-01D-0518-04	10	59607980	59731590	15	0.3381
TCGA-12-1099-01A-01D-0518-04	10	59748764	59799842	6	0.7582
TCGA-12-1099-01A-01D-0518-04	10	59807694	60006495	16	0.0734
TCGA-12-1099-01A-01D-0518-04	10	60020597	60020597	1	NA
TCGA-12-1099-01A-01D-0518-04	10	60033560	60221868	16	0.3819
TCGA-12-1099-01A-01D-0518-04	10	60228804	60289958	6	-3e-04
TCGA-12-1099-01A-01D-0518-04	10	60337874	60678299	22	0.68
TCGA-12-1099-01A-01D-0518-04	10	60684097	61189079	38	0.1867
TCGA-12-1099-01A-01D-0518-04	10	61201749	61300042	13	-0.4198
TCGA-12-1099-01A-01D-0518-04	10	61305386	61740119	45	0.1826
TCGA-12-1099-01A-01D-0518-04	10	61748270	61813681	8	-0.4865
TCGA-12-1099-01A-01D-0518-04	10	61819258	61924634	9	0.0885
TCGA-12-1099-01A-01D-0518-04	10	61938499	62095299	11	-0.5225
TCGA-12-1099-01A-01D-0518-04	10	62107429	62332118	24	0.182
TCGA-12-1099-01A-01D-0518-04	10	62341271	62456834	15	-0.4965
TCGA-12-1099-01A-01D-0518-04	10	62496046	64507381	149	0.2534
TCGA-12-1099-01A-01D-0518-04	10	64544791	64607544	9	-0.5271
TCGA-12-1099-01A-01D-0518-04	10	64623091	66757776	106	0.2129
TCGA-12-1099-01A-01D-0518-04	10	66791624	66881711	4	-0.553
TCGA-12-1099-01A-01D-0518-04	10	66922211	67307911	18	0.116
TCGA-12-1099-01A-01D-0518-04	10	67328387	67535262	22	0.6092
TCGA-12-1099-01A-01D-0518-04	10	67544970	67680655	14	0.0875
TCGA-12-1099-01A-01D-0518-04	10	67689579	67836905	17	-0.5222
TCGA-12-1099-01A-01D-0518-04	10	67843469	67894066	6	0.6997
TCGA-12-1099-01A-01D-0518-04	10	67902637	69088143	129	0.1633
TCGA-12-1099-01A-01D-0518-04	10	69100305	69317182	23	-0.4515
TCGA-12-1099-01A-01D-0518-04	10	69329292	69526695	21	0.1927
TCGA-12-1099-01A-01D-0518-04	10	69536440	69649717	13	0.6912
TCGA-12-1099-01A-01D-0518-04	10	69654204	69887505	29	-0.0408
TCGA-12-1099-01A-01D-0518-04	10	69893494	69986072	13	0.4372
TCGA-12-1099-01A-01D-0518-04	10	69993821	70152209	19	0.1607
TCGA-12-1099-01A-01D-0518-04	10	70167626	70288248	16	-0.4423
TCGA-12-1099-01A-01D-0518-04	10	70301993	70776182	58	0.1828
TCGA-12-1099-01A-01D-0518-04	10	70789307	70910295	16	0.5984
TCGA-12-1099-01A-01D-0518-04	10	70921816	71415542	46	0.1917
TCGA-12-1099-01A-01D-0518-04	10	71421082	71499978	9	-0.3741
TCGA-12-1099-01A-01D-0518-04	10	71515957	71613507	16	0.6538
TCGA-12-1099-01A-01D-0518-04	10	71626151	72158066	71	0.3129
TCGA-12-1099-01A-01D-0518-04	10	72170060	72216949	7	-0.5471
TCGA-12-1099-01A-01D-0518-04	10	72233108	72233108	1	NA
TCGA-12-1099-01A-01D-0518-04	10	72248876	72316941	12	0.2996
TCGA-12-1099-01A-01D-0518-04	10	72324240	72351591	4	-0.1044
TCGA-12-1099-01A-01D-0518-04	10	72378974	72487073	5	0.1598
TCGA-12-1099-01A-01D-0518-04	10	72517001	72624680	4	0.6644
TCGA-12-1099-01A-01D-0518-04	10	72633266	72704635	9	0.1651
TCGA-12-1099-01A-01D-0518-04	10	72716077	72824629	14	0.7227
TCGA-12-1099-01A-01D-0518-04	10	72831626	72902588	9	0.2425
TCGA-12-1099-01A-01D-0518-04	10	72912045	72999811	12	-0.0074
TCGA-12-1099-01A-01D-0518-04	10	73014502	73159421	17	-0.5567
TCGA-12-1099-01A-01D-0518-04	10	73166941	74216685	119	0.2224
TCGA-12-1099-01A-01D-0518-04	10	74231229	74522022	34	-0.4969
TCGA-12-1099-01A-01D-0518-04	10	74534384	74765259	33	0.1757
TCGA-12-1099-01A-01D-0518-04	10	74777836	74826856	7	0.8706
TCGA-12-1099-01A-01D-0518-04	10	74836020	74866875	6	0.2828
TCGA-12-1099-01A-01D-0518-04	10	74873590	75061394	21	0.73
TCGA-12-1099-01A-01D-0518-04	10	75069380	75472828	50	0.2383
TCGA-12-1099-01A-01D-0518-04	10	75480092	75549246	10	-0.4331
TCGA-12-1099-01A-01D-0518-04	10	75559625	76389775	86	0.2187
TCGA-12-1099-01A-01D-0518-04	10	76402391	76524219	18	0.6356
TCGA-12-1099-01A-01D-0518-04	10	76534469	76606195	10	-0.4063
TCGA-12-1099-01A-01D-0518-04	10	76612761	76612761	1	NA
TCGA-12-1099-01A-01D-0518-04	10	76625159	77476879	77	0.1596
TCGA-12-1099-01A-01D-0518-04	10	77487678	78238742	63	0.4137
TCGA-12-1099-01A-01D-0518-04	10	78264380	78362270	10	-0.5874
TCGA-12-1099-01A-01D-0518-04	10	78367415	78850268	55	0.1825
TCGA-12-1099-01A-01D-0518-04	10	78861992	79064929	27	-0.4942
TCGA-12-1099-01A-01D-0518-04	10	79077754	79221843	11	0.6694
TCGA-12-1099-01A-01D-0518-04	10	79230922	79916887	62	0.1934
TCGA-12-1099-01A-01D-0518-04	10	79940716	80010441	7	0.7
TCGA-12-1099-01A-01D-0518-04	10	80022710	80798935	57	0.2468
TCGA-12-1099-01A-01D-0518-04	10	80806418	80824747	4	-0.6604
TCGA-12-1099-01A-01D-0518-04	10	80834035	82666339	112	0.2038
TCGA-12-1099-01A-01D-0518-04	10	82708736	82991169	8	0.6662
TCGA-12-1099-01A-01D-0518-04	10	83050732	83050732	1	NA
TCGA-12-1099-01A-01D-0518-04	10	83089747	83359086	9	-0.3924
TCGA-12-1099-01A-01D-0518-04	10	83387380	84998848	146	0.1879
TCGA-12-1099-01A-01D-0518-04	10	85020645	85283059	12	0.7202
TCGA-12-1099-01A-01D-0518-04	10	85324227	86042434	45	0.1177
TCGA-12-1099-01A-01D-0518-04	10	86057798	86271745	23	-0.328
TCGA-12-1099-01A-01D-0518-04	10	86286423	87031857	27	0.089
TCGA-12-1099-01A-01D-0518-04	10	87053108	87241891	8	0.6385
TCGA-12-1099-01A-01D-0518-04	10	87258954	87474852	18	0.0779
TCGA-12-1099-01A-01D-0518-04	10	87481119	87538924	8	-0.492
TCGA-12-1099-01A-01D-0518-04	10	87544635	87621944	8	-0.0726
TCGA-12-1099-01A-01D-0518-04	10	87634801	87887949	28	0.6148
TCGA-12-1099-01A-01D-0518-04	10	87899773	88020010	19	0.1984
TCGA-12-1099-01A-01D-0518-04	10	88030113	88084820	8	-0.521
TCGA-12-1099-01A-01D-0518-04	10	88093014	88507354	42	0.2825
TCGA-12-1099-01A-01D-0518-04	10	88516978	88588777	10	-0.4405
TCGA-12-1099-01A-01D-0518-04	10	88599237	89338165	54	0.125
TCGA-12-1099-01A-01D-0518-04	10	89355114	89502794	18	-0.6226
TCGA-12-1099-01A-01D-0518-04	10	89510992	89879205	30	-2.4289
TCGA-12-1099-01A-01D-0518-04	10	89912367	90188845	24	-0.5849
TCGA-12-1099-01A-01D-0518-04	10	90201499	90219454	3	-2.7798
TCGA-12-1099-01A-01D-0518-04	10	90226177	90331402	13	0.0694
TCGA-12-1099-01A-01D-0518-04	10	90336525	90581494	23	-0.6701
TCGA-12-1099-01A-01D-0518-04	10	90586585	90629604	5	-0.0309
TCGA-12-1099-01A-01D-0518-04	10	90643551	90845025	23	-1.1404
TCGA-12-1099-01A-01D-0518-04	10	90877477	90964465	6	-0.0312
TCGA-12-1099-01A-01D-0518-04	10	90972310	91000530	5	0.4915
TCGA-12-1099-01A-01D-0518-04	10	91007120	91033290	4	-0.1199
TCGA-12-1099-01A-01D-0518-04	10	91045450	91253819	35	-0.6191
TCGA-12-1099-01A-01D-0518-04	10	91266379	91616589	41	0.1868
TCGA-12-1099-01A-01D-0518-04	10	91635697	91679334	4	-2.3909
TCGA-12-1099-01A-01D-0518-04	10	91693853	91769678	8	0.2093
TCGA-12-1099-01A-01D-0518-04	10	91793514	91994129	6	-0.5462
TCGA-12-1099-01A-01D-0518-04	10	92027054	93183634	90	0.1396
TCGA-12-1099-01A-01D-0518-04	10	93194587	93314646	14	0.6415
TCGA-12-1099-01A-01D-0518-04	10	93333677	93499089	14	0.222
TCGA-12-1099-01A-01D-0518-04	10	93523398	93763756	30	-0.5396
TCGA-12-1099-01A-01D-0518-04	10	93770340	94616969	88	0.2105
TCGA-12-1099-01A-01D-0518-04	10	94623079	94908060	32	0.6984
TCGA-12-1099-01A-01D-0518-04	10	94938679	95124249	16	-0.4112
TCGA-12-1099-01A-01D-0518-04	10	95129715	95792721	80	0.2085
TCGA-12-1099-01A-01D-0518-04	10	95801436	95844792	6	-0.4525
TCGA-12-1099-01A-01D-0518-04	10	95858616	96195228	38	0.251
TCGA-12-1099-01A-01D-0518-04	10	96201535	96242977	4	-0.3866
TCGA-12-1099-01A-01D-0518-04	10	96249856	96460987	25	0.285
TCGA-12-1099-01A-01D-0518-04	10	96472301	96608785	14	-0.427
TCGA-12-1099-01A-01D-0518-04	10	96622484	96658126	3	0.2784
TCGA-12-1099-01A-01D-0518-04	10	96673410	96842251	17	-0.4299
TCGA-12-1099-01A-01D-0518-04	10	96862354	97117372	25	0.5183
TCGA-12-1099-01A-01D-0518-04	10	97125752	97160483	4	-0.3894
TCGA-12-1099-01A-01D-0518-04	10	97171378	97393979	25	0.5118
TCGA-12-1099-01A-01D-0518-04	10	97403116	97528029	15	-0.4144
TCGA-12-1099-01A-01D-0518-04	10	97536401	97674048	15	0.7843
TCGA-12-1099-01A-01D-0518-04	10	97686238	98116642	52	0.2396
TCGA-12-1099-01A-01D-0518-04	10	98125575	98189901	7	-0.4036
TCGA-12-1099-01A-01D-0518-04	10	98199225	98249321	6	0.3954
TCGA-12-1099-01A-01D-0518-04	10	98258361	98326542	10	-0.5448
TCGA-12-1099-01A-01D-0518-04	10	98332264	98707394	40	0.1548
TCGA-12-1099-01A-01D-0518-04	10	98714368	98731274	4	-0.4873
TCGA-12-1099-01A-01D-0518-04	10	98738853	99164152	55	0.2175
TCGA-12-1099-01A-01D-0518-04	10	99170278	99240961	15	-0.4712
TCGA-12-1099-01A-01D-0518-04	10	99247798	99826125	75	0.2958
TCGA-12-1099-01A-01D-0518-04	10	99864753	100194030	33	-0.2165
TCGA-12-1099-01A-01D-0518-04	10	100202486	100700712	56	0.1703
TCGA-12-1099-01A-01D-0518-04	10	100707848	100751134	6	0.7454
TCGA-12-1099-01A-01D-0518-04	10	100757776	101314163	51	0.1852
TCGA-12-1099-01A-01D-0518-04	10	101336582	101622770	40	-0.4583
TCGA-12-1099-01A-01D-0518-04	10	101627968	102011749	42	0.2114
TCGA-12-1099-01A-01D-0518-04	10	102017561	102100063	14	0.6661
TCGA-12-1099-01A-01D-0518-04	10	102103924	102255087	17	0.2541
TCGA-12-1099-01A-01D-0518-04	10	102268335	102320481	11	0.6445
TCGA-12-1099-01A-01D-0518-04	10	102330760	102744111	40	0.1354
TCGA-12-1099-01A-01D-0518-04	10	102750979	102999613	37	0.6441
TCGA-12-1099-01A-01D-0518-04	10	103011366	103271544	29	0.2545
TCGA-12-1099-01A-01D-0518-04	10	103286231	103333016	8	-0.5557
TCGA-12-1099-01A-01D-0518-04	10	103337543	103683000	48	0.1789
TCGA-12-1099-01A-01D-0518-04	10	103689729	103825340	19	-0.5018
TCGA-12-1099-01A-01D-0518-04	10	103834960	104383010	82	0.1776
TCGA-12-1099-01A-01D-0518-04	10	104390453	104414680	5	1.0283
TCGA-12-1099-01A-01D-0518-04	10	104425876	104503754	11	-0.5482
TCGA-12-1099-01A-01D-0518-04	10	104519525	104613482	15	0.4876
TCGA-12-1099-01A-01D-0518-04	10	104620065	104775388	18	-0.389
TCGA-12-1099-01A-01D-0518-04	10	104788548	104918149	15	0.4212
TCGA-12-1099-01A-01D-0518-04	10	104924680	105370525	64	0.1478
TCGA-12-1099-01A-01D-0518-04	10	105377203	105508579	15	0.5266
TCGA-12-1099-01A-01D-0518-04	10	105519728	105781719	32	-0.4625
TCGA-12-1099-01A-01D-0518-04	10	105786966	105913998	15	0.2612
TCGA-12-1099-01A-01D-0518-04	10	105929608	105994439	11	-0.4955
TCGA-12-1099-01A-01D-0518-04	10	106001063	106382289	35	0.2109
TCGA-12-1099-01A-01D-0518-04	10	106390794	106553302	19	0.6726
TCGA-12-1099-01A-01D-0518-04	10	106567717	108569694	126	0.1343
TCGA-12-1099-01A-01D-0518-04	10	108579413	108659963	9	-0.4427
TCGA-12-1099-01A-01D-0518-04	10	108670123	109894818	74	0.1956
TCGA-12-1099-01A-01D-0518-04	10	109942718	110339471	14	-0.4478
TCGA-12-1099-01A-01D-0518-04	10	110372687	110695310	13	0.2836
TCGA-12-1099-01A-01D-0518-04	10	110719054	111135587	16	-0.5191
TCGA-12-1099-01A-01D-0518-04	10	111181777	111534660	9	0.0469
TCGA-12-1099-01A-01D-0518-04	10	111568633	111595386	3	-0.4041
TCGA-12-1099-01A-01D-0518-04	10	111611178	111971968	39	0.2664
TCGA-12-1099-01A-01D-0518-04	10	111980024	112048489	9	-0.4682
TCGA-12-1099-01A-01D-0518-04	10	112055319	112351531	25	0.2084
TCGA-12-1099-01A-01D-0518-04	10	112369041	112617891	12	-0.4488
TCGA-12-1099-01A-01D-0518-04	10	112625747	113285376	40	0.3047
TCGA-12-1099-01A-01D-0518-04	10	113320690	114084456	37	0.6315
TCGA-12-1099-01A-01D-0518-04	10	114094659	114253543	24	0.1641
TCGA-12-1099-01A-01D-0518-04	10	114259809	114357952	12	-0.5162
TCGA-12-1099-01A-01D-0518-04	10	114368406	114368406	1	NA
TCGA-12-1099-01A-01D-0518-04	10	114383615	114766881	36	0.4141
TCGA-12-1099-01A-01D-0518-04	10	114772324	114843589	10	-0.4771
TCGA-12-1099-01A-01D-0518-04	10	114850830	114889741	5	0.5523
TCGA-12-1099-01A-01D-0518-04	10	114897450	114915815	3	-0.8111
TCGA-12-1099-01A-01D-0518-04	10	114925168	116860931	170	0.2371
TCGA-12-1099-01A-01D-0518-04	10	116869923	116895188	4	-0.5432
TCGA-12-1099-01A-01D-0518-04	10	116909781	116938114	5	0.2129
TCGA-12-1099-01A-01D-0518-04	10	116953100	117065193	13	-0.3866
TCGA-12-1099-01A-01D-0518-04	10	117074083	117356250	33	0.2986
TCGA-12-1099-01A-01D-0518-04	10	117361799	117611126	30	-0.3784
TCGA-12-1099-01A-01D-0518-04	10	117617746	117873051	24	0.3249
TCGA-12-1099-01A-01D-0518-04	10	117886784	118036689	16	-0.4455
TCGA-12-1099-01A-01D-0518-04	10	118044656	118152688	12	0.1962
TCGA-12-1099-01A-01D-0518-04	10	118160916	118282104	13	-0.4772
TCGA-12-1099-01A-01D-0518-04	10	118289515	118772001	61	0.2785
TCGA-12-1099-01A-01D-0518-04	10	118791187	118991871	23	0.5482
TCGA-12-1099-01A-01D-0518-04	10	119002928	120916337	145	0.1751
TCGA-12-1099-01A-01D-0518-04	10	120921862	121048027	17	0.5766
TCGA-12-1099-01A-01D-0518-04	10	121059737	122210263	103	0.1802
TCGA-12-1099-01A-01D-0518-04	10	122223824	122301971	11	0.7744
TCGA-12-1099-01A-01D-0518-04	10	122310521	122801014	50	0.2409
TCGA-12-1099-01A-01D-0518-04	10	122807750	122868187	8	-0.4164
TCGA-12-1099-01A-01D-0518-04	10	122878779	122947087	8	-0.1211
TCGA-12-1099-01A-01D-0518-04	10	122954965	124756636	195	0.1523
TCGA-12-1099-01A-01D-0518-04	10	124768558	124874851	9	-0.3851
TCGA-12-1099-01A-01D-0518-04	10	124881192	125431224	38	0.1601
TCGA-12-1099-01A-01D-0518-04	10	125438865	125597203	20	0.5519
TCGA-12-1099-01A-01D-0518-04	10	125604400	125851068	27	0.1749
TCGA-12-1099-01A-01D-0518-04	10	125858747	126188755	22	-0.2806
TCGA-12-1099-01A-01D-0518-04	10	126200526	126758321	62	0.1945
TCGA-12-1099-01A-01D-0518-04	10	126767476	126850059	12	-0.5268
TCGA-12-1099-01A-01D-0518-04	10	126857175	127131464	14	0.0763
TCGA-12-1099-01A-01D-0518-04	10	127187843	127397339	18	-0.4402
TCGA-12-1099-01A-01D-0518-04	10	127408858	127658856	33	0.072
TCGA-12-1099-01A-01D-0518-04	10	127668996	127980561	36	-0.5136
TCGA-12-1099-01A-01D-0518-04	10	127987306	129212211	107	0.1526
TCGA-12-1099-01A-01D-0518-04	10	129255204	129631393	26	-0.4599
TCGA-12-1099-01A-01D-0518-04	10	129648924	129648924	1	NA
TCGA-12-1099-01A-01D-0518-04	10	129657144	131561835	153	0.2192
TCGA-12-1099-01A-01D-0518-04	10	131571165	132097439	43	-0.5276
TCGA-12-1099-01A-01D-0518-04	10	132117506	132243307	11	0.6385
TCGA-12-1099-01A-01D-0518-04	10	132255391	133689721	119	0.1036
TCGA-12-1099-01A-01D-0518-04	10	133701662	133783634	7	-0.6078
TCGA-12-1099-01A-01D-0518-04	10	133795580	134261026	59	0.1269
TCGA-12-1099-01A-01D-0518-04	10	134271442	134379890	13	-0.4721
TCGA-12-1099-01A-01D-0518-04	10	134390305	135356671	127	0.2187
TCGA-12-1099-01A-01D-0518-04	11	182372	7762277	950	-0.1429
TCGA-12-1099-01A-01D-0518-04	11	7774067	7783344	3	-0.9927
TCGA-12-1099-01A-01D-0518-04	11	7797993	55118214	3262	-0.1204
TCGA-12-1099-01A-01D-0518-04	11	55124730	55225136	14	-0.6128
TCGA-12-1099-01A-01D-0518-04	11	55230765	134432265	7206	-0.1333
TCGA-12-1099-01A-01D-0518-04	12	33854	9452803	1015	-0.0366
TCGA-12-1099-01A-01D-0518-04	12	9528590	9554149	2	-4.9406
TCGA-12-1099-01A-01D-0518-04	12	9585156	34341836	2042	-0.0113
TCGA-12-1099-01A-01D-0518-04	12	34424331	36160215	3	-0.8837
TCGA-12-1099-01A-01D-0518-04	12	36244407	132289090	8105	-0.0283
TCGA-12-1099-01A-01D-0518-04	13	18065953	18361637	9	-0.2384
TCGA-12-1099-01A-01D-0518-04	13	18369390	73097174	4446	-0.5095
TCGA-12-1099-01A-01D-0518-04	13	73112108	114123862	3197	-0.1405
TCGA-12-1099-01A-01D-0518-04	14	18149473	19216369	10	0.0466
TCGA-12-1099-01A-01D-0518-04	14	19268776	19420732	19	-0.4265
TCGA-12-1099-01A-01D-0518-04	14	19433191	21523818	335	-0.0741
TCGA-12-1099-01A-01D-0518-04	14	21529816	22012263	60	0.2419
TCGA-12-1099-01A-01D-0518-04	14	22022060	32777106	922	-0.0275
TCGA-12-1099-01A-01D-0518-04	14	32789705	33061908	32	-0.6359
TCGA-12-1099-01A-01D-0518-04	14	33069919	106349756	6818	-0.0429
TCGA-12-1099-01A-01D-0518-04	15	18362555	18790589	12	-0.5908
TCGA-12-1099-01A-01D-0518-04	15	18810004	20079935	64	-1.2605
TCGA-12-1099-01A-01D-0518-04	15	20220416	95606006	7433	-0.5583
TCGA-12-1099-01A-01D-0518-04	15	95616750	95632390	2	-3.2093
TCGA-12-1099-01A-01D-0518-04	15	95658438	100282819	497	-0.5732
TCGA-12-1099-01A-01D-0518-04	16	28087	54343465	3746	-0.2052
TCGA-12-1099-01A-01D-0518-04	16	54354643	54379834	5	-0.9339
TCGA-12-1099-01A-01D-0518-04	16	54390012	68679377	1161	-0.2007
TCGA-12-1099-01A-01D-0518-04	16	68706240	68754234	7	-0.9106
TCGA-12-1099-01A-01D-0518-04	16	68795079	72917554	383	-0.2188
TCGA-12-1099-01A-01D-0518-04	16	72933295	72964783	4	-0.9968
TCGA-12-1099-01A-01D-0518-04	16	73012768	88690571	1488	-0.2258
TCGA-12-1099-01A-01D-0518-04	17	29169	41553226	4254	0.0223
TCGA-12-1099-01A-01D-0518-04	17	41558893	41706870	11	-0.5329
TCGA-12-1099-01A-01D-0518-04	17	41841187	63719627	1962	0.0336
TCGA-12-1099-01A-01D-0518-04	17	63732549	63739129	2	-1.2011
TCGA-12-1099-01A-01D-0518-04	17	63746539	78653545	1428	0.0265
TCGA-12-1099-01A-01D-0518-04	18	4316	76110964	5774	-0.0243
TCGA-12-1099-01A-01D-0518-04	19	64418	5841904	702	0.5575
TCGA-12-1099-01A-01D-0518-04	19	5847916	5892684	10	-0.5475
TCGA-12-1099-01A-01D-0518-04	19	5904103	6034903	11	0.0836
TCGA-12-1099-01A-01D-0518-04	19	6051723	6127152	9	0.5794
TCGA-12-1099-01A-01D-0518-04	19	6133781	6337755	23	-0.0083
TCGA-12-1099-01A-01D-0518-04	19	6343025	6479327	25	-0.5089
TCGA-12-1099-01A-01D-0518-04	19	6486548	8368505	207	0.1114
TCGA-12-1099-01A-01D-0518-04	19	8376699	8483823	16	-0.4682
TCGA-12-1099-01A-01D-0518-04	19	8491983	8496449	2	0.2488
TCGA-12-1099-01A-01D-0518-04	19	8503400	24157855	1664	0.57
TCGA-12-1099-01A-01D-0518-04	19	32545047	33080992	7	-0.3286
TCGA-12-1099-01A-01D-0518-04	19	33099182	33594470	19	0.3834
TCGA-12-1099-01A-01D-0518-04	19	33611665	33669978	6	-0.6845
TCGA-12-1099-01A-01D-0518-04	19	33682557	33973326	19	0.2157
TCGA-12-1099-01A-01D-0518-04	19	34008912	34194540	7	0.6512
TCGA-12-1099-01A-01D-0518-04	19	34223738	34365576	5	0.2197
TCGA-12-1099-01A-01D-0518-04	19	34374117	34430432	6	0.7136
TCGA-12-1099-01A-01D-0518-04	19	34467144	35609465	79	0.2001
TCGA-12-1099-01A-01D-0518-04	19	35619553	35717175	10	-0.6383
TCGA-12-1099-01A-01D-0518-04	19	35725088	36288875	20	0.0804
TCGA-12-1099-01A-01D-0518-04	19	36315649	36476428	11	0.6572
TCGA-12-1099-01A-01D-0518-04	19	36493923	37363671	29	0.1093
TCGA-12-1099-01A-01D-0518-04	19	37424789	37759128	27	0.4427
TCGA-12-1099-01A-01D-0518-04	19	37764745	37997249	24	0.1186
TCGA-12-1099-01A-01D-0518-04	19	38013393	38106196	9	-0.2647
TCGA-12-1099-01A-01D-0518-04	19	38120402	38174374	7	0.657
TCGA-12-1099-01A-01D-0518-04	19	38182485	38203834	3	-0.5758
TCGA-12-1099-01A-01D-0518-04	19	38215548	38313062	10	-0.0051
TCGA-12-1099-01A-01D-0518-04	19	38320401	38482933	18	-0.448
TCGA-12-1099-01A-01D-0518-04	19	38483020	40522716	195	0.2509
TCGA-12-1099-01A-01D-0518-04	19	40530071	40675883	18	-0.499
TCGA-12-1099-01A-01D-0518-04	19	40679944	41175985	81	4e-04
TCGA-12-1099-01A-01D-0518-04	19	41186031	41436209	34	-0.4346
TCGA-12-1099-01A-01D-0518-04	19	41450168	41823654	38	0.1465
TCGA-12-1099-01A-01D-0518-04	19	41837414	41879058	5	0.6751
TCGA-12-1099-01A-01D-0518-04	19	41898912	42113341	21	-0.0911
TCGA-12-1099-01A-01D-0518-04	19	42122649	42173398	5	0.8682
TCGA-12-1099-01A-01D-0518-04	19	42187921	42418696	23	-0.1637
TCGA-12-1099-01A-01D-0518-04	19	42425325	42869130	40	0.2088
TCGA-12-1099-01A-01D-0518-04	19	42880636	42901050	3	-0.6931
TCGA-12-1099-01A-01D-0518-04	19	42908949	42921103	2	-0.4245
TCGA-12-1099-01A-01D-0518-04	19	42932192	43028923	9	0.0773
TCGA-12-1099-01A-01D-0518-04	19	43042910	43211933	16	-0.5829
TCGA-12-1099-01A-01D-0518-04	19	43224972	43437957	24	0.1367
TCGA-12-1099-01A-01D-0518-04	19	43446111	43563065	17	-0.5954
TCGA-12-1099-01A-01D-0518-04	19	43573382	44324843	95	0.0917
TCGA-12-1099-01A-01D-0518-04	19	44336813	44531743	25	-0.4658
TCGA-12-1099-01A-01D-0518-04	19	44537058	44640758	20	0.0313
TCGA-12-1099-01A-01D-0518-04	19	44649969	44710808	10	-0.526
TCGA-12-1099-01A-01D-0518-04	19	44714590	45057047	38	0.2132
TCGA-12-1099-01A-01D-0518-04	19	45095032	45147472	5	-0.6626
TCGA-12-1099-01A-01D-0518-04	19	45158972	45189975	6	0.5887
TCGA-12-1099-01A-01D-0518-04	19	45196122	45373218	17	0.0711
TCGA-12-1099-01A-01D-0518-04	19	45386656	45432058	9	0.4447
TCGA-12-1099-01A-01D-0518-04	19	45439065	45531455	10	-0.5416
TCGA-12-1099-01A-01D-0518-04	19	45533923	46087549	80	0.0909
TCGA-12-1099-01A-01D-0518-04	19	46096429	46308974	22	-0.5903
TCGA-12-1099-01A-01D-0518-04	19	46318230	46950436	68	0.0673
TCGA-12-1099-01A-01D-0518-04	19	46958148	47103690	23	-0.5629
TCGA-12-1099-01A-01D-0518-04	19	47116643	47116643	1	NA
TCGA-12-1099-01A-01D-0518-04	19	47126886	47154300	4	0.1902
TCGA-12-1099-01A-01D-0518-04	19	47162393	47410903	29	-0.5265
TCGA-12-1099-01A-01D-0518-04	19	47415751	47574701	24	0.2399
TCGA-12-1099-01A-01D-0518-04	19	47586119	47895271	31	-0.6844
TCGA-12-1099-01A-01D-0518-04	19	47934635	48576507	31	-0.1614
TCGA-12-1099-01A-01D-0518-04	19	48583120	48620973	6	0.2286
TCGA-12-1099-01A-01D-0518-04	19	48638301	48766429	19	0.6468
TCGA-12-1099-01A-01D-0518-04	19	48770946	49019757	40	0.108
TCGA-12-1099-01A-01D-0518-04	19	49030456	49175209	18	0.5844
TCGA-12-1099-01A-01D-0518-04	19	49182382	49929336	86	0.2533
TCGA-12-1099-01A-01D-0518-04	19	49939447	50232023	43	-0.5028
TCGA-12-1099-01A-01D-0518-04	19	50249107	50953828	97	0.0433
TCGA-12-1099-01A-01D-0518-04	19	50959924	51019657	11	-0.4483
TCGA-12-1099-01A-01D-0518-04	19	51032742	51177689	20	0.1025
TCGA-12-1099-01A-01D-0518-04	19	51190313	51222233	6	-0.4902
TCGA-12-1099-01A-01D-0518-04	19	51232642	51306244	7	0.5374
TCGA-12-1099-01A-01D-0518-04	19	51311413	51524838	19	0.242
TCGA-12-1099-01A-01D-0518-04	19	51535100	51774737	25	0.605
TCGA-12-1099-01A-01D-0518-04	19	51784149	52715891	116	0.1586
TCGA-12-1099-01A-01D-0518-04	19	52722417	52772427	7	-0.5427
TCGA-12-1099-01A-01D-0518-04	19	52793778	52909091	11	0.5254
TCGA-12-1099-01A-01D-0518-04	19	52926708	53057498	20	-0.4951
TCGA-12-1099-01A-01D-0518-04	19	53069715	53085898	3	0.4989
TCGA-12-1099-01A-01D-0518-04	19	53091152	53315443	20	0.094
TCGA-12-1099-01A-01D-0518-04	19	53326928	53555235	30	0.5116
TCGA-12-1099-01A-01D-0518-04	19	53563768	54875430	195	0.0844
TCGA-12-1099-01A-01D-0518-04	19	54878808	55133753	37	0.3263
TCGA-12-1099-01A-01D-0518-04	19	55145368	55301396	18	-0.6077
TCGA-12-1099-01A-01D-0518-04	19	55338704	56055001	84	0.09
TCGA-12-1099-01A-01D-0518-04	19	56062729	56125342	11	0.5746
TCGA-12-1099-01A-01D-0518-04	19	56134961	56309475	34	0.1018
TCGA-12-1099-01A-01D-0518-04	19	56321449	56434473	15	-0.7168
TCGA-12-1099-01A-01D-0518-04	19	56442426	56502074	8	0.0547
TCGA-12-1099-01A-01D-0518-04	19	56509807	56631731	19	-0.5399
TCGA-12-1099-01A-01D-0518-04	19	56646524	56723310	10	0.2231
TCGA-12-1099-01A-01D-0518-04	19	56734275	56964168	34	-0.5733
TCGA-12-1099-01A-01D-0518-04	19	56974270	57019414	5	0.1511
TCGA-12-1099-01A-01D-0518-04	19	57031211	57141386	15	-0.5711
TCGA-12-1099-01A-01D-0518-04	19	57149554	57561995	47	0.2352
TCGA-12-1099-01A-01D-0518-04	19	57572156	58185621	67	-0.5282
TCGA-12-1099-01A-01D-0518-04	19	58198955	58423407	27	0.0565
TCGA-12-1099-01A-01D-0518-04	19	58430873	58793258	40	0.5157
TCGA-12-1099-01A-01D-0518-04	19	58799540	58972611	36	0.0704
TCGA-12-1099-01A-01D-0518-04	19	58977718	59003358	6	-0.6452
TCGA-12-1099-01A-01D-0518-04	19	59009969	59207684	24	0.1231
TCGA-12-1099-01A-01D-0518-04	19	59214257	59316875	16	0.345
TCGA-12-1099-01A-01D-0518-04	19	59321465	59365100	10	-0.0707
TCGA-12-1099-01A-01D-0518-04	19	59370363	59768378	59	0.5551
TCGA-12-1099-01A-01D-0518-04	19	59774611	59903453	18	-0.4555
TCGA-12-1099-01A-01D-0518-04	19	59907921	60618310	83	0.0405
TCGA-12-1099-01A-01D-0518-04	19	60623759	60780698	24	-0.505
TCGA-12-1099-01A-01D-0518-04	19	60786417	61716902	100	0.1172
TCGA-12-1099-01A-01D-0518-04	19	61723627	61764387	8	-0.5691
TCGA-12-1099-01A-01D-0518-04	19	61769344	61851914	12	0.1808
TCGA-12-1099-01A-01D-0518-04	19	61863814	61863814	1	NA
TCGA-12-1099-01A-01D-0518-04	19	61868392	62143433	23	-0.6008
TCGA-12-1099-01A-01D-0518-04	19	62163976	62363773	18	0.2194
TCGA-12-1099-01A-01D-0518-04	19	62370730	62453892	13	-0.6908
TCGA-12-1099-01A-01D-0518-04	19	62458167	62624668	25	0.1241
TCGA-12-1099-01A-01D-0518-04	19	62630140	62671826	8	0.5816
TCGA-12-1099-01A-01D-0518-04	19	62675839	62852094	29	0.1496
TCGA-12-1099-01A-01D-0518-04	19	62863112	62915891	10	0.9529
TCGA-12-1099-01A-01D-0518-04	19	62922991	63244254	39	0.1788
TCGA-12-1099-01A-01D-0518-04	19	63251486	63507760	31	0.554
TCGA-12-1099-01A-01D-0518-04	19	63518968	63784327	50	-0.0181
TCGA-12-1099-01A-01D-0518-04	2	20341	107307933	7994	0.1577
TCGA-12-1099-01A-01D-0518-04	2	107327099	107703440	16	-0.6042
TCGA-12-1099-01A-01D-0518-04	2	107744391	242717016	10524	-0.1298
TCGA-12-1099-01A-01D-0518-04	20	8747	54206495	4493	-0.1363
TCGA-12-1099-01A-01D-0518-04	20	54231515	54239768	2	-1.0623
TCGA-12-1099-01A-01D-0518-04	20	54248507	62379059	836	-0.1678
TCGA-12-1099-01A-01D-0518-04	21	9896630	10144881	19	-0.6922
TCGA-12-1099-01A-01D-0518-04	21	10154777	46914686	3343	-0.3324
TCGA-12-1099-01A-01D-0518-04	22	14504218	49565816	4079	0.1381
TCGA-12-1099-01A-01D-0518-04	23	2710316	2965671	36	0.8444
TCGA-12-1099-01A-01D-0518-04	23	2980227	16074028	1070	1.1181
TCGA-12-1099-01A-01D-0518-04	23	16078578	16517763	20	0.3187
TCGA-12-1099-01A-01D-0518-04	23	16529161	153335752	9673	1.0987
TCGA-12-1099-01A-01D-0518-04	23	153340484	153346899	3	-0.1307
TCGA-12-1099-01A-01D-0518-04	23	153349651	154582414	136	1.0718
TCGA-12-1099-01A-01D-0518-04	24	2710450	2710450	1	NA
TCGA-12-1099-01A-01D-0518-04	24	2713809	2971261	51	-4.3099
TCGA-12-1099-01A-01D-0518-04	24	2985564	3223585	6	-1.8323
TCGA-12-1099-01A-01D-0518-04	24	3318461	3944956	23	-0.2502
TCGA-12-1099-01A-01D-0518-04	24	4008751	4431486	15	-0.9914
TCGA-12-1099-01A-01D-0518-04	24	4511076	4846477	11	-2.0911
TCGA-12-1099-01A-01D-0518-04	24	4869078	6577257	45	-0.7147
TCGA-12-1099-01A-01D-0518-04	24	6652868	6968064	50	-3.632
TCGA-12-1099-01A-01D-0518-04	24	6971636	7914104	120	-2.9523
TCGA-12-1099-01A-01D-0518-04	24	7918899	10511255	180	-3.7662
TCGA-12-1099-01A-01D-0518-04	24	10537808	12486140	16	-0.6265
TCGA-12-1099-01A-01D-0518-04	24	12502304	24685322	746	-3.7625
TCGA-12-1099-01A-01D-0518-04	24	24754207	57440809	29	-1.0293
TCGA-12-1099-01A-01D-0518-04	3	39066	17583551	1598	0.5301
TCGA-12-1099-01A-01D-0518-04	3	17590006	17684429	13	-0.6053
TCGA-12-1099-01A-01D-0518-04	3	17691884	38007125	1427	0.5367
TCGA-12-1099-01A-01D-0518-04	3	38010020	38022037	4	-0.1657
TCGA-12-1099-01A-01D-0518-04	3	38030306	75546791	3533	0.531
TCGA-12-1099-01A-01D-0518-04	3	75554518	76019295	14	0.0841
TCGA-12-1099-01A-01D-0518-04	3	76042344	119730038	2654	0.5523
TCGA-12-1099-01A-01D-0518-04	3	119749785	124926948	529	-0.5654
TCGA-12-1099-01A-01D-0518-04	3	124935208	137257227	1148	0.5289
TCGA-12-1099-01A-01D-0518-04	3	137266261	137807146	56	-0.565
TCGA-12-1099-01A-01D-0518-04	3	137824625	163966032	1978	0.5712
TCGA-12-1099-01A-01D-0518-04	3	163977334	164112873	11	1.1542
TCGA-12-1099-01A-01D-0518-04	3	164123806	196822133	2646	0.549
TCGA-12-1099-01A-01D-0518-04	3	196830270	196942158	8	-0.206
TCGA-12-1099-01A-01D-0518-04	3	196943380	199379566	267	0.4967
TCGA-12-1099-01A-01D-0518-04	4	41413	29147251	2192	-0.011
TCGA-12-1099-01A-01D-0518-04	4	29177478	29952600	25	-0.6194
TCGA-12-1099-01A-01D-0518-04	4	30016362	37623703	352	-0.0069
TCGA-12-1099-01A-01D-0518-04	4	37629539	38517661	70	-0.8684
TCGA-12-1099-01A-01D-0518-04	4	38525221	38619117	13	0.0091
TCGA-12-1099-01A-01D-0518-04	4	38627039	38759066	15	-0.8611
TCGA-12-1099-01A-01D-0518-04	4	38764477	38799384	5	-0.0906
TCGA-12-1099-01A-01D-0518-04	4	38810791	38896145	10	-0.8411
TCGA-12-1099-01A-01D-0518-04	4	38902936	190719354	10640	0.0119
TCGA-12-1099-01A-01D-0518-04	4	190749363	190907865	11	-0.426
TCGA-12-1099-01A-01D-0518-04	4	190924564	191173837	20	-0.1083
TCGA-12-1099-01A-01D-0518-04	5	75149	180644810	13244	0.0104
TCGA-12-1099-01A-01D-0518-04	6	97634	228968	10	0.1538
TCGA-12-1099-01A-01D-0518-04	6	238441	341386	11	-0.3247
TCGA-12-1099-01A-01D-0518-04	6	347016	14535258	1248	0.1819
TCGA-12-1099-01A-01D-0518-04	6	14553443	15289852	31	-0.5393
TCGA-12-1099-01A-01D-0518-04	6	15325879	29950805	1271	-0.0988
TCGA-12-1099-01A-01D-0518-04	6	29962849	30010234	6	-0.9002
TCGA-12-1099-01A-01D-0518-04	6	30021894	78983276	3931	-0.1105
TCGA-12-1099-01A-01D-0518-04	6	79035891	79079988	3	-4.836
TCGA-12-1099-01A-01D-0518-04	6	79101978	165640218	6281	-0.0945
TCGA-12-1099-01A-01D-0518-04	6	165645537	165650610	2	1.4381
TCGA-12-1099-01A-01D-0518-04	6	165657596	170867396	471	-0.1279
TCGA-12-1099-01A-01D-0518-04	7	140213	151567025	12594	0.4454
TCGA-12-1099-01A-01D-0518-04	7	151575137	151775631	21	0.0565
TCGA-12-1099-01A-01D-0518-04	7	151783619	158811268	626	0.4243
TCGA-12-1099-01A-01D-0518-04	8	63810	39341524	3169	0.145
TCGA-12-1099-01A-01D-0518-04	8	39356595	39505256	20	0.9797
TCGA-12-1099-01A-01D-0518-04	8	39511632	92405941	3527	0.1726
TCGA-12-1099-01A-01D-0518-04	8	92419591	93068337	38	-0.6642
TCGA-12-1099-01A-01D-0518-04	8	93073267	146250765	4205	0.1624
TCGA-12-1099-01A-01D-0518-04	8	146264846	146264846	1	NA
TCGA-12-1099-01A-01D-0518-04	9	153131	17554830	1404	0.0211
TCGA-12-1099-01A-01D-0518-04	9	17568661	20829579	271	-0.5442
TCGA-12-1099-01A-01D-0518-04	9	20836666	20892540	8	-2.5683
TCGA-12-1099-01A-01D-0518-04	9	20906836	22477358	153	-0.5629
TCGA-12-1099-01A-01D-0518-04	9	22502565	22992318	26	-0.0265
TCGA-12-1099-01A-01D-0518-04	9	23018614	23122133	6	-0.8619
TCGA-12-1099-01A-01D-0518-04	9	23146308	26413210	140	-0.0647
TCGA-12-1099-01A-01D-0518-04	9	26433722	26613334	9	-0.8578
TCGA-12-1099-01A-01D-0518-04	9	26639384	39131835	1061	0.0247
TCGA-12-1099-01A-01D-0518-04	9	39141696	68173232	35	-0.2604
TCGA-12-1099-01A-01D-0518-04	9	68443612	140241876	6290	0.0034
