barcode	chromosome	start	stop	num.mark	seg.mean
TCGA-02-2470-10A-01D-0785-04	1	554268	16964267	1601	0.0027
TCGA-02-2470-10A-01D-0785-04	1	17082119	17124554	7	0.6217
TCGA-02-2470-10A-01D-0785-04	1	17130528	150819451	9283	0.0039
TCGA-02-2470-10A-01D-0785-04	1	150823073	150848509	5	1.2154
TCGA-02-2470-10A-01D-0785-04	1	150852858	194971624	3870	-0.0053
TCGA-02-2470-10A-01D-0785-04	1	194977713	195062024	9	-0.6728
TCGA-02-2470-10A-01D-0785-04	1	195067764	195067764	1	NA
TCGA-02-2470-10A-01D-0785-04	1	195091758	246755225	4424	-0.0021
TCGA-02-2470-10A-01D-0785-04	1	246794522	246862029	11	-0.5247
TCGA-02-2470-10A-01D-0785-04	1	246874992	247190718	34	-0.0087
TCGA-02-2470-10A-01D-0785-04	10	115544	135356671	11035	-8e-04
TCGA-02-2470-10A-01D-0785-04	11	182372	31517796	2838	0.001
TCGA-02-2470-10A-01D-0785-04	11	31529999	31717481	20	-0.4226
TCGA-02-2470-10A-01D-0785-04	11	31725064	134432265	8577	0.0017
TCGA-02-2470-10A-01D-0785-04	12	33854	9452803	1015	0.0073
TCGA-02-2470-10A-01D-0785-04	12	9528590	9554149	2	-4.7104
TCGA-02-2470-10A-01D-0785-04	12	9585156	132289090	10150	0.0016
TCGA-02-2470-10A-01D-0785-04	13	18065953	114123862	7652	-0.0053
TCGA-02-2470-10A-01D-0785-04	14	18149473	19456276	33	0.2062
TCGA-02-2470-10A-01D-0785-04	14	19459171	21406288	316	0.0059
TCGA-02-2470-10A-01D-0785-04	14	21412148	22086379	83	-0.3549
TCGA-02-2470-10A-01D-0785-04	14	22095067	73060301	4558	-0.0012
TCGA-02-2470-10A-01D-0785-04	14	73071404	73092018	4	0.7697
TCGA-02-2470-10A-01D-0785-04	14	73104572	105907191	3154	-0.0082
TCGA-02-2470-10A-01D-0785-04	14	105923159	106002179	9	0.3822
TCGA-02-2470-10A-01D-0785-04	14	106017453	106349756	39	9e-04
TCGA-02-2470-10A-01D-0785-04	15	18362555	18683110	8	0.0493
TCGA-02-2470-10A-01D-0785-04	15	18722595	19882711	53	-0.3101
TCGA-02-2470-10A-01D-0785-04	15	19886840	32511475	1009	-0.0116
TCGA-02-2470-10A-01D-0785-04	15	32517513	32578483	9	-0.7755
TCGA-02-2470-10A-01D-0785-04	15	32590643	100282819	6929	-0.0031
TCGA-02-2470-10A-01D-0785-04	16	28087	88690571	6794	0.001
TCGA-02-2470-10A-01D-0785-04	17	29169	41527705	4251	0.0012
TCGA-02-2470-10A-01D-0785-04	17	41533641	42049540	17	-0.4571
TCGA-02-2470-10A-01D-0785-04	17	42142363	78653545	3389	0.0091
TCGA-02-2470-10A-01D-0785-04	18	4316	76110964	5774	0.0048
TCGA-02-2470-10A-01D-0785-04	19	64418	63784327	5977	0.0056
TCGA-02-2470-10A-01D-0785-04	2	20341	34524344	2704	-0.0126
TCGA-02-2470-10A-01D-0785-04	2	34539740	34539740	1	NA
TCGA-02-2470-10A-01D-0785-04	2	34556434	34580533	2	-2.3569
TCGA-02-2470-10A-01D-0785-04	2	34608979	242717016	15827	0.0021
TCGA-02-2470-10A-01D-0785-04	20	8747	25049716	2148	-0.003
TCGA-02-2470-10A-01D-0785-04	20	25072070	25105133	3	-1.0309
TCGA-02-2470-10A-01D-0785-04	20	25116611	62379059	3180	0.0046
TCGA-02-2470-10A-01D-0785-04	21	9896630	46914686	3362	0.007
TCGA-02-2470-10A-01D-0785-04	22	14504218	49565816	4079	0.0055
TCGA-02-2470-10A-01D-0785-04	23	2710316	154582414	10938	0.013
TCGA-02-2470-10A-01D-0785-04	24	2710450	57440809	1293	0.0156
TCGA-02-2470-10A-01D-0785-04	3	39066	89473678	7402	-0.0013
TCGA-02-2470-10A-01D-0785-04	3	89488409	89499433	3	-1.0082
TCGA-02-2470-10A-01D-0785-04	3	89509246	163987457	5551	-0.0049
TCGA-02-2470-10A-01D-0785-04	3	163997228	164101776	8	0.8048
TCGA-02-2470-10A-01D-0785-04	3	164112873	196830270	2648	0.0035
TCGA-02-2470-10A-01D-0785-04	3	196904349	196958467	11	-0.773
TCGA-02-2470-10A-01D-0785-04	3	196968244	199379566	263	-0.0047
TCGA-02-2470-10A-01D-0785-04	4	41413	69075140	4504	-0.0061
TCGA-02-2470-10A-01D-0785-04	4	69085386	69114068	3	-0.9969
TCGA-02-2470-10A-01D-0785-04	4	69120805	191173837	8846	-0.0014
TCGA-02-2470-10A-01D-0785-04	5	75149	745859	75	-0.0161
TCGA-02-2470-10A-01D-0785-04	5	763494	826044	7	-1.2389
TCGA-02-2470-10A-01D-0785-04	5	837253	133955425	9066	-0.0041
TCGA-02-2470-10A-01D-0785-04	5	133965082	134048397	13	0.6486
TCGA-02-2470-10A-01D-0785-04	5	134057179	175814436	3528	-0.0018
TCGA-02-2470-10A-01D-0785-04	5	175823102	175830411	2	-1.0023
TCGA-02-2470-10A-01D-0785-04	5	175838725	180342860	508	-0.0038
TCGA-02-2470-10A-01D-0785-04	5	180351118	180355807	2	1.0796
TCGA-02-2470-10A-01D-0785-04	5	180362342	180644810	43	-0.0817
TCGA-02-2470-10A-01D-0785-04	6	97634	228968	10	0.0129
TCGA-02-2470-10A-01D-0785-04	6	238441	320890	9	-0.5309
TCGA-02-2470-10A-01D-0785-04	6	334423	29950805	2552	-0.0025
TCGA-02-2470-10A-01D-0785-04	6	29962849	30010234	6	0.6353
TCGA-02-2470-10A-01D-0785-04	6	30021894	32558677	386	-0.0252
TCGA-02-2470-10A-01D-0785-04	6	32567382	32567382	1	NA
TCGA-02-2470-10A-01D-0785-04	6	32586131	32629848	5	-1.9912
TCGA-02-2470-10A-01D-0785-04	6	32634044	32745036	14	-0.6176
TCGA-02-2470-10A-01D-0785-04	6	32766023	170867396	10282	-0.0021
TCGA-02-2470-10A-01D-0785-04	7	140213	158811268	13241	2e-04
TCGA-02-2470-10A-01D-0785-04	8	63810	36347029	2914	1e-04
TCGA-02-2470-10A-01D-0785-04	8	36363262	36531105	10	0.555
TCGA-02-2470-10A-01D-0785-04	8	36556578	146264846	8036	-0.0037
TCGA-02-2470-10A-01D-0785-04	9	153131	140241876	9403	0.0011
