barcode	chromosome	start	stop	num.mark	seg.mean
TCGA-27-1831-01A-01D-0785-04	1	554268	12776479	1274	-0.0216
TCGA-27-1831-01A-01D-0785-04	1	12789063	12835156	4	-1.0287
TCGA-27-1831-01A-01D-0785-04	1	12840011	16719747	310	-0.0131
TCGA-27-1831-01A-01D-0785-04	1	16799334	16960984	12	-0.4965
TCGA-27-1831-01A-01D-0785-04	1	16964267	72533856	5197	-0.0019
TCGA-27-1831-01A-01D-0785-04	1	72550248	72568009	2	-3.8031
TCGA-27-1831-01A-01D-0785-04	1	72602597	110023268	2593	-0.0243
TCGA-27-1831-01A-01D-0785-04	1	110033832	110041428	2	1.07
TCGA-27-1831-01A-01D-0785-04	1	110057882	199776479	5773	-0.0235
TCGA-27-1831-01A-01D-0785-04	1	199803305	200517149	84	0.4036
TCGA-27-1831-01A-01D-0785-04	1	200529542	203167888	285	-0.0188
TCGA-27-1831-01A-01D-0785-04	1	203174407	203829356	84	0.4037
TCGA-27-1831-01A-01D-0785-04	1	203838640	246630400	3566	-0.0263
TCGA-27-1831-01A-01D-0785-04	1	246636010	246750352	13	-0.4476
TCGA-27-1831-01A-01D-0785-04	1	246755225	247190718	46	0.108
TCGA-27-1831-01A-01D-0785-04	10	115544	65234402	4701	-0.6049
TCGA-27-1831-01A-01D-0785-04	10	65265295	83679424	1626	-0.0217
TCGA-27-1831-01A-01D-0785-04	10	83684713	131193835	4288	-0.5995
TCGA-27-1831-01A-01D-0785-04	10	131207275	135356671	420	-0.0651
TCGA-27-1831-01A-01D-0785-04	11	182372	134432265	11435	-0.0523
TCGA-27-1831-01A-01D-0785-04	12	33854	59839	2	NA
TCGA-27-1831-01A-01D-0785-04	12	74808	34137057	3050	-0.0286
TCGA-27-1831-01A-01D-0785-04	12	34148629	36991812	22	-0.3311
TCGA-27-1831-01A-01D-0785-04	12	36995792	132289090	8093	-0.0285
TCGA-27-1831-01A-01D-0785-04	13	18065953	56650373	3551	-0.0321
TCGA-27-1831-01A-01D-0785-04	13	56658479	56673183	3	-5.357
TCGA-27-1831-01A-01D-0785-04	13	56691355	114123862	4098	-0.0379
TCGA-27-1831-01A-01D-0785-04	14	18149473	18537177	4	0.5761
TCGA-27-1831-01A-01D-0785-04	14	18624383	21559744	365	-0.006
TCGA-27-1831-01A-01D-0785-04	14	21569676	22005835	54	0.2625
TCGA-27-1831-01A-01D-0785-04	14	22012263	69078818	4127	-0.0205
TCGA-27-1831-01A-01D-0785-04	14	69088190	69092211	2	0.9848
TCGA-27-1831-01A-01D-0785-04	14	69098569	73060301	438	-0.0216
TCGA-27-1831-01A-01D-0785-04	14	73071404	73092018	4	1.0196
TCGA-27-1831-01A-01D-0785-04	14	73104572	74363585	168	-0.0199
TCGA-27-1831-01A-01D-0785-04	14	74374221	74657542	45	0.3102
TCGA-27-1831-01A-01D-0785-04	14	74665252	74811339	12	0.7228
TCGA-27-1831-01A-01D-0785-04	14	74816061	75186788	40	0.4235
TCGA-27-1831-01A-01D-0785-04	14	75193813	106349756	2937	-0.0243
TCGA-27-1831-01A-01D-0785-04	15	18362555	22021181	183	0.0217
TCGA-27-1831-01A-01D-0785-04	15	22038880	22055553	2	-0.8985
TCGA-27-1831-01A-01D-0785-04	15	22077517	75110193	5467	-0.0274
TCGA-27-1831-01A-01D-0785-04	15	75117799	75125735	2	-0.9594
TCGA-27-1831-01A-01D-0785-04	15	75135155	100282819	2354	-0.0364
TCGA-27-1831-01A-01D-0785-04	16	28087	2605126	391	-0.0522
TCGA-27-1831-01A-01D-0785-04	16	2638581	2645485	3	0.8812
TCGA-27-1831-01A-01D-0785-04	16	2649851	4265430	224	0.0165
TCGA-27-1831-01A-01D-0785-04	16	4272629	4835800	81	0.35
TCGA-27-1831-01A-01D-0785-04	16	4842485	83471680	5550	-0.001
TCGA-27-1831-01A-01D-0785-04	16	83488599	84236022	64	0.3594
TCGA-27-1831-01A-01D-0785-04	16	84249037	88690571	481	-0.0423
TCGA-27-1831-01A-01D-0785-04	17	29169	59297506	5829	-0.0064
TCGA-27-1831-01A-01D-0785-04	17	59307904	59330938	4	-0.861
TCGA-27-1831-01A-01D-0785-04	17	59339527	78653545	1824	-0.014
TCGA-27-1831-01A-01D-0785-04	18	4316	76110964	5774	-0.0313
TCGA-27-1831-01A-01D-0785-04	19	64418	63784327	5977	0.0175
TCGA-27-1831-01A-01D-0785-04	2	20341	172443373	12632	-0.0209
TCGA-27-1831-01A-01D-0785-04	2	172458913	173290436	66	0.4038
TCGA-27-1831-01A-01D-0785-04	2	173297241	178253810	424	-0.0204
TCGA-27-1831-01A-01D-0785-04	2	178261697	178285405	4	0.8165
TCGA-27-1831-01A-01D-0785-04	2	178293864	242717016	5408	-0.0251
TCGA-27-1831-01A-01D-0785-04	20	8747	1506379	191	4e-04
TCGA-27-1831-01A-01D-0785-04	20	1516966	1539155	3	-2.119
TCGA-27-1831-01A-01D-0785-04	20	1546858	25049716	1954	0.0084
TCGA-27-1831-01A-01D-0785-04	20	25072070	25105133	3	-0.7802
TCGA-27-1831-01A-01D-0785-04	20	25116611	62379059	3180	0.0166
TCGA-27-1831-01A-01D-0785-04	21	9896630	9963891	5	-0.7719
TCGA-27-1831-01A-01D-0785-04	21	9975302	46914686	3357	-0.0138
TCGA-27-1831-01A-01D-0785-04	22	14504218	22671374	819	-0.0261
TCGA-27-1831-01A-01D-0785-04	22	22677959	22731196	11	0.6438
TCGA-27-1831-01A-01D-0785-04	22	22736990	35950111	1510	-0.0128
TCGA-27-1831-01A-01D-0785-04	22	35953915	36658172	115	0.3721
TCGA-27-1831-01A-01D-0785-04	22	36663677	49565816	1624	-0.0276
TCGA-27-1831-01A-01D-0785-04	23	2710316	62321946	4449	0.0234
TCGA-27-1831-01A-01D-0785-04	23	62390645	62416396	2	1.1063
TCGA-27-1831-01A-01D-0785-04	23	62434259	96646563	2006	0.0116
TCGA-27-1831-01A-01D-0785-04	23	96661202	96714267	8	0.9372
TCGA-27-1831-01A-01D-0785-04	23	96731574	154037006	4427	0.0113
TCGA-27-1831-01A-01D-0785-04	23	154050185	154078819	3	-3.6572
TCGA-27-1831-01A-01D-0785-04	23	154086636	154582414	43	0.0388
TCGA-27-1831-01A-01D-0785-04	24	2710450	57440809	1293	-0.115
TCGA-27-1831-01A-01D-0785-04	3	39066	127742448	10037	0.0023
TCGA-27-1831-01A-01D-0785-04	3	127751292	127760659	3	-0.6155
TCGA-27-1831-01A-01D-0785-04	3	127769313	163987457	2916	0.1088
TCGA-27-1831-01A-01D-0785-04	3	163997228	164086905	7	1.1614
TCGA-27-1831-01A-01D-0785-04	3	164101776	164101776	1	NA
TCGA-27-1831-01A-01D-0785-04	3	164112873	196822133	2647	0.1077
TCGA-27-1831-01A-01D-0785-04	3	196830270	196958467	12	-0.7668
TCGA-27-1831-01A-01D-0785-04	3	196968244	199379566	263	0.0816
TCGA-27-1831-01A-01D-0785-04	4	41413	68905670	4501	-0.0307
TCGA-27-1831-01A-01D-0785-04	4	69057735	69165814	11	0.3966
TCGA-27-1831-01A-01D-0785-04	4	69643272	153952230	6207	-0.0344
TCGA-27-1831-01A-01D-0785-04	4	153957825	154711887	68	0.4666
TCGA-27-1831-01A-01D-0785-04	4	154725220	191173837	2566	-0.0304
TCGA-27-1831-01A-01D-0785-04	5	75149	763494	76	-0.0326
TCGA-27-1831-01A-01D-0785-04	5	771310	826044	6	-0.7454
TCGA-27-1831-01A-01D-0785-04	5	837253	180644810	13162	9e-04
TCGA-27-1831-01A-01D-0785-04	6	97634	174815	7	0.1573
TCGA-27-1831-01A-01D-0785-04	6	204528	341386	14	-0.4735
TCGA-27-1831-01A-01D-0785-04	6	347016	32558677	2942	0.104
TCGA-27-1831-01A-01D-0785-04	6	32567382	32660090	9	-1.6954
TCGA-27-1831-01A-01D-0785-04	6	32672983	78983276	3536	0.0555
TCGA-27-1831-01A-01D-0785-04	6	79035891	79079988	3	-1.145
TCGA-27-1831-01A-01D-0785-04	6	79101978	165640218	6281	-0.0291
TCGA-27-1831-01A-01D-0785-04	6	165645537	165650610	2	1.0263
TCGA-27-1831-01A-01D-0785-04	6	165657596	170867396	471	-0.0584
TCGA-27-1831-01A-01D-0785-04	7	140213	140213	1	NA
TCGA-27-1831-01A-01D-0785-04	7	149268	8272422	844	0.3565
TCGA-27-1831-01A-01D-0785-04	7	8280930	48135497	3334	0.691
TCGA-27-1831-01A-01D-0785-04	7	48164199	48324503	15	0.4017
TCGA-27-1831-01A-01D-0785-04	7	48330816	48330816	1	NA
TCGA-27-1831-01A-01D-0785-04	7	48338568	49608556	98	-0.0443
TCGA-27-1831-01A-01D-0785-04	7	49633445	54752166	284	0.3688
TCGA-27-1831-01A-01D-0785-04	7	54767119	55315116	46	5.3638
TCGA-27-1831-01A-01D-0785-04	7	55349637	97340676	2949	0.677
TCGA-27-1831-01A-01D-0785-04	7	97355553	97383757	2	-0.2678
TCGA-27-1831-01A-01D-0785-04	7	97406212	97406212	1	NA
TCGA-27-1831-01A-01D-0785-04	7	97435578	133400864	3190	0.6865
TCGA-27-1831-01A-01D-0785-04	7	133414697	133414697	1	NA
TCGA-27-1831-01A-01D-0785-04	7	133439454	133447868	2	-6.0234
TCGA-27-1831-01A-01D-0785-04	7	133459759	141408013	793	0.6964
TCGA-27-1831-01A-01D-0785-04	7	141413352	141438504	3	1.4605
TCGA-27-1831-01A-01D-0785-04	7	141452085	141687978	26	0.6937
TCGA-27-1831-01A-01D-0785-04	7	141705163	141711513	2	1.8097
TCGA-27-1831-01A-01D-0785-04	7	141720324	158811268	1649	0.6755
TCGA-27-1831-01A-01D-0785-04	8	63810	248288	13	-0.4652
TCGA-27-1831-01A-01D-0785-04	8	255024	1894170	172	-0.0771
TCGA-27-1831-01A-01D-0785-04	8	1908308	2731280	63	-0.693
TCGA-27-1831-01A-01D-0785-04	8	2746634	7040596	379	-0.0359
TCGA-27-1831-01A-01D-0785-04	8	7256229	8132139	9	-0.7871
TCGA-27-1831-01A-01D-0785-04	8	8140070	39341524	2533	-0.0246
TCGA-27-1831-01A-01D-0785-04	8	39356595	39499752	19	0.6213
TCGA-27-1831-01A-01D-0785-04	8	39505256	39505256	1	NA
TCGA-27-1831-01A-01D-0785-04	8	39511632	146264846	7771	-0.0247
TCGA-27-1831-01A-01D-0785-04	9	153131	19934911	1592	-0.0125
TCGA-27-1831-01A-01D-0785-04	9	19956040	21123314	117	-0.6179
TCGA-27-1831-01A-01D-0785-04	9	21130864	21208548	15	-1.8098
TCGA-27-1831-01A-01D-0785-04	9	21228628	21934037	76	-0.6618
TCGA-27-1831-01A-01D-0785-04	9	21947735	22202553	22	-1.3666
TCGA-27-1831-01A-01D-0785-04	9	22236765	22434682	9	-0.5992
TCGA-27-1831-01A-01D-0785-04	9	22441145	23691567	65	-1.4157
TCGA-27-1831-01A-01D-0785-04	9	23699486	27274759	181	-0.6011
TCGA-27-1831-01A-01D-0785-04	9	27286964	34196594	485	-1e-04
TCGA-27-1831-01A-01D-0785-04	9	34210942	34865604	86	0.4219
TCGA-27-1831-01A-01D-0785-04	9	34879751	140241876	6755	-0.0077
