barcode	chromosome	start	stop	num.mark	seg.mean
TCGA-06-0121-01A-04D-0215-04	1	554268	16236840	1530	0.0131
TCGA-06-0121-01A-04D-0215-04	1	16242789	16260159	4	0.7797
TCGA-06-0121-01A-04D-0215-04	1	16265269	147213294	8980	0.0065
TCGA-06-0121-01A-04D-0215-04	1	147307637	147927292	10	-0.5506
TCGA-06-0121-01A-04D-0215-04	1	147946905	150819451	367	0.0464
TCGA-06-0121-01A-04D-0215-04	1	150823073	150848509	5	-1.5029
TCGA-06-0121-01A-04D-0215-04	1	150852858	151027357	32	-0.0354
TCGA-06-0121-01A-04D-0215-04	1	151033188	151036435	2	-6.0104
TCGA-06-0121-01A-04D-0215-04	1	151040463	247190718	8315	0.003
TCGA-06-0121-01A-04D-0215-04	10	115544	115544	1	NA
TCGA-06-0121-01A-04D-0215-04	10	126361	135356671	11034	-0.1271
TCGA-06-0121-01A-04D-0215-04	11	182372	55118214	4215	-0.0063
TCGA-06-0121-01A-04D-0215-04	11	55124730	55178955	9	-0.7714
TCGA-06-0121-01A-04D-0215-04	11	55187282	134432265	7211	-0.0101
TCGA-06-0121-01A-04D-0215-04	12	33854	132289090	11167	0.0259
TCGA-06-0121-01A-04D-0215-04	13	18065953	114123862	7652	-5e-04
TCGA-06-0121-01A-04D-0215-04	14	18149473	19293976	14	0.1916
TCGA-06-0121-01A-04D-0215-04	14	19297726	19490630	26	-0.5865
TCGA-06-0121-01A-04D-0215-04	14	19497023	105594189	8075	0.0063
TCGA-06-0121-01A-04D-0215-04	14	105602756	105630089	4	-3.0509
TCGA-06-0121-01A-04D-0215-04	14	105643293	106349756	77	-0.0483
TCGA-06-0121-01A-04D-0215-04	15	18362555	18657388	7	0.1696
TCGA-06-0121-01A-04D-0215-04	15	18683110	20220416	70	0.5895
TCGA-06-0121-01A-04D-0215-04	15	20249886	100282819	7931	-8e-04
TCGA-06-0121-01A-04D-0215-04	16	28087	54336421	3745	0.0386
TCGA-06-0121-01A-04D-0215-04	16	54343465	54379834	6	-0.6337
TCGA-06-0121-01A-04D-0215-04	16	54390012	88690571	3043	0.0012
TCGA-06-0121-01A-04D-0215-04	17	29169	78653545	7657	0.0276
TCGA-06-0121-01A-04D-0215-04	18	4316	76110964	5774	-0.0167
TCGA-06-0121-01A-04D-0215-04	19	64418	63784327	5977	0.0706
TCGA-06-0121-01A-04D-0215-04	2	20341	202950094	14948	-0.0054
TCGA-06-0121-01A-04D-0215-04	2	202957249	202991285	4	-0.9266
TCGA-06-0121-01A-04D-0215-04	2	202997787	242717016	3582	-0.0043
TCGA-06-0121-01A-04D-0215-04	20	8747	1506379	191	-0.0353
TCGA-06-0121-01A-04D-0215-04	20	1516966	1528899	2	-1.7301
TCGA-06-0121-01A-04D-0215-04	20	1539155	62379059	5138	-0.0047
TCGA-06-0121-01A-04D-0215-04	21	9896630	46914686	3362	0.0035
TCGA-06-0121-01A-04D-0215-04	22	14504218	22671374	819	0.0109
TCGA-06-0121-01A-04D-0215-04	22	22677959	22725305	10	-0.5447
TCGA-06-0121-01A-04D-0215-04	22	22731196	49565816	3250	-9e-04
TCGA-06-0121-01A-04D-0215-04	23	2710316	88340209	6118	0.8262
TCGA-06-0121-01A-04D-0215-04	23	88514592	88514592	1	NA
TCGA-06-0121-01A-04D-0215-04	23	88535568	89968680	22	0.3192
TCGA-06-0121-01A-04D-0215-04	23	90003509	90707498	27	0.8467
TCGA-06-0121-01A-04D-0215-04	23	90843907	91284359	19	0.3888
TCGA-06-0121-01A-04D-0215-04	23	91300737	91300737	1	NA
TCGA-06-0121-01A-04D-0215-04	23	91315210	91425227	11	0.9891
TCGA-06-0121-01A-04D-0215-04	23	91445574	92263775	25	0.1899
TCGA-06-0121-01A-04D-0215-04	23	92289605	154582414	4714	0.8165
TCGA-06-0121-01A-04D-0215-04	24	2710450	3219184	57	-4.0615
TCGA-06-0121-01A-04D-0215-04	24	3223585	6652868	96	-1.0946
TCGA-06-0121-01A-04D-0215-04	24	6696721	6696721	1	NA
TCGA-06-0121-01A-04D-0215-04	24	6717936	6779804	7	-5.2271
TCGA-06-0121-01A-04D-0215-04	24	6792922	7866716	154	-3.2614
TCGA-06-0121-01A-04D-0215-04	24	7870400	8194312	50	-4.7883
TCGA-06-0121-01A-04D-0215-04	24	8198435	8486504	37	-3.3768
TCGA-06-0121-01A-04D-0215-04	24	8490437	8669676	32	-4.2071
TCGA-06-0121-01A-04D-0215-04	24	8674116	8674116	1	NA
TCGA-06-0121-01A-04D-0215-04	24	8678888	8685756	3	-1.7077
TCGA-06-0121-01A-04D-0215-04	24	8690572	8725366	8	-5.1697
TCGA-06-0121-01A-04D-0215-04	24	8730100	8823361	8	-3.4943
TCGA-06-0121-01A-04D-0215-04	24	8828716	9132086	18	-5.1746
TCGA-06-0121-01A-04D-0215-04	24	9145335	10260135	22	-3.1233
TCGA-06-0121-01A-04D-0215-04	24	10379512	10511255	8	-5.7324
TCGA-06-0121-01A-04D-0215-04	24	10537808	12486140	16	-0.369
TCGA-06-0121-01A-04D-0215-04	24	12502304	13716331	110	-3.6224
TCGA-06-0121-01A-04D-0215-04	24	13729067	14340202	74	-4.5735
TCGA-06-0121-01A-04D-0215-04	24	14342834	18006799	282	-3.538
TCGA-06-0121-01A-04D-0215-04	24	18021017	21317893	166	-4.3741
TCGA-06-0121-01A-04D-0215-04	24	21324207	21324207	1	NA
TCGA-06-0121-01A-04D-0215-04	24	21329709	21559551	18	-2.8877
TCGA-06-0121-01A-04D-0215-04	24	21605421	21959860	28	-4.3957
TCGA-06-0121-01A-04D-0215-04	24	21968693	22042220	16	-5.4809
TCGA-06-0121-01A-04D-0215-04	24	22047706	24685322	51	-3.8486
TCGA-06-0121-01A-04D-0215-04	24	24754207	57440809	29	-0.8404
TCGA-06-0121-01A-04D-0215-04	3	39066	199379566	15886	-0.0059
TCGA-06-0121-01A-04D-0215-04	4	41413	68905670	4501	-0.0029
TCGA-06-0121-01A-04D-0215-04	4	69057735	69165814	11	-0.5476
TCGA-06-0121-01A-04D-0215-04	4	69643272	191173837	8841	0.0068
TCGA-06-0121-01A-04D-0215-04	5	75149	745859	75	-0.0866
TCGA-06-0121-01A-04D-0215-04	5	763494	826044	7	-1.0677
TCGA-06-0121-01A-04D-0215-04	5	837253	14719864	1022	-0.0539
TCGA-06-0121-01A-04D-0215-04	5	14731686	14808975	11	0.3974
TCGA-06-0121-01A-04D-0215-04	5	14816247	180644810	12129	-0.0073
TCGA-06-0121-01A-04D-0215-04	6	97634	29950805	2571	0.0043
TCGA-06-0121-01A-04D-0215-04	6	29962849	30004636	5	-0.7844
TCGA-06-0121-01A-04D-0215-04	6	30010234	170867396	10689	-0.0224
TCGA-06-0121-01A-04D-0215-04	7	140213	158811268	13241	0.2254
TCGA-06-0121-01A-04D-0215-04	8	63810	39314620	3166	-0.0383
TCGA-06-0121-01A-04D-0215-04	8	39323411	39505256	23	0.4219
TCGA-06-0121-01A-04D-0215-04	8	39511632	113312932	5166	0.0116
TCGA-06-0121-01A-04D-0215-04	8	113318732	113362666	6	0.6494
TCGA-06-0121-01A-04D-0215-04	8	113372899	146264846	2599	-0.0126
TCGA-06-0121-01A-04D-0215-04	9	153131	140193674	9402	-0.0167
TCGA-06-0121-01A-04D-0215-04	9	140241876	140241876	1	NA
