barcode	chromosome	start	stop	num.mark	seg.mean
TCGA-15-0742-10A-01D-0334-04	1	554268	116950996	10038	0.0115
TCGA-15-0742-10A-01D-0334-04	1	116970390	117001475	4	0.7039
TCGA-15-0742-10A-01D-0334-04	1	117008723	143706582	297	-0.0163
TCGA-15-0742-10A-01D-0334-04	1	143720878	143754339	4	-0.5229
TCGA-15-0742-10A-01D-0334-04	1	143759047	146290772	166	0.0043
TCGA-15-0742-10A-01D-0334-04	1	146294654	147499046	14	0.3773
TCGA-15-0742-10A-01D-0334-04	1	147927292	150819451	368	0.0114
TCGA-15-0742-10A-01D-0334-04	1	150823073	150852858	6	0.5748
TCGA-15-0742-10A-01D-0334-04	1	150857070	247190718	8348	-8e-04
TCGA-15-0742-10A-01D-0334-04	10	115544	45468415	3429	-0.0023
TCGA-15-0742-10A-01D-0334-04	10	45478103	46527012	27	0.2838
TCGA-15-0742-10A-01D-0334-04	10	46532937	135356671	7579	-0.0038
TCGA-15-0742-10A-01D-0334-04	11	182372	5742476	692	-0.0073
TCGA-15-0742-10A-01D-0334-04	11	5749258	5762182	3	-0.7826
TCGA-15-0742-10A-01D-0334-04	11	5766615	55097753	3518	0.008
TCGA-15-0742-10A-01D-0334-04	11	55112329	55112329	1	NA
TCGA-15-0742-10A-01D-0334-04	11	55118214	55207305	14	0.468
TCGA-15-0742-10A-01D-0334-04	11	55225136	134432265	7207	0.0016
TCGA-15-0742-10A-01D-0334-04	12	33854	9452803	1015	-0.003
TCGA-15-0742-10A-01D-0334-04	12	9528590	9554149	2	-3.7934
TCGA-15-0742-10A-01D-0334-04	12	9585156	11393473	209	-0.0139
TCGA-15-0742-10A-01D-0334-04	12	11404653	11430887	4	-1.0952
TCGA-15-0742-10A-01D-0334-04	12	11444721	132289090	9937	0.0034
TCGA-15-0742-10A-01D-0334-04	13	18065953	114123862	7652	-0.0031
TCGA-15-0742-10A-01D-0334-04	14	18149473	19216369	10	0.0935
TCGA-15-0742-10A-01D-0334-04	14	19268776	19484013	29	-0.2531
TCGA-15-0742-10A-01D-0334-04	14	19490630	21470699	318	-0.0077
TCGA-15-0742-10A-01D-0334-04	14	21479168	22012263	67	0.2801
TCGA-15-0742-10A-01D-0334-04	14	22022060	105724107	7703	0
TCGA-15-0742-10A-01D-0334-04	14	105736164	105857193	16	-0.7548
TCGA-15-0742-10A-01D-0334-04	14	105863067	105946993	8	-0.0329
TCGA-15-0742-10A-01D-0334-04	14	105962305	105985458	4	-3.6793
TCGA-15-0742-10A-01D-0334-04	14	105994646	106349756	41	-0.0072
TCGA-15-0742-10A-01D-0334-04	15	18362555	18790589	12	0.156
TCGA-15-0742-10A-01D-0334-04	15	18810004	20079935	64	-0.4695
TCGA-15-0742-10A-01D-0334-04	15	20220416	100282819	7932	4e-04
TCGA-15-0742-10A-01D-0334-04	16	28087	31862577	2976	0.0177
TCGA-15-0742-10A-01D-0334-04	16	31958973	33539023	36	0.472
TCGA-15-0742-10A-01D-0334-04	16	33758082	33758082	1	NA
TCGA-15-0742-10A-01D-0334-04	16	33875313	34297461	18	-0.0759
TCGA-15-0742-10A-01D-0334-04	16	34339543	34634686	12	0.7197
TCGA-15-0742-10A-01D-0334-04	16	34685270	34685270	1	NA
TCGA-15-0742-10A-01D-0334-04	16	34721950	88690571	3750	-0.0042
TCGA-15-0742-10A-01D-0334-04	17	29169	77503378	7506	0.0138
TCGA-15-0742-10A-01D-0334-04	17	77503673	77503685	2	-1.2309
TCGA-15-0742-10A-01D-0334-04	17	77519913	78653545	149	-0.0197
TCGA-15-0742-10A-01D-0334-04	18	4316	76110964	5774	-0.0036
TCGA-15-0742-10A-01D-0334-04	19	64418	63784327	5977	0.0209
TCGA-15-0742-10A-01D-0334-04	2	20341	242717016	18534	0
TCGA-15-0742-10A-01D-0334-04	20	8747	62379059	5331	-0.0019
TCGA-15-0742-10A-01D-0334-04	21	9896630	10101956	16	0.2545
TCGA-15-0742-10A-01D-0334-04	21	10117898	30861761	1315	-0.0048
TCGA-15-0742-10A-01D-0334-04	21	30868167	30947983	20	-0.8387
TCGA-15-0742-10A-01D-0334-04	21	30960199	46914686	2011	-0.0047
TCGA-15-0742-10A-01D-0334-04	22	14504218	49565816	4079	0.0112
TCGA-15-0742-10A-01D-0334-04	23	2710316	103054367	6934	-0.0111
TCGA-15-0742-10A-01D-0334-04	23	103072782	103189987	17	1.0591
TCGA-15-0742-10A-01D-0334-04	23	103224150	153067477	3818	-0.0082
TCGA-15-0742-10A-01D-0334-04	23	153127027	153158822	3	0.7018
TCGA-15-0742-10A-01D-0334-04	23	153176364	153176364	1	NA
TCGA-15-0742-10A-01D-0334-04	23	153186834	154582414	165	-0.0053
TCGA-15-0742-10A-01D-0334-04	24	2710450	57440809	1293	-0.1397
TCGA-15-0742-10A-01D-0334-04	3	39066	199379566	15886	0.0027
TCGA-15-0742-10A-01D-0334-04	4	41413	70159690	4561	-0.0072
TCGA-15-0742-10A-01D-0334-04	4	70184190	70255674	8	-0.5825
TCGA-15-0742-10A-01D-0334-04	4	70264689	103042365	2816	-0.0016
TCGA-15-0742-10A-01D-0334-04	4	103052297	103244081	22	-0.8259
TCGA-15-0742-10A-01D-0334-04	4	103284326	191173837	5946	-4e-04
TCGA-15-0742-10A-01D-0334-04	5	75149	98113816	6722	-0.0063
TCGA-15-0742-10A-01D-0334-04	5	98121332	98126117	2	-1.0399
TCGA-15-0742-10A-01D-0334-04	5	98130848	180644810	6520	0.0016
TCGA-15-0742-10A-01D-0334-04	6	97634	32558677	2963	-0.005
TCGA-15-0742-10A-01D-0334-04	6	32567382	32629848	6	1.4771
TCGA-15-0742-10A-01D-0334-04	6	32634044	32728487	11	0.4211
TCGA-15-0742-10A-01D-0334-04	6	32732764	35862502	381	0.0073
TCGA-15-0742-10A-01D-0334-04	6	35866245	35887585	4	-0.5987
TCGA-15-0742-10A-01D-0334-04	6	35895127	165640218	9427	-0.0021
TCGA-15-0742-10A-01D-0334-04	6	165645537	165650610	2	1.0607
TCGA-15-0742-10A-01D-0334-04	6	165657596	170867396	471	-0.0263
TCGA-15-0742-10A-01D-0334-04	7	140213	141383251	11558	0.004
TCGA-15-0742-10A-01D-0334-04	7	141396899	141438504	6	-0.6235
TCGA-15-0742-10A-01D-0334-04	7	141452085	143514962	251	0.0337
TCGA-15-0742-10A-01D-0334-04	7	143582864	143584350	3	-0.8164
TCGA-15-0742-10A-01D-0334-04	7	143705425	158811268	1423	-0.0143
TCGA-15-0742-10A-01D-0334-04	8	63810	39341524	3169	-0.0068
TCGA-15-0742-10A-01D-0334-04	8	39356595	39505256	20	0.4922
TCGA-15-0742-10A-01D-0334-04	8	39511632	105474343	4698	0.0025
TCGA-15-0742-10A-01D-0334-04	8	105483137	105488896	2	-1.1494
TCGA-15-0742-10A-01D-0334-04	8	105494985	146264846	3071	0.001
TCGA-15-0742-10A-01D-0334-04	9	153131	140241876	9403	0.002
