barcode	chromosome	start	stop	num.mark	seg.mean
TCGA-16-1055-01B-01D-0518-04	1	554268	746956	6	-0.5441
TCGA-16-1055-01B-01D-0518-04	1	757922	25457903	2427	-0.0241
TCGA-16-1055-01B-01D-0518-04	1	25482036	25536086	6	-0.7774
TCGA-16-1055-01B-01D-0518-04	1	25541997	81705426	4939	0
TCGA-16-1055-01B-01D-0518-04	1	81723870	81723870	1	NA
TCGA-16-1055-01B-01D-0518-04	1	81736120	83369717	90	-0.539
TCGA-16-1055-01B-01D-0518-04	1	83388826	83737764	14	-0.0544
TCGA-16-1055-01B-01D-0518-04	1	83762089	101895687	1429	-0.5445
TCGA-16-1055-01B-01D-0518-04	1	101945215	103899771	101	-0.0561
TCGA-16-1055-01B-01D-0518-04	1	103909053	104122714	10	0.4216
TCGA-16-1055-01B-01D-0518-04	1	104154897	147203277	1490	-0.0065
TCGA-16-1055-01B-01D-0518-04	1	147213294	148035420	17	-0.4647
TCGA-16-1055-01B-01D-0518-04	1	148081741	150836484	363	-0.0015
TCGA-16-1055-01B-01D-0518-04	1	150839754	150848509	3	-0.7964
TCGA-16-1055-01B-01D-0518-04	1	150852858	234333672	7178	0.0013
TCGA-16-1055-01B-01D-0518-04	1	234352602	235345656	98	-0.5553
TCGA-16-1055-01B-01D-0518-04	1	235355063	235355063	1	NA
TCGA-16-1055-01B-01D-0518-04	1	235363412	247190718	1072	4e-04
TCGA-16-1055-01B-01D-0518-04	10	115544	38620776	3167	-0.5455
TCGA-16-1055-01B-01D-0518-04	10	38659036	51264997	533	-0.0686
TCGA-16-1055-01B-01D-0518-04	10	51306200	52862509	128	-0.5722
TCGA-16-1055-01B-01D-0518-04	10	52875630	52881487	2	-2.4138
TCGA-16-1055-01B-01D-0518-04	10	52888819	135356671	7205	-0.5451
TCGA-16-1055-01B-01D-0518-04	11	182372	55118214	4215	-0.0038
TCGA-16-1055-01B-01D-0518-04	11	55124730	55124730	1	NA
TCGA-16-1055-01B-01D-0518-04	11	55129329	55207305	12	-0.5028
TCGA-16-1055-01B-01D-0518-04	11	55225136	134432265	7207	-0.0089
TCGA-16-1055-01B-01D-0518-04	12	33854	7235562	795	-0.0098
TCGA-16-1055-01B-01D-0518-04	12	7239062	7239062	1	NA
TCGA-16-1055-01B-01D-0518-04	12	7249223	9452803	219	-0.5418
TCGA-16-1055-01B-01D-0518-04	12	9528590	9528590	1	NA
TCGA-16-1055-01B-01D-0518-04	12	9554149	9613074	3	0.5144
TCGA-16-1055-01B-01D-0518-04	12	9626736	10457163	114	-0.5388
TCGA-16-1055-01B-01D-0518-04	12	10464018	10484956	4	-1.4472
TCGA-16-1055-01B-01D-0518-04	12	10493984	30713337	1653	-0.5334
TCGA-16-1055-01B-01D-0518-04	12	30724758	131435325	8275	9e-04
TCGA-16-1055-01B-01D-0518-04	12	131451078	131561229	10	-0.381
TCGA-16-1055-01B-01D-0518-04	12	131569163	132289090	92	-0.0593
TCGA-16-1055-01B-01D-0518-04	13	18065953	29589008	1117	-0.0038
TCGA-16-1055-01B-01D-0518-04	13	29621835	56650373	2434	-0.5414
TCGA-16-1055-01B-01D-0518-04	13	56658479	56673183	3	-5.5884
TCGA-16-1055-01B-01D-0518-04	13	56691355	73500049	948	-0.5441
TCGA-16-1055-01B-01D-0518-04	13	73508303	73716028	23	0.0054
TCGA-16-1055-01B-01D-0518-04	13	73725731	73802662	7	-0.7481
TCGA-16-1055-01B-01D-0518-04	13	73818289	73876574	7	-0.1221
TCGA-16-1055-01B-01D-0518-04	13	73885240	73935860	5	-0.7257
TCGA-16-1055-01B-01D-0518-04	13	73958612	114123862	3108	-0.0071
TCGA-16-1055-01B-01D-0518-04	14	18149473	19490630	40	-0.2567
TCGA-16-1055-01B-01D-0518-04	14	19497023	21448635	314	-0.0185
TCGA-16-1055-01B-01D-0518-04	14	21457258	22000194	68	0.2581
TCGA-16-1055-01B-01D-0518-04	14	22005835	73071404	4569	0.0133
TCGA-16-1055-01B-01D-0518-04	14	73075500	73092018	3	1.0904
TCGA-16-1055-01B-01D-0518-04	14	73104572	105845658	3148	-0.0155
TCGA-16-1055-01B-01D-0518-04	14	105857193	105898674	5	-0.7111
TCGA-16-1055-01B-01D-0518-04	14	105907191	106349756	49	-0.0699
TCGA-16-1055-01B-01D-0518-04	15	18362555	18683110	8	-0.0841
TCGA-16-1055-01B-01D-0518-04	15	18722595	19786655	43	-0.7722
TCGA-16-1055-01B-01D-0518-04	15	19805960	19865444	6	-0.1924
TCGA-16-1055-01B-01D-0518-04	15	19869705	19882711	4	-1.2141
TCGA-16-1055-01B-01D-0518-04	15	19886840	46066652	2402	-0.0057
TCGA-16-1055-01B-01D-0518-04	15	46073521	46119649	5	0.5229
TCGA-16-1055-01B-01D-0518-04	15	46128008	46128008	1	NA
TCGA-16-1055-01B-01D-0518-04	15	46139947	95606006	5040	0.0072
TCGA-16-1055-01B-01D-0518-04	15	95616750	95632390	2	-0.9958
TCGA-16-1055-01B-01D-0518-04	15	95658438	100282819	497	0.0014
TCGA-16-1055-01B-01D-0518-04	16	28087	32748349	2991	-0.0167
TCGA-16-1055-01B-01D-0518-04	16	33205648	33298899	5	-0.5625
TCGA-16-1055-01B-01D-0518-04	16	33300400	69441287	1998	-0.0034
TCGA-16-1055-01B-01D-0518-04	16	69447152	69744010	32	-0.2323
TCGA-16-1055-01B-01D-0518-04	16	69753919	72933295	277	-0.0177
TCGA-16-1055-01B-01D-0518-04	16	72937352	72964783	3	-0.6158
TCGA-16-1055-01B-01D-0518-04	16	73012768	88690571	1488	-0.0215
TCGA-16-1055-01B-01D-0518-04	17	29169	77503378	7506	-0.0062
TCGA-16-1055-01B-01D-0518-04	17	77503673	77503685	2	0.9796
TCGA-16-1055-01B-01D-0518-04	17	77519913	78653545	149	-0.0403
TCGA-16-1055-01B-01D-0518-04	18	4316	76110964	5774	-0.0047
TCGA-16-1055-01B-01D-0518-04	19	64418	63784327	5977	0.1504
TCGA-16-1055-01B-01D-0518-04	2	20341	26526964	1904	-0.0196
TCGA-16-1055-01B-01D-0518-04	2	26533043	26547954	3	-0.7455
TCGA-16-1055-01B-01D-0518-04	2	26551969	89889099	5088	0.0021
TCGA-16-1055-01B-01D-0518-04	2	89895566	94770336	20	-0.3153
TCGA-16-1055-01B-01D-0518-04	2	94784165	242717016	11519	-0.0019
TCGA-16-1055-01B-01D-0518-04	20	8747	26079558	2218	-0.0091
TCGA-16-1055-01B-01D-0518-04	20	26096870	28266113	12	-0.3244
TCGA-16-1055-01B-01D-0518-04	20	29297270	62379059	3101	-0.0128
TCGA-16-1055-01B-01D-0518-04	21	9896630	13461550	27	-0.2058
TCGA-16-1055-01B-01D-0518-04	21	13562263	24125636	734	-0.5293
TCGA-16-1055-01B-01D-0518-04	21	24149441	46914686	2601	-0.0135
TCGA-16-1055-01B-01D-0518-04	22	14504218	22696162	823	-0.0305
TCGA-16-1055-01B-01D-0518-04	22	22701205	22720195	5	-3.3682
TCGA-16-1055-01B-01D-0518-04	22	22725305	49565816	3251	-0.0216
TCGA-16-1055-01B-01D-0518-04	23	2710316	154582414	10938	0.1685
TCGA-16-1055-01B-01D-0518-04	24	2710450	57440809	1293	0.064
TCGA-16-1055-01B-01D-0518-04	3	39066	63268613	5696	9e-04
TCGA-16-1055-01B-01D-0518-04	3	63281087	74007239	800	-0.5441
TCGA-16-1055-01B-01D-0518-04	3	74032881	163977334	6459	0.0018
TCGA-16-1055-01B-01D-0518-04	3	163987457	164101776	9	0.5952
TCGA-16-1055-01B-01D-0518-04	3	164112873	187882442	1833	0.0116
TCGA-16-1055-01B-01D-0518-04	3	187891716	187899237	2	-0.8423
TCGA-16-1055-01B-01D-0518-04	3	187905544	196830270	813	0.0013
TCGA-16-1055-01B-01D-0518-04	3	196904349	196942158	7	-1.0572
TCGA-16-1055-01B-01D-0518-04	3	196943380	199379566	267	-0.0251
TCGA-16-1055-01B-01D-0518-04	4	41413	70159690	4561	-0.009
TCGA-16-1055-01B-01D-0518-04	4	70184190	70327740	12	-0.4266
TCGA-16-1055-01B-01D-0518-04	4	70338878	190719354	8749	0.0068
TCGA-16-1055-01B-01D-0518-04	4	190749363	190907865	11	-0.4922
TCGA-16-1055-01B-01D-0518-04	4	190924564	191173837	20	-0.1265
TCGA-16-1055-01B-01D-0518-04	5	75149	180629353	13243	8e-04
TCGA-16-1055-01B-01D-0518-04	5	180644810	180644810	1	NA
TCGA-16-1055-01B-01D-0518-04	6	97634	238441	11	-0.0369
TCGA-16-1055-01B-01D-0518-04	6	252939	320890	8	-0.6532
TCGA-16-1055-01B-01D-0518-04	6	334423	32586131	2946	1e-04
TCGA-16-1055-01B-01D-0518-04	6	32595402	32629848	4	-2.2713
TCGA-16-1055-01B-01D-0518-04	6	32634044	109704545	5467	-0.0024
TCGA-16-1055-01B-01D-0518-04	6	109715125	109729176	2	0.8021
TCGA-16-1055-01B-01D-0518-04	6	109741678	165640218	4354	0.0085
TCGA-16-1055-01B-01D-0518-04	6	165645537	165650610	2	1.294
TCGA-16-1055-01B-01D-0518-04	6	165657596	170867396	471	-0.0284
TCGA-16-1055-01B-01D-0518-04	7	140213	4643990	471	0.6133
TCGA-16-1055-01B-01D-0518-04	7	4655383	4676853	3	-0.0463
TCGA-16-1055-01B-01D-0518-04	7	4683430	38259147	2863	0.6831
TCGA-16-1055-01B-01D-0518-04	7	38262701	38290450	7	1.1458
TCGA-16-1055-01B-01D-0518-04	7	38296218	54140676	1208	0.6577
TCGA-16-1055-01B-01D-0518-04	7	54192191	54422534	8	3.3291
TCGA-16-1055-01B-01D-0518-04	7	54454459	54597919	10	4.0478
TCGA-16-1055-01B-01D-0518-04	7	54607324	54816762	17	4.5382
TCGA-16-1055-01B-01D-0518-04	7	54839438	55271892	33	5.0131
TCGA-16-1055-01B-01D-0518-04	7	55282948	55315116	3	4.1028
TCGA-16-1055-01B-01D-0518-04	7	55349637	55349637	1	NA
TCGA-16-1055-01B-01D-0518-04	7	55383642	57229526	134	0.6553
TCGA-16-1055-01B-01D-0518-04	7	57242255	57931397	45	0.4241
TCGA-16-1055-01B-01D-0518-04	7	61469275	100162851	3125	0.6669
TCGA-16-1055-01B-01D-0518-04	7	100171204	100174991	2	-3.898
TCGA-16-1055-01B-01D-0518-04	7	100183859	133414697	2836	0.6807
TCGA-16-1055-01B-01D-0518-04	7	133439454	133447868	2	-1.1688
TCGA-16-1055-01B-01D-0518-04	7	133459759	142152205	874	0.6843
TCGA-16-1055-01B-01D-0518-04	7	142159154	142164247	2	-0.3565
TCGA-16-1055-01B-01D-0518-04	7	142167901	142171618	2	-2.7709
TCGA-16-1055-01B-01D-0518-04	7	142178220	151701438	960	0.6396
TCGA-16-1055-01B-01D-0518-04	7	151709873	151747905	5	-0.0135
TCGA-16-1055-01B-01D-0518-04	7	151756837	158811268	630	0.6403
TCGA-16-1055-01B-01D-0518-04	8	63810	7040596	627	-0.0461
TCGA-16-1055-01B-01D-0518-04	8	7256229	8117271	8	-0.51
TCGA-16-1055-01B-01D-0518-04	8	8132139	39333915	2533	5e-04
TCGA-16-1055-01B-01D-0518-04	8	39341524	39505256	21	0.9434
TCGA-16-1055-01B-01D-0518-04	8	39511632	146264846	7771	-0.0026
TCGA-16-1055-01B-01D-0518-04	9	153131	18436209	1449	0.0147
TCGA-16-1055-01B-01D-0518-04	9	18456806	21106004	258	-0.5474
TCGA-16-1055-01B-01D-0518-04	9	21114816	23049932	158	-1.5479
TCGA-16-1055-01B-01D-0518-04	9	23071027	28251590	303	-0.5541
TCGA-16-1055-01B-01D-0518-04	9	28265489	128728203	5821	-0.0038
TCGA-16-1055-01B-01D-0518-04	9	128732915	129070378	38	-0.5533
TCGA-16-1055-01B-01D-0518-04	9	129081374	140241876	1376	-0.0311
