barcode	chromosome	start	stop	num.mark	seg.mean
TCGA-28-1753-01A-01D-0787-02	1	554268	8375584	1179	-0.1641
TCGA-28-1753-01A-01D-0787-02	1	8381111	8872654	127	0.0258
TCGA-28-1753-01A-01D-0787-02	1	8877774	16649577	1348	-0.1369
TCGA-28-1753-01A-01D-0787-02	1	16654798	17104345	21	0.3331
TCGA-28-1753-01A-01D-0787-02	1	17114337	72533856	10361	-0.0948
TCGA-28-1753-01A-01D-0787-02	1	72550248	72602597	3	1.9054
TCGA-28-1753-01A-01D-0787-02	1	72652073	109369942	4873	-0.0608
TCGA-28-1753-01A-01D-0787-02	1	109373255	109532980	22	-0.4039
TCGA-28-1753-01A-01D-0787-02	1	109534591	120333077	1763	-0.0674
TCGA-28-1753-01A-01D-0787-02	1	120361983	120808459	9	0.5229
TCGA-28-1753-01A-01D-0787-02	1	120826826	142719230	29	-0.076
TCGA-28-1753-01A-01D-0787-02	1	142721264	144003055	70	0.2864
TCGA-28-1753-01A-01D-0787-02	1	144099712	243082395	16319	-0.0757
TCGA-28-1753-01A-01D-0787-02	1	243085216	243090242	4	0.7335
TCGA-28-1753-01A-01D-0787-02	1	243092211	247186514	761	-0.1085
TCGA-28-1753-01A-01D-0787-02	10	126361	38596435	6009	-0.605
TCGA-28-1753-01A-01D-0787-02	10	38620776	42175348	15	0.0477
TCGA-28-1753-01A-01D-0787-02	10	42184626	127563278	12997	-0.5961
TCGA-28-1753-01A-01D-0787-02	10	127575540	127603523	6	0.298
TCGA-28-1753-01A-01D-0787-02	10	127607438	135286023	1141	-0.6561
TCGA-28-1753-01A-01D-0787-02	11	190215	55112329	7683	-0.0759
TCGA-28-1753-01A-01D-0787-02	11	55118214	55197848	15	-0.787
TCGA-28-1753-01A-01D-0787-02	11	55200744	63576312	1487	-0.0946
TCGA-28-1753-01A-01D-0787-02	11	63578727	63616280	10	-0.6508
TCGA-28-1753-01A-01D-0787-02	11	63622652	134432265	11420	-0.0858
TCGA-28-1753-01A-01D-0787-02	12	59839	1320387	297	-0.1055
TCGA-28-1753-01A-01D-0787-02	12	1321956	1332145	5	-0.9193
TCGA-28-1753-01A-01D-0787-02	12	1336019	9528590	1509	-0.1096
TCGA-28-1753-01A-01D-0787-02	12	9531133	9599999	9	0.6263
TCGA-28-1753-01A-01D-0787-02	12	9610054	132289090	18497	-0.0796
TCGA-28-1753-01A-01D-0787-02	13	18065953	114114513	11813	-0.0671
TCGA-28-1753-01A-01D-0787-02	14	18149473	21426967	424	-0.0514
TCGA-28-1753-01A-01D-0787-02	14	21428282	22005835	151	0.1713
TCGA-28-1753-01A-01D-0787-02	14	22007978	25956820	563	-0.0928
TCGA-28-1753-01A-01D-0787-02	14	25966458	26994212	89	0.1204
TCGA-28-1753-01A-01D-0787-02	14	27017918	105602756	11761	-0.0863
TCGA-28-1753-01A-01D-0787-02	14	105609466	105923686	35	0.1677
TCGA-28-1753-01A-01D-0787-02	14	105945006	106349756	51	-0.2804
TCGA-28-1753-01A-01D-0787-02	15	18362555	20249886	88	0.5785
TCGA-28-1753-01A-01D-0787-02	15	20307869	20646176	64	-1.0791
TCGA-28-1753-01A-01D-0787-02	15	20647620	20735821	9	-0.5115
TCGA-28-1753-01A-01D-0787-02	15	20768896	32511475	1528	-0.0936
TCGA-28-1753-01A-01D-0787-02	15	32514939	32578483	11	-0.8106
TCGA-28-1753-01A-01D-0787-02	15	32590643	100282819	10910	-0.0823
TCGA-28-1753-01A-01D-0787-02	16	36766	21501073	3264	-0.1202
TCGA-28-1753-01A-01D-0787-02	16	21507188	26672988	727	-0.6323
TCGA-28-1753-01A-01D-0787-02	16	26717927	31862577	721	-0.1704
TCGA-28-1753-01A-01D-0787-02	16	31974468	33758082	35	0.339
TCGA-28-1753-01A-01D-0787-02	16	33875313	68734100	3319	-0.1228
TCGA-28-1753-01A-01D-0787-02	16	68741822	68751390	4	-0.9338
TCGA-28-1753-01A-01D-0787-02	16	68838368	69417987	136	-0.1627
TCGA-28-1753-01A-01D-0787-02	16	69423957	69761372	71	0.2292
TCGA-28-1753-01A-01D-0787-02	16	69763173	75093957	794	-0.1138
TCGA-28-1753-01A-01D-0787-02	16	75097331	75100865	3	1.8218
TCGA-28-1753-01A-01D-0787-02	16	75102639	76925748	275	-0.1307
TCGA-28-1753-01A-01D-0787-02	16	76931247	76938723	6	-2.1425
TCGA-28-1753-01A-01D-0787-02	16	76944661	88675835	1995	-0.1624
TCGA-28-1753-01A-01D-0787-02	17	29169	41515622	7543	-0.1106
TCGA-28-1753-01A-01D-0787-02	17	41521544	41708551	43	-0.6648
TCGA-28-1753-01A-01D-0787-02	17	41983407	59917358	3160	-0.0857
TCGA-28-1753-01A-01D-0787-02	17	59926580	59929841	3	1.6193
TCGA-28-1753-01A-01D-0787-02	17	59931435	78636731	3186	-0.1145
TCGA-28-1753-01A-01D-0787-02	18	4316	14079350	2192	-0.0899
TCGA-28-1753-01A-01D-0787-02	18	14092472	14567616	21	0.2588
TCGA-28-1753-01A-01D-0787-02	18	14584357	22684552	881	-0.0851
TCGA-28-1753-01A-01D-0787-02	18	22686949	22690074	3	0.9162
TCGA-28-1753-01A-01D-0787-02	18	22692498	27705621	462	-0.0473
TCGA-28-1753-01A-01D-0787-02	18	27707758	32229947	826	-0.5833
TCGA-28-1753-01A-01D-0787-02	18	32237512	76110964	5749	-0.083
TCGA-28-1753-01A-01D-0787-02	19	210395	3929461	641	0.1354
TCGA-28-1753-01A-01D-0787-02	19	3931625	3933515	3	1.8314
TCGA-28-1753-01A-01D-0787-02	19	3935557	6763258	575	0.1765
TCGA-28-1753-01A-01D-0787-02	19	6766514	7108920	89	-0.1423
TCGA-28-1753-01A-01D-0787-02	19	7110938	13126369	1163	0.2037
TCGA-28-1753-01A-01D-0787-02	19	13131548	14663282	283	-0.1637
TCGA-28-1753-01A-01D-0787-02	19	14670956	35416838	1799	0.2053
TCGA-28-1753-01A-01D-0787-02	19	35435994	47516513	2158	-0.1551
TCGA-28-1753-01A-01D-0787-02	19	47517697	47633294	28	0.2094
TCGA-28-1753-01A-01D-0787-02	19	47638043	47850401	25	-0.1022
TCGA-28-1753-01A-01D-0787-02	19	47851573	48449548	22	0.3015
TCGA-28-1753-01A-01D-0787-02	19	48500241	56220869	1540	-0.1615
TCGA-28-1753-01A-01D-0787-02	19	56222152	56822197	115	0.2575
TCGA-28-1753-01A-01D-0787-02	19	56825794	56840346	5	-0.9766
TCGA-28-1753-01A-01D-0787-02	19	56850433	63787171	1404	0.2138
TCGA-28-1753-01A-01D-0787-02	2	20341	90982930	12544	-0.08
TCGA-28-1753-01A-01D-0787-02	2	91057122	94892170	17	0.521
TCGA-28-1753-01A-01D-0787-02	2	94892766	132023737	4185	-0.0913
TCGA-28-1753-01A-01D-0787-02	2	132041520	132823716	33	0.2669
TCGA-28-1753-01A-01D-0787-02	2	132830527	242717016	17049	-0.067
TCGA-28-1753-01A-01D-0787-02	20	18580	1506379	260	-0.1154
TCGA-28-1753-01A-01D-0787-02	20	1515948	1531162	7	-1.5546
TCGA-28-1753-01A-01D-0787-02	20	1544485	25116611	3711	-0.0896
TCGA-28-1753-01A-01D-0787-02	20	25125140	25135257	3	-0.954
TCGA-28-1753-01A-01D-0787-02	20	25137279	25668652	122	-0.138
TCGA-28-1753-01A-01D-0787-02	20	25669996	29404608	49	0.1772
TCGA-28-1753-01A-01D-0787-02	20	29411976	48167886	3452	-0.1156
TCGA-28-1753-01A-01D-0787-02	20	48172291	48215177	13	0.3095
TCGA-28-1753-01A-01D-0787-02	20	48228815	62379059	2001	-0.1366
TCGA-28-1753-01A-01D-0787-02	21	9896630	14258259	44	0.2639
TCGA-28-1753-01A-01D-0787-02	21	14294323	46914686	4831	-0.1012
TCGA-28-1753-01A-01D-0787-02	22	14866086	22642519	1201	-0.1226
TCGA-28-1753-01A-01D-0787-02	22	22677959	22720195	13	0.7232
TCGA-28-1753-01A-01D-0787-02	22	22736990	49565816	4916	-0.1321
TCGA-28-1753-01A-01D-0787-02	3	39066	25624190	4049	-0.081
TCGA-28-1753-01A-01D-0787-02	3	25625772	25649223	5	0.8823
TCGA-28-1753-01A-01D-0787-02	3	25653598	192546280	24841	-0.0661
TCGA-28-1753-01A-01D-0787-02	3	192548135	192552734	4	-1.2636
TCGA-28-1753-01A-01D-0787-02	3	192554451	199379566	1148	-0.0632
TCGA-28-1753-01A-01D-0787-02	4	41413	68905670	7751	-0.0771
TCGA-28-1753-01A-01D-0787-02	4	69057735	69165814	14	0.7757
TCGA-28-1753-01A-01D-0787-02	4	69643272	191133609	16495	-0.0618
TCGA-28-1753-01A-01D-0787-02	5	75149	180644810	23446	-0.0725
TCGA-28-1753-01A-01D-0787-02	6	97634	32593151	5161	-0.0889
TCGA-28-1753-01A-01D-0787-02	6	32595402	32629848	4	1.2374
TCGA-28-1753-01A-01D-0787-02	6	32631315	57468298	4362	-0.0787
TCGA-28-1753-01A-01D-0787-02	6	57477427	57704050	55	0.2435
TCGA-28-1753-01A-01D-0787-02	6	57724750	102034306	4637	-0.0498
TCGA-28-1753-01A-01D-0787-02	6	102041299	102044331	3	-0.9023
TCGA-28-1753-01A-01D-0787-02	6	102046884	144619955	6233	-0.0602
TCGA-28-1753-01A-01D-0787-02	6	144640749	145093113	121	-0.6769
TCGA-28-1753-01A-01D-0787-02	6	145097220	159621309	2341	-0.0881
TCGA-28-1753-01A-01D-0787-02	6	159638389	170762955	1847	-0.6161
TCGA-28-1753-01A-01D-0787-02	7	140213	51105981	7982	0.3192
TCGA-28-1753-01A-01D-0787-02	7	51111928	52651890	107	-0.0792
TCGA-28-1753-01A-01D-0787-02	7	52668459	52705763	4	4.5838
TCGA-28-1753-01A-01D-0787-02	7	52761045	54544164	94	-0.0688
TCGA-28-1753-01A-01D-0787-02	7	54566257	54725577	15	4.5065
TCGA-28-1753-01A-01D-0787-02	7	54752166	55077476	30	5.008
TCGA-28-1753-01A-01D-0787-02	7	55085026	55141866	21	4.3394
TCGA-28-1753-01A-01D-0787-02	7	55150428	55188846	12	2.7426
TCGA-28-1753-01A-01D-0787-02	7	55191696	55436328	43	4.5869
TCGA-28-1753-01A-01D-0787-02	7	55441925	148125939	13889	0.3128
TCGA-28-1753-01A-01D-0787-02	7	148127080	148368235	45	0.5668
TCGA-28-1753-01A-01D-0787-02	7	148376406	151462970	538	0.2477
TCGA-28-1753-01A-01D-0787-02	7	151465378	151756837	74	0.4803
TCGA-28-1753-01A-01D-0787-02	7	151762195	158811268	1222	0.2741
TCGA-28-1753-01A-01D-0787-02	8	166814	17959630	2700	-0.0893
TCGA-28-1753-01A-01D-0787-02	8	17961351	17971592	3	0.8508
TCGA-28-1753-01A-01D-0787-02	8	17977271	146264846	16363	-0.077
TCGA-28-1753-01A-01D-0787-02	9	153131	9851130	1516	-0.0345
TCGA-28-1753-01A-01D-0787-02	9	9862073	21947735	1603	-0.5226
TCGA-28-1753-01A-01D-0787-02	9	21957548	22115405	21	-1.4086
TCGA-28-1753-01A-01D-0787-02	9	22136626	33412574	1038	-0.5303
TCGA-28-1753-01A-01D-0787-02	9	33424021	40764105	998	-0.0715
TCGA-28-1753-01A-01D-0787-02	9	41543069	69214232	25	0.4721
TCGA-28-1753-01A-01D-0787-02	9	70174301	138156575	10283	-0.0626
TCGA-28-1753-01A-01D-0787-02	9	138158598	138214321	11	-0.5885
TCGA-28-1753-01A-01D-0787-02	9	138221378	139021490	112	-0.1536
TCGA-28-1753-01A-01D-0787-02	9	139062354	139100045	8	-0.8754
TCGA-28-1753-01A-01D-0787-02	9	139106230	140241876	190	-0.1515
TCGA-28-1753-01A-01D-0787-02	X	2719027	154582414	11330	-0.1275
TCGA-28-1753-01A-01D-0787-02	Y	2710450	10511255	524	-0.2071
TCGA-28-1753-01A-01D-0787-02	Y	10578072	11673476	12	0.6535
TCGA-28-1753-01A-01D-0787-02	Y	12452734	27193424	815	-0.2002
TCGA-28-1753-01A-01D-0787-02	Y	57377728	57440809	5	0.6066
