barcode	chromosome	start	stop	num.mark	seg.mean
TCGA-27-2523-10A-01D-0787-02	1	554268	16659021	2656	-0.0929
TCGA-27-2523-10A-01D-0787-02	1	16666760	17130528	21	0.4753
TCGA-27-2523-10A-01D-0787-02	1	17148592	72523186	10358	-0.0658
TCGA-27-2523-10A-01D-0787-02	1	72533856	72568009	3	1.215
TCGA-27-2523-10A-01D-0787-02	1	72602597	108533257	4718	-0.0385
TCGA-27-2523-10A-01D-0787-02	1	108535814	108538662	3	-2.7393
TCGA-27-2523-10A-01D-0787-02	1	108541074	120333077	1935	-0.0645
TCGA-27-2523-10A-01D-0787-02	1	120361983	120808459	9	0.703
TCGA-27-2523-10A-01D-0787-02	1	120826826	121052394	28	0.052
TCGA-27-2523-10A-01D-0787-02	1	142719230	143697723	18	0.3809
TCGA-27-2523-10A-01D-0787-02	1	143700072	144003055	53	0.661
TCGA-27-2523-10A-01D-0787-02	1	144099712	195005520	7987	-0.0554
TCGA-27-2523-10A-01D-0787-02	1	195011344	195067764	11	-0.8303
TCGA-27-2523-10A-01D-0787-02	1	195091758	247186514	9087	-0.0575
TCGA-27-2523-10A-01D-0787-02	10	126361	38659036	6012	-0.0548
TCGA-27-2523-10A-01D-0787-02	10	38659048	42150759	10	0.4507
TCGA-27-2523-10A-01D-0787-02	10	42175348	45480572	368	-0.0775
TCGA-27-2523-10A-01D-0787-02	10	45487335	46568496	38	0.3495
TCGA-27-2523-10A-01D-0787-02	10	47010385	127563278	12594	-0.0605
TCGA-27-2523-10A-01D-0787-02	10	127575540	127584068	3	0.8006
TCGA-27-2523-10A-01D-0787-02	10	127591536	135286023	1145	-0.1293
TCGA-27-2523-10A-01D-0787-02	11	190215	5738494	866	-0.0906
TCGA-27-2523-10A-01D-0787-02	11	5742476	5762182	4	-0.832
TCGA-27-2523-10A-01D-0787-02	11	5766615	55118214	6811	-0.0572
TCGA-27-2523-10A-01D-0787-02	11	55124730	55197848	14	-0.8496
TCGA-27-2523-10A-01D-0787-02	11	55200744	88207267	5746	-0.0648
TCGA-27-2523-10A-01D-0787-02	11	88231091	88820704	103	0.135
TCGA-27-2523-10A-01D-0787-02	11	88821873	134432265	7070	-0.0708
TCGA-27-2523-10A-01D-0787-02	12	59839	9523923	1810	-0.0774
TCGA-27-2523-10A-01D-0787-02	12	9528590	9550789	3	-3.7634
TCGA-27-2523-10A-01D-0787-02	12	9555181	9610054	6	-1.2579
TCGA-27-2523-10A-01D-0787-02	12	9626736	132289090	18490	-0.0519
TCGA-27-2523-10A-01D-0787-02	13	18065953	114114513	11807	-0.0499
TCGA-27-2523-10A-01D-0787-02	14	18149473	21354507	402	-0.0404
TCGA-27-2523-10A-01D-0787-02	14	21359731	21538431	50	-0.3059
TCGA-27-2523-10A-01D-0787-02	14	21545394	21781944	65	-0.6934
TCGA-27-2523-10A-01D-0787-02	14	21783019	22022060	65	-1.0651
TCGA-27-2523-10A-01D-0787-02	14	22025617	22042671	9	-0.649
TCGA-27-2523-10A-01D-0787-02	14	22044438	106349756	12482	-0.0633
TCGA-27-2523-10A-01D-0787-02	15	18362555	19435500	57	0.369
TCGA-27-2523-10A-01D-0787-02	15	19465359	26198996	791	-0.0688
TCGA-27-2523-10A-01D-0787-02	15	26232938	26829499	4	0.6466
TCGA-27-2523-10A-01D-0787-02	15	26850860	100282819	11755	-0.0592
TCGA-27-2523-10A-01D-0787-02	16	36766	31974468	4713	-0.0763
TCGA-27-2523-10A-01D-0787-02	16	32105104	33875313	35	0.4306
TCGA-27-2523-10A-01D-0787-02	16	34059589	54336421	1323	-0.0628
TCGA-27-2523-10A-01D-0787-02	16	54343465	54379834	7	-0.8
TCGA-27-2523-10A-01D-0787-02	16	54399890	54410800	5	0.7271
TCGA-27-2523-10A-01D-0787-02	16	54437553	68679377	1979	-0.0649
TCGA-27-2523-10A-01D-0787-02	16	68710277	68751390	7	0.504
TCGA-27-2523-10A-01D-0787-02	16	68838368	69397102	134	-0.1122
TCGA-27-2523-10A-01D-0787-02	16	69409493	69758635	72	0.3518
TCGA-27-2523-10A-01D-0787-02	16	69761372	75092501	794	-0.0557
TCGA-27-2523-10A-01D-0787-02	16	75093957	75099083	3	-1.3587
TCGA-27-2523-10A-01D-0787-02	16	75102639	76925748	275	-0.0509
TCGA-27-2523-10A-01D-0787-02	16	76929598	76938723	7	0.8128
TCGA-27-2523-10A-01D-0787-02	16	76944661	88675835	1995	-0.1012
TCGA-27-2523-10A-01D-0787-02	17	29169	41515622	7542	-0.0662
TCGA-27-2523-10A-01D-0787-02	17	41521544	41983407	44	1.1334
TCGA-27-2523-10A-01D-0787-02	17	42049540	74872990	5644	-0.0612
TCGA-27-2523-10A-01D-0787-02	17	74884216	74904114	5	0.6383
TCGA-27-2523-10A-01D-0787-02	17	74912549	78636731	700	-0.1174
TCGA-27-2523-10A-01D-0787-02	18	4316	14092472	2193	-0.0577
TCGA-27-2523-10A-01D-0787-02	18	14096231	16903583	71	0.1639
TCGA-27-2523-10A-01D-0787-02	18	16904187	76110964	7870	-0.0568
TCGA-27-2523-10A-01D-0787-02	19	210395	40530071	5271	-0.0913
TCGA-27-2523-10A-01D-0787-02	19	40539029	40548081	3	-3.7448
TCGA-27-2523-10A-01D-0787-02	19	40556205	47895271	1495	-0.071
TCGA-27-2523-10A-01D-0787-02	19	47952689	48433091	13	0.4732
TCGA-27-2523-10A-01D-0787-02	19	48449548	56822197	1656	-0.0725
TCGA-27-2523-10A-01D-0787-02	19	56825794	56840346	5	-1.1472
TCGA-27-2523-10A-01D-0787-02	19	56850433	63787171	1404	-0.0907
TCGA-27-2523-10A-01D-0787-02	2	20341	37789939	5115	-0.0745
TCGA-27-2523-10A-01D-0787-02	2	37818455	37854350	15	0.3547
TCGA-27-2523-10A-01D-0787-02	2	37858379	89895566	7411	-0.0547
TCGA-27-2523-10A-01D-0787-02	2	90982930	94882087	17	0.7252
TCGA-27-2523-10A-01D-0787-02	2	94892170	132093699	4189	-0.0643
TCGA-27-2523-10A-01D-0787-02	2	132117324	132830527	29	0.3103
TCGA-27-2523-10A-01D-0787-02	2	132844051	142284407	1703	-0.0498
TCGA-27-2523-10A-01D-0787-02	2	142286629	142290004	3	-1.0797
TCGA-27-2523-10A-01D-0787-02	2	142292490	180117780	5911	-0.0441
TCGA-27-2523-10A-01D-0787-02	2	180123630	180127415	3	-1.2208
TCGA-27-2523-10A-01D-0787-02	2	180131608	242501239	9397	-0.0576
TCGA-27-2523-10A-01D-0787-02	2	242505261	242686945	30	-1.0963
TCGA-27-2523-10A-01D-0787-02	2	242689978	242717016	3	0.2983
TCGA-27-2523-10A-01D-0787-02	20	18580	312490	60	-0.0622
TCGA-27-2523-10A-01D-0787-02	20	314877	339414	8	-0.9648
TCGA-27-2523-10A-01D-0787-02	20	339417	1506379	190	-0.0829
TCGA-27-2523-10A-01D-0787-02	20	1511632	1525300	7	1.2638
TCGA-27-2523-10A-01D-0787-02	20	1528899	25671534	3843	-0.0723
TCGA-27-2523-10A-01D-0787-02	20	25673560	26130512	25	0.1448
TCGA-27-2523-10A-01D-0787-02	20	26156026	28266113	9	0.58
TCGA-27-2523-10A-01D-0787-02	20	29297270	29418982	14	0.1747
TCGA-27-2523-10A-01D-0787-02	20	29420714	62379059	5464	-0.0935
TCGA-27-2523-10A-01D-0787-02	21	9896630	10167413	22	0.5791
TCGA-27-2523-10A-01D-0787-02	21	13334960	46914686	4852	-0.0771
TCGA-27-2523-10A-01D-0787-02	22	14866086	22642519	1200	-0.0991
TCGA-27-2523-10A-01D-0787-02	22	22677959	22720195	13	0.757
TCGA-27-2523-10A-01D-0787-02	22	22736990	49565816	4914	-0.0862
TCGA-27-2523-10A-01D-0787-02	3	39066	586636	98	-0.0699
TCGA-27-2523-10A-01D-0787-02	3	592415	635754	9	0.6504
TCGA-27-2523-10A-01D-0787-02	3	641257	75554518	12622	-0.0616
TCGA-27-2523-10A-01D-0787-02	3	75653844	75945890	15	0.6755
TCGA-27-2523-10A-01D-0787-02	3	75957900	116137442	4183	-0.0337
TCGA-27-2523-10A-01D-0787-02	3	116140997	116146946	4	-1.3934
TCGA-27-2523-10A-01D-0787-02	3	116155373	196822133	12669	-0.0462
TCGA-27-2523-10A-01D-0787-02	3	196904349	196958467	13	0.7016
TCGA-27-2523-10A-01D-0787-02	3	196961238	199379566	434	-0.0495
TCGA-27-2523-10A-01D-0787-02	4	41413	8717892	1614	-0.1017
TCGA-27-2523-10A-01D-0787-02	4	8759845	9410429	13	0.3737
TCGA-27-2523-10A-01D-0787-02	4	9416436	68905670	6124	-0.0399
TCGA-27-2523-10A-01D-0787-02	4	69057735	69165814	14	0.7196
TCGA-27-2523-10A-01D-0787-02	4	69643272	70150576	60	0.0048
TCGA-27-2523-10A-01D-0787-02	4	70159690	70327740	14	0.4261
TCGA-27-2523-10A-01D-0787-02	4	70338878	190607767	16373	-0.0356
TCGA-27-2523-10A-01D-0787-02	4	190618203	190924564	24	0.2521
TCGA-27-2523-10A-01D-0787-02	4	190940021	191027816	11	-0.169
TCGA-27-2523-10A-01D-0787-02	4	191053785	191133609	9	0.4824
TCGA-27-2523-10A-01D-0787-02	5	75149	725954	105	-0.1214
TCGA-27-2523-10A-01D-0787-02	5	763494	859176	9	0.5605
TCGA-27-2523-10A-01D-0787-02	5	870657	59519685	6773	-0.0555
TCGA-27-2523-10A-01D-0787-02	5	59525396	59531344	3	-1.1744
TCGA-27-2523-10A-01D-0787-02	5	59535295	68862665	1274	-0.0573
TCGA-27-2523-10A-01D-0787-02	5	68864742	70622715	11	0.4549
TCGA-27-2523-10A-01D-0787-02	5	70693444	140193383	9360	-0.049
TCGA-27-2523-10A-01D-0787-02	5	140196482	140216524	5	-0.7526
TCGA-27-2523-10A-01D-0787-02	5	140221835	180644810	5905	-0.0637
TCGA-27-2523-10A-01D-0787-02	6	97634	32519935	5158	-0.0619
TCGA-27-2523-10A-01D-0787-02	6	32567382	32629848	6	-1.3841
TCGA-27-2523-10A-01D-0787-02	6	32631315	57397674	4347	-0.0561
TCGA-27-2523-10A-01D-0787-02	6	57405486	57464041	14	0.2443
TCGA-27-2523-10A-01D-0787-02	6	57466683	57683389	56	0.5012
TCGA-27-2523-10A-01D-0787-02	6	57704050	58788688	33	0.185
TCGA-27-2523-10A-01D-0787-02	6	62040890	170762955	15152	-0.0477
TCGA-27-2523-10A-01D-0787-02	7	140213	38259147	5995	-0.0609
TCGA-27-2523-10A-01D-0787-02	7	38262701	38347160	26	-0.8939
TCGA-27-2523-10A-01D-0787-02	7	38349033	141825504	15071	-0.0462
TCGA-27-2523-10A-01D-0787-02	7	141834874	142212348	44	-0.4663
TCGA-27-2523-10A-01D-0787-02	7	142217406	143501811	183	-0.051
TCGA-27-2523-10A-01D-0787-02	7	143582864	143584350	3	-0.9004
TCGA-27-2523-10A-01D-0787-02	7	143705425	151701438	1517	-0.0531
TCGA-27-2523-10A-01D-0787-02	7	151709873	151743145	12	0.4777
TCGA-27-2523-10A-01D-0787-02	7	151747905	158811268	1222	-0.0989
TCGA-27-2523-10A-01D-0787-02	8	166814	6579891	1153	-0.081
TCGA-27-2523-10A-01D-0787-02	8	6582291	6878043	53	-0.2606
TCGA-27-2523-10A-01D-0787-02	8	6881539	9531510	213	-0.0493
TCGA-27-2523-10A-01D-0787-02	8	9533226	9536893	4	-0.8537
TCGA-27-2523-10A-01D-0787-02	8	9542225	146264846	17642	-0.0524
TCGA-27-2523-10A-01D-0787-02	9	153131	38805416	5165	-0.0517
TCGA-27-2523-10A-01D-0787-02	9	39049899	68443612	32	0.4296
TCGA-27-2523-10A-01D-0787-02	9	68483889	140241876	10603	-0.065
TCGA-27-2523-10A-01D-0787-02	X	2719027	154582414	11309	-0.2087
TCGA-27-2523-10A-01D-0787-02	Y	2710450	10511255	515	-0.2376
TCGA-27-2523-10A-01D-0787-02	Y	10578072	10645500	10	0.5087
TCGA-27-2523-10A-01D-0787-02	Y	10646662	26957814	798	-0.2425
TCGA-27-2523-10A-01D-0787-02	Y	26965331	57440809	20	0.2676
