barcode	chromosome	start	stop	num.mark	seg.mean
TCGA-06-2566-01A-01D-0787-02	1	554268	2557633	261	-0.0921
TCGA-06-2566-01A-01D-0787-02	1	2694555	4433548	256	-0.2564
TCGA-06-2566-01A-01D-0787-02	1	4455248	7227996	416	-0.4379
TCGA-06-2566-01A-01D-0787-02	1	7228250	16659021	1721	-0.1191
TCGA-06-2566-01A-01D-0787-02	1	16666760	17104345	19	0.5486
TCGA-06-2566-01A-01D-0787-02	1	17114337	25457903	1506	-0.097
TCGA-06-2566-01A-01D-0787-02	1	25482036	25529549	4	-1.1246
TCGA-06-2566-01A-01D-0787-02	1	25538212	120333077	15511	-0.0805
TCGA-06-2566-01A-01D-0787-02	1	120361983	120808459	9	0.8158
TCGA-06-2566-01A-01D-0787-02	1	120826826	142719230	29	-0.0091
TCGA-06-2566-01A-01D-0787-02	1	142721264	144003055	70	0.558
TCGA-06-2566-01A-01D-0787-02	1	144099712	145851085	238	-0.0688
TCGA-06-2566-01A-01D-0787-02	1	145860827	148088434	35	0.2188
TCGA-06-2566-01A-01D-0787-02	1	148115321	167483267	3591	-0.0834
TCGA-06-2566-01A-01D-0787-02	1	167493768	167507882	5	-2.8933
TCGA-06-2566-01A-01D-0787-02	1	167523140	194978218	4114	-0.0678
TCGA-06-2566-01A-01D-0787-02	1	195005520	195067764	9	-2.6285
TCGA-06-2566-01A-01D-0787-02	1	195091758	246755225	9036	-0.0795
TCGA-06-2566-01A-01D-0787-02	1	246794522	246862029	11	-1.0806
TCGA-06-2566-01A-01D-0787-02	1	246874992	247186514	40	-0.1139
TCGA-06-2566-01A-01D-0787-02	10	126361	38659048	6012	-0.4119
TCGA-06-2566-01A-01D-0787-02	10	38669536	42150759	9	0.4783
TCGA-06-2566-01A-01D-0787-02	10	42175348	45480572	367	-0.3814
TCGA-06-2566-01A-01D-0787-02	10	45487335	47735472	58	-0.1415
TCGA-06-2566-01A-01D-0787-02	10	47954413	51224353	332	-0.5624
TCGA-06-2566-01A-01D-0787-02	10	51225556	51496173	18	-0.0821
TCGA-06-2566-01A-01D-0787-02	10	51672831	127563278	12220	-0.6067
TCGA-06-2566-01A-01D-0787-02	10	127575540	127603523	6	0.5859
TCGA-06-2566-01A-01D-0787-02	10	127607438	135286023	1142	-0.7084
TCGA-06-2566-01A-01D-0787-02	11	190215	35226491	5767	-0.1045
TCGA-06-2566-01A-01D-0787-02	11	35233516	35243723	6	0.434
TCGA-06-2566-01A-01D-0787-02	11	35245613	55118214	1910	-0.092
TCGA-06-2566-01A-01D-0787-02	11	55124730	55197848	14	-0.8906
TCGA-06-2566-01A-01D-0787-02	11	55200744	88207267	5744	-0.1102
TCGA-06-2566-01A-01D-0787-02	11	88231091	88794713	95	0.0975
TCGA-06-2566-01A-01D-0787-02	11	88796337	133840712	7036	-0.1057
TCGA-06-2566-01A-01D-0787-02	11	133859024	134216823	29	0.4914
TCGA-06-2566-01A-01D-0787-02	11	134233630	134432265	13	-0.1368
TCGA-06-2566-01A-01D-0787-02	12	59839	132289090	20314	-0.0463
TCGA-06-2566-01A-01D-0787-02	13	18065953	18354969	5	0.1457
TCGA-06-2566-01A-01D-0787-02	13	18361637	27271263	1361	-0.6859
TCGA-06-2566-01A-01D-0787-02	13	27277980	27327959	7	-1.6787
TCGA-06-2566-01A-01D-0787-02	13	27343854	31704141	652	-0.6898
TCGA-06-2566-01A-01D-0787-02	13	31711946	35299859	519	-0.0077
TCGA-06-2566-01A-01D-0787-02	13	35300979	35563834	86	-0.6974
TCGA-06-2566-01A-01D-0787-02	13	35565248	35634507	18	0.053
TCGA-06-2566-01A-01D-0787-02	13	35640795	35700616	17	-0.6697
TCGA-06-2566-01A-01D-0787-02	13	35713073	37041352	168	0.0334
TCGA-06-2566-01A-01D-0787-02	13	37046712	37059985	3	1.1588
TCGA-06-2566-01A-01D-0787-02	13	37062024	38101497	122	0.0758
TCGA-06-2566-01A-01D-0787-02	13	38122646	47937120	1506	-0.6829
TCGA-06-2566-01A-01D-0787-02	13	47937605	60525670	1315	-0.0135
TCGA-06-2566-01A-01D-0787-02	13	60546468	69055547	574	-0.5882
TCGA-06-2566-01A-01D-0787-02	13	69081835	107677944	4488	0.0521
TCGA-06-2566-01A-01D-0787-02	13	107680319	107959571	26	-0.5965
TCGA-06-2566-01A-01D-0787-02	13	107976361	108260769	59	-0.0811
TCGA-06-2566-01A-01D-0787-02	13	108268185	114114513	882	-0.7336
TCGA-06-2566-01A-01D-0787-02	14	18149473	19273289	10	0.6848
TCGA-06-2566-01A-01D-0787-02	14	19284254	21428282	415	-0.0617
TCGA-06-2566-01A-01D-0787-02	14	21430511	22022060	157	0.1303
TCGA-06-2566-01A-01D-0787-02	14	22025617	106349756	12490	-0.0942
TCGA-06-2566-01A-01D-0787-02	15	18362555	20249886	88	0.6556
TCGA-06-2566-01A-01D-0787-02	15	20307869	78618564	9476	-0.0253
TCGA-06-2566-01A-01D-0787-02	15	78621128	78682604	25	-1.0201
TCGA-06-2566-01A-01D-0787-02	15	78689459	100282819	3021	-0.0394
TCGA-06-2566-01A-01D-0787-02	16	36766	14678535	2369	-0.0853
TCGA-06-2566-01A-01D-0787-02	16	14683004	15384321	29	0.2369
TCGA-06-2566-01A-01D-0787-02	16	15399818	18760527	364	-0.043
TCGA-06-2566-01A-01D-0787-02	16	18766672	18816699	5	0.6477
TCGA-06-2566-01A-01D-0787-02	16	18835437	32553402	1957	-0.0791
TCGA-06-2566-01A-01D-0787-02	16	32561819	33320529	11	0.5058
TCGA-06-2566-01A-01D-0787-02	16	33373002	54336421	1338	-0.0667
TCGA-06-2566-01A-01D-0787-02	16	54343465	54379834	7	-0.7271
TCGA-06-2566-01A-01D-0787-02	16	54399890	54410800	5	0.7157
TCGA-06-2566-01A-01D-0787-02	16	54437553	69758635	2191	-0.0759
TCGA-06-2566-01A-01D-0787-02	16	69761372	75093957	795	-0.724
TCGA-06-2566-01A-01D-0787-02	16	75097331	75100865	3	0.884
TCGA-06-2566-01A-01D-0787-02	16	75102639	76925748	275	-0.7241
TCGA-06-2566-01A-01D-0787-02	16	76929598	76938723	7	0.6652
TCGA-06-2566-01A-01D-0787-02	16	76944661	80818331	670	-0.7445
TCGA-06-2566-01A-01D-0787-02	16	80841953	81827602	201	-0.0851
TCGA-06-2566-01A-01D-0787-02	16	81835001	84447962	503	-0.7268
TCGA-06-2566-01A-01D-0787-02	16	84465035	88675835	621	-0.1106
TCGA-06-2566-01A-01D-0787-02	17	29169	21035304	3893	-0.0325
TCGA-06-2566-01A-01D-0787-02	17	21042201	22418006	80	0.1552
TCGA-06-2566-01A-01D-0787-02	17	22422673	26574306	852	-0.0287
TCGA-06-2566-01A-01D-0787-02	17	26577830	26584555	5	0.66
TCGA-06-2566-01A-01D-0787-02	17	26588739	41515622	2709	-0.0189
TCGA-06-2566-01A-01D-0787-02	17	41521544	41708551	43	-0.5454
TCGA-06-2566-01A-01D-0787-02	17	41983407	56471985	2500	-0.0204
TCGA-06-2566-01A-01D-0787-02	17	56473793	56480300	6	-1.0238
TCGA-06-2566-01A-01D-0787-02	17	56486075	59917358	654	0.0017
TCGA-06-2566-01A-01D-0787-02	17	59926580	59929841	3	1.0022
TCGA-06-2566-01A-01D-0787-02	17	59931435	78636731	3185	-0.0342
TCGA-06-2566-01A-01D-0787-02	18	4316	76110964	10132	-0.0835
TCGA-06-2566-01A-01D-0787-02	19	210395	3922543	639	-0.1302
TCGA-06-2566-01A-01D-0787-02	19	3927203	3933515	5	0.6992
TCGA-06-2566-01A-01D-0787-02	19	3935557	47895271	6123	-0.081
TCGA-06-2566-01A-01D-0787-02	19	47952689	48449548	14	0.57
TCGA-06-2566-01A-01D-0787-02	19	48500241	56822197	1655	-0.0783
TCGA-06-2566-01A-01D-0787-02	19	56825794	56840346	5	-1.0532
TCGA-06-2566-01A-01D-0787-02	19	56850433	59487170	536	-0.0861
TCGA-06-2566-01A-01D-0787-02	19	59492650	59502178	3	-1.0226
TCGA-06-2566-01A-01D-0787-02	19	59507350	63787171	865	-0.0921
TCGA-06-2566-01A-01D-0787-02	2	20341	37770889	5115	-0.0508
TCGA-06-2566-01A-01D-0787-02	2	37789939	37854350	16	0.387
TCGA-06-2566-01A-01D-0787-02	2	37858379	86902979	7180	-0.0332
TCGA-06-2566-01A-01D-0787-02	2	86907282	88087945	23	0.3738
TCGA-06-2566-01A-01D-0787-02	2	88096859	88983003	147	-0.0554
TCGA-06-2566-01A-01D-0787-02	2	88984458	89889099	61	0.1829
TCGA-06-2566-01A-01D-0787-02	2	89895566	94892170	19	0.7534
TCGA-06-2566-01A-01D-0787-02	2	94892766	132079307	4187	-0.0389
TCGA-06-2566-01A-01D-0787-02	2	132093699	132768316	21	0.5576
TCGA-06-2566-01A-01D-0787-02	2	132778589	242717016	17060	-0.0246
TCGA-06-2566-01A-01D-0787-02	20	18580	26130512	4134	-0.0676
TCGA-06-2566-01A-01D-0787-02	20	26156026	28266113	9	0.832
TCGA-06-2566-01A-01D-0787-02	20	29297270	62379059	5479	-0.0836
TCGA-06-2566-01A-01D-0787-02	21	9896630	10022306	10	0.0017
TCGA-06-2566-01A-01D-0787-02	21	10057408	10167413	12	0.9696
TCGA-06-2566-01A-01D-0787-02	21	13334960	14294338	24	0.2675
TCGA-06-2566-01A-01D-0787-02	21	14314039	46914686	4827	-0.0693
TCGA-06-2566-01A-01D-0787-02	22	14866086	49565816	6129	-0.1073
TCGA-06-2566-01A-01D-0787-02	3	39066	586636	98	-0.0665
TCGA-06-2566-01A-01D-0787-02	3	592415	635754	9	0.8573
TCGA-06-2566-01A-01D-0787-02	3	641257	75554518	12619	-0.0501
TCGA-06-2566-01A-01D-0787-02	3	75653844	75945890	15	0.8757
TCGA-06-2566-01A-01D-0787-02	3	75957900	199379566	17303	-0.0072
TCGA-06-2566-01A-01D-0787-02	4	41413	53781	5	0.7918
TCGA-06-2566-01A-01D-0787-02	4	62447	8658305	1604	-0.0978
TCGA-06-2566-01A-01D-0787-02	4	8665020	9410429	18	0.2995
TCGA-06-2566-01A-01D-0787-02	4	9416436	68905670	6124	-0.0379
TCGA-06-2566-01A-01D-0787-02	4	69057735	69165814	14	0.6191
TCGA-06-2566-01A-01D-0787-02	4	69643272	70028556	46	0.0388
TCGA-06-2566-01A-01D-0787-02	4	70034297	70327740	28	0.3118
TCGA-06-2566-01A-01D-0787-02	4	70338878	191027816	16407	-0.0333
TCGA-06-2566-01A-01D-0787-02	4	191053785	191133609	9	0.5562
TCGA-06-2566-01A-01D-0787-02	5	75149	180644810	23442	-0.0076
TCGA-06-2566-01A-01D-0787-02	6	97634	32595402	5161	-0.0789
TCGA-06-2566-01A-01D-0787-02	6	32600962	32629848	3	1.3292
TCGA-06-2566-01A-01D-0787-02	6	32631315	57362416	4337	-0.0663
TCGA-06-2566-01A-01D-0787-02	6	57365295	57464041	23	0.2047
TCGA-06-2566-01A-01D-0787-02	6	57466683	57683389	56	0.4617
TCGA-06-2566-01A-01D-0787-02	6	57704050	58381443	20	0.1581
TCGA-06-2566-01A-01D-0787-02	6	58401278	124478061	7676	-0.0521
TCGA-06-2566-01A-01D-0787-02	6	124478216	124509956	8	0.6628
TCGA-06-2566-01A-01D-0787-02	6	124513895	167690859	7085	-0.0748
TCGA-06-2566-01A-01D-0787-02	6	167695306	167699446	3	-1.0683
TCGA-06-2566-01A-01D-0787-02	6	167704743	170762955	394	-0.1244
TCGA-06-2566-01A-01D-0787-02	7	140213	141419692	21017	0.0021
TCGA-06-2566-01A-01D-0787-02	7	141422860	141442231	8	0.5231
TCGA-06-2566-01A-01D-0787-02	7	141443577	143501811	292	0.0105
TCGA-06-2566-01A-01D-0787-02	7	143582864	143584350	3	0.9062
TCGA-06-2566-01A-01D-0787-02	7	143705425	151531768	1483	-0.0075
TCGA-06-2566-01A-01D-0787-02	7	151533388	151623385	12	0.3985
TCGA-06-2566-01A-01D-0787-02	7	151624725	151701438	21	-0.0106
TCGA-06-2566-01A-01D-0787-02	7	151709873	151743145	12	0.8504
TCGA-06-2566-01A-01D-0787-02	7	151747905	158811268	1223	-0.0372
TCGA-06-2566-01A-01D-0787-02	8	166814	6929691	1213	-0.1263
TCGA-06-2566-01A-01D-0787-02	8	7226901	8117271	7	0.7378
TCGA-06-2566-01A-01D-0787-02	8	8137794	32741432	3657	-0.1074
TCGA-06-2566-01A-01D-0787-02	8	32751998	34348416	128	-0.7385
TCGA-06-2566-01A-01D-0787-02	8	34376949	146264846	14059	-0.1004
TCGA-06-2566-01A-01D-0787-02	9	153131	9933340	1522	-6e-04
TCGA-06-2566-01A-01D-0787-02	9	9953296	21431072	1527	-0.6321
TCGA-06-2566-01A-01D-0787-02	9	21431614	23425976	193	-2.0233
TCGA-06-2566-01A-01D-0787-02	9	23476450	38758232	1922	-0.7386
TCGA-06-2566-01A-01D-0787-02	9	38805416	40764105	12	0.0209
TCGA-06-2566-01A-01D-0787-02	9	41543069	69214232	25	0.6264
TCGA-06-2566-01A-01D-0787-02	9	70174301	74056000	715	0.0036
TCGA-06-2566-01A-01D-0787-02	9	74078017	74165312	11	-0.7242
TCGA-06-2566-01A-01D-0787-02	9	74165492	74326633	12	-0.1734
TCGA-06-2566-01A-01D-0787-02	9	74328569	75320759	137	-0.7307
TCGA-06-2566-01A-01D-0787-02	9	75362591	75764341	13	0.0338
TCGA-06-2566-01A-01D-0787-02	9	75805227	79037727	425	-0.7191
TCGA-06-2566-01A-01D-0787-02	9	79037749	80085638	239	0.0133
TCGA-06-2566-01A-01D-0787-02	9	80096587	80376445	25	-0.6815
TCGA-06-2566-01A-01D-0787-02	9	80409781	81383693	48	-0.0432
TCGA-06-2566-01A-01D-0787-02	9	81391465	85775587	422	-0.6529
TCGA-06-2566-01A-01D-0787-02	9	85779289	88013168	347	0.0484
TCGA-06-2566-01A-01D-0787-02	9	88026483	91585037	413	-0.7024
TCGA-06-2566-01A-01D-0787-02	9	91624139	92236652	36	0.0608
TCGA-06-2566-01A-01D-0787-02	9	92266646	92710483	90	-0.6468
TCGA-06-2566-01A-01D-0787-02	9	92726027	98448497	966	0.0261
TCGA-06-2566-01A-01D-0787-02	9	98450377	102527553	679	-0.6587
TCGA-06-2566-01A-01D-0787-02	9	102534447	127262568	3744	-0.0156
TCGA-06-2566-01A-01D-0787-02	9	127270140	127466039	54	-0.6634
TCGA-06-2566-01A-01D-0787-02	9	127471945	140241876	2226	-0.0543
TCGA-06-2566-01A-01D-0787-02	X	2719027	88192178	6340	0.6821
TCGA-06-2566-01A-01D-0787-02	X	88237985	92289605	107	0.4698
TCGA-06-2566-01A-01D-0787-02	X	92303812	154037006	4837	0.6964
TCGA-06-2566-01A-01D-0787-02	X	154050185	154078819	3	1.8794
TCGA-06-2566-01A-01D-0787-02	X	154086636	154582414	44	0.7251
TCGA-06-2566-01A-01D-0787-02	Y	2710450	3087348	39	-3.451
TCGA-06-2566-01A-01D-0787-02	Y	3223585	6652868	83	-0.9907
TCGA-06-2566-01A-01D-0787-02	Y	6696721	10480759	273	-2.9072
TCGA-06-2566-01A-01D-0787-02	Y	10578072	12486140	15	0.0906
TCGA-06-2566-01A-01D-0787-02	Y	12502304	13035511	41	-1.9352
TCGA-06-2566-01A-01D-0787-02	Y	13052633	13956735	67	-3.7423
TCGA-06-2566-01A-01D-0787-02	Y	13959968	21972404	397	-2.9667
TCGA-06-2566-01A-01D-0787-02	Y	21989380	22860108	28	-4.1647
TCGA-06-2566-01A-01D-0787-02	Y	22866520	57440809	32	-0.9362
