barcode	chromosome	start	stop	num.mark	seg.mean
TCGA-14-1454-01A-01D-0520-02	1	554268	111728240	18365	0.3456
TCGA-14-1454-01A-01D-0520-02	1	111729961	111734021	3	-0.3731
TCGA-14-1454-01A-01D-0520-02	1	111744421	143808283	1509	0.3473
TCGA-14-1454-01A-01D-0520-02	1	143809389	150816180	910	0.6837
TCGA-14-1454-01A-01D-0520-02	1	150823073	150848509	4	-0.5773
TCGA-14-1454-01A-01D-0520-02	1	150857070	159746016	1706	0.671
TCGA-14-1454-01A-01D-0520-02	1	159767602	159786265	3	1.4411
TCGA-14-1454-01A-01D-0520-02	1	159885469	167483267	1266	0.6769
TCGA-14-1454-01A-01D-0520-02	1	167493768	167507898	8	1.1098
TCGA-14-1454-01A-01D-0520-02	1	167523140	200598243	5070	0.7003
TCGA-14-1454-01A-01D-0520-02	1	200600795	200786282	24	0.398
TCGA-14-1454-01A-01D-0520-02	1	200797743	240494698	6918	0.6826
TCGA-14-1454-01A-01D-0520-02	1	240496626	240589826	20	0.2646
TCGA-14-1454-01A-01D-0520-02	1	240596160	246442698	1139	0.6777
TCGA-14-1454-01A-01D-0520-02	1	246448361	246630400	27	0.9491
TCGA-14-1454-01A-01D-0520-02	1	246636010	246750352	11	0.6663
TCGA-14-1454-01A-01D-0520-02	1	246755225	246862029	17	1.0364
TCGA-14-1454-01A-01D-0520-02	1	246874992	247179701	39	0.6482
TCGA-14-1454-01A-01D-0520-02	1	247185356	247186514	2	0.1952
TCGA-14-1454-01A-01D-0520-02	10	126361	38555662	6023	-0.5886
TCGA-14-1454-01A-01D-0520-02	10	38563575	41971605	16	-0.0614
TCGA-14-1454-01A-01D-0520-02	10	42150759	45554717	372	-0.5843
TCGA-14-1454-01A-01D-0520-02	10	46388078	46568496	34	-1.4742
TCGA-14-1454-01A-01D-0520-02	10	47010385	48272394	51	-0.6791
TCGA-14-1454-01A-01D-0520-02	10	48866929	48932353	3	-1.7553
TCGA-14-1454-01A-01D-0520-02	10	49060081	77917870	4577	-0.5775
TCGA-14-1454-01A-01D-0520-02	10	77917893	77928669	3	0.5399
TCGA-14-1454-01A-01D-0520-02	10	77936034	132797428	8753	-0.5859
TCGA-14-1454-01A-01D-0520-02	10	132799212	132802775	3	-3.2833
TCGA-14-1454-01A-01D-0520-02	10	132806049	135286023	402	-0.5989
TCGA-14-1454-01A-01D-0520-02	11	190215	55118214	7708	-0.4383
TCGA-14-1454-01A-01D-0520-02	11	55124730	55178955	10	-9e-04
TCGA-14-1454-01A-01D-0520-02	11	55187282	106733851	8421	-0.444
TCGA-14-1454-01A-01D-0520-02	11	106744337	106747920	4	0.1364
TCGA-14-1454-01A-01D-0520-02	11	106758170	134432265	4539	-0.4499
TCGA-14-1454-01A-01D-0520-02	12	59839	9523923	1814	-0.0043
TCGA-14-1454-01A-01D-0520-02	12	9528590	9590351	9	1.0304
TCGA-14-1454-01A-01D-0520-02	12	9599999	62216979	8004	0.0156
TCGA-14-1454-01A-01D-0520-02	12	62233999	62402776	6	1.039
TCGA-14-1454-01A-01D-0520-02	12	62436882	132289090	10561	0.0042
TCGA-14-1454-01A-01D-0520-02	13	18065953	49502151	4790	-0.5706
TCGA-14-1454-01A-01D-0520-02	13	49506402	49845556	72	-3.6449
TCGA-14-1454-01A-01D-0520-02	13	49848457	114114513	7016	-0.5672
TCGA-14-1454-01A-01D-0520-02	14	18149473	19490630	39	-0.5825
TCGA-14-1454-01A-01D-0520-02	14	19497023	21400478	381	0.0247
TCGA-14-1454-01A-01D-0520-02	14	21406288	22052799	176	0.2441
TCGA-14-1454-01A-01D-0520-02	14	22054604	73060301	7625	0.0136
TCGA-14-1454-01A-01D-0520-02	14	73071404	73092018	5	-0.8261
TCGA-14-1454-01A-01D-0520-02	14	73104572	79174722	1268	-0.0029
TCGA-14-1454-01A-01D-0520-02	14	79176037	79180204	3	-0.7546
TCGA-14-1454-01A-01D-0520-02	14	79188009	105594189	3539	-0.0029
TCGA-14-1454-01A-01D-0520-02	14	105602756	105630089	5	-2.3036
TCGA-14-1454-01A-01D-0520-02	14	105643293	105845658	24	-0.0013
TCGA-14-1454-01A-01D-0520-02	14	105856972	106017453	19	-0.3875
TCGA-14-1454-01A-01D-0520-02	14	106028936	106349756	42	0.0608
TCGA-14-1454-01A-01D-0520-02	15	18362555	18683110	7	-0.014
TCGA-14-1454-01A-01D-0520-02	15	18741716	20079935	85	-1.1507
TCGA-14-1454-01A-01D-0520-02	15	20249886	41637456	3238	0.0017
TCGA-14-1454-01A-01D-0520-02	15	41676219	41776053	14	-0.5679
TCGA-14-1454-01A-01D-0520-02	15	41782489	100282819	9321	0.008
TCGA-14-1454-01A-01D-0520-02	16	36766	2600740	463	0.2532
TCGA-14-1454-01A-01D-0520-02	16	2638581	2639798	3	-0.4225
TCGA-14-1454-01A-01D-0520-02	16	2660804	33278944	4278	0.2491
TCGA-14-1454-01A-01D-0520-02	16	33280759	33373002	8	-0.2781
TCGA-14-1454-01A-01D-0520-02	16	33395114	34297461	51	0.1589
TCGA-14-1454-01A-01D-0520-02	16	34339543	34605030	14	0.6285
TCGA-14-1454-01A-01D-0520-02	16	34634686	69409493	3418	0.2624
TCGA-14-1454-01A-01D-0520-02	16	69417987	69778140	75	0.5272
TCGA-14-1454-01A-01D-0520-02	16	69784749	75093957	791	0.2773
TCGA-14-1454-01A-01D-0520-02	16	75097331	75100865	3	0.9967
TCGA-14-1454-01A-01D-0520-02	16	75102639	88675835	2288	0.2419
TCGA-14-1454-01A-01D-0520-02	17	29169	41568539	7568	0.0027
TCGA-14-1454-01A-01D-0520-02	17	41570512	42049540	34	-0.3399
TCGA-14-1454-01A-01D-0520-02	17	42142363	74872990	5656	0.013
TCGA-14-1454-01A-01D-0520-02	17	74884216	74904114	5	0.6088
TCGA-14-1454-01A-01D-0520-02	17	74912549	78636731	702	-0.0097
TCGA-14-1454-01A-01D-0520-02	18	4316	27221123	3484	-0.008
TCGA-14-1454-01A-01D-0520-02	18	27222954	27303535	13	0.7642
TCGA-14-1454-01A-01D-0520-02	18	27310232	65357415	5454	-0.004
TCGA-14-1454-01A-01D-0520-02	18	65359770	65375155	3	-0.6724
TCGA-14-1454-01A-01D-0520-02	18	65378331	66394814	193	-0.0036
TCGA-14-1454-01A-01D-0520-02	18	66429913	68490284	106	-0.5986
TCGA-14-1454-01A-01D-0520-02	18	68517430	76110964	918	0.0026
TCGA-14-1454-01A-01D-0520-02	19	210395	56822197	8459	0.2557
TCGA-14-1454-01A-01D-0520-02	19	56825794	56840346	5	-0.6833
TCGA-14-1454-01A-01D-0520-02	19	56850433	63787171	1412	0.2338
TCGA-14-1454-01A-01D-0520-02	2	20341	242717016	33972	0.0113
TCGA-14-1454-01A-01D-0520-02	20	18580	1506379	262	-0.0383
TCGA-14-1454-01A-01D-0520-02	20	1511632	1531162	9	-2.9991
TCGA-14-1454-01A-01D-0520-02	20	1544485	48573364	7404	-0.003
TCGA-14-1454-01A-01D-0520-02	20	48575372	49663983	186	-1.1903
TCGA-14-1454-01A-01D-0520-02	20	49665471	62379059	1783	-0.0109
TCGA-14-1454-01A-01D-0520-02	21	9896630	13334960	24	-0.2271
TCGA-14-1454-01A-01D-0520-02	21	13342486	14314039	26	0.078
TCGA-14-1454-01A-01D-0520-02	21	14320039	46914686	4858	0.2919
TCGA-14-1454-01A-01D-0520-02	22	14866086	21568861	1033	-0.3616
TCGA-14-1454-01A-01D-0520-02	22	21574577	21579649	3	0.3285
TCGA-14-1454-01A-01D-0520-02	22	21580865	22642519	169	-0.3806
TCGA-14-1454-01A-01D-0520-02	22	22677959	22720195	13	-0.6621
TCGA-14-1454-01A-01D-0520-02	22	22736990	49565816	4942	-0.374
TCGA-14-1454-01A-01D-0520-02	3	39066	89475107	14131	0.0337
TCGA-14-1454-01A-01D-0520-02	3	89477163	89500935	7	-0.7074
TCGA-14-1454-01A-01D-0520-02	3	89502757	163966032	10484	0.0399
TCGA-14-1454-01A-01D-0520-02	3	163977334	164101776	10	0.5245
TCGA-14-1454-01A-01D-0520-02	3	164112873	196822133	5060	0.0552
TCGA-14-1454-01A-01D-0520-02	3	196904349	196933317	8	-0.8969
TCGA-14-1454-01A-01D-0520-02	3	196940125	196961238	6	-0.3593
TCGA-14-1454-01A-01D-0520-02	3	196966631	199379566	435	0.0408
TCGA-14-1454-01A-01D-0520-02	4	41413	5338859	903	-0.3751
TCGA-14-1454-01A-01D-0520-02	4	5361164	5370189	3	-1.2475
TCGA-14-1454-01A-01D-0520-02	4	5373225	9377366	721	-0.4021
TCGA-14-1454-01A-01D-0520-02	4	9394424	9410429	3	0.2799
TCGA-14-1454-01A-01D-0520-02	4	9416436	70159690	6222	-0.3929
TCGA-14-1454-01A-01D-0520-02	4	70184190	70237778	8	-1.0426
TCGA-14-1454-01A-01D-0520-02	4	70255674	119639593	7651	-0.3952
TCGA-14-1454-01A-01D-0520-02	4	119639713	119710506	11	-0.0306
TCGA-14-1454-01A-01D-0520-02	4	119728055	135127780	1529	-0.3948
TCGA-14-1454-01A-01D-0520-02	4	135162686	135399560	11	-1.4028
TCGA-14-1454-01A-01D-0520-02	4	135414559	148739275	1543	-0.4035
TCGA-14-1454-01A-01D-0520-02	4	148755480	150954540	371	-1.2704
TCGA-14-1454-01A-01D-0520-02	4	150961446	173223225	3010	-0.3791
TCGA-14-1454-01A-01D-0520-02	4	173224400	173228860	3	-2.8565
TCGA-14-1454-01A-01D-0520-02	4	173229983	190706272	2313	-0.4027
TCGA-14-1454-01A-01D-0520-02	4	190710812	191133609	36	-0.2106
TCGA-14-1454-01A-01D-0520-02	5	75149	285775	31	-0.0566
TCGA-14-1454-01A-01D-0520-02	5	294789	309292	3	-0.4915
TCGA-14-1454-01A-01D-0520-02	5	318372	725954	72	-0.0241
TCGA-14-1454-01A-01D-0520-02	5	763494	859176	9	-0.6997
TCGA-14-1454-01A-01D-0520-02	5	870657	140196482	17484	0.0124
TCGA-14-1454-01A-01D-0520-02	5	140203440	140216524	4	-1.2672
TCGA-14-1454-01A-01D-0520-02	5	140221835	180184269	5878	-0.0066
TCGA-14-1454-01A-01D-0520-02	5	180342860	180358977	6	0.5368
TCGA-14-1454-01A-01D-0520-02	5	180365950	180644810	50	0.0022
TCGA-14-1454-01A-01D-0520-02	6	97634	174815	9	0.1249
TCGA-14-1454-01A-01D-0520-02	6	204528	240119	7	0.5863
TCGA-14-1454-01A-01D-0520-02	6	241674	32519935	5160	0.0879
TCGA-14-1454-01A-01D-0520-02	6	32567382	32600962	5	-1.7312
TCGA-14-1454-01A-01D-0520-02	6	32605300	170762955	19697	0.1028
TCGA-14-1454-01A-01D-0520-02	7	140213	38259147	6010	0.4223
TCGA-14-1454-01A-01D-0520-02	7	38262701	38360187	28	0.622
TCGA-14-1454-01A-01D-0520-02	7	38372692	76243680	4229	0.3975
TCGA-14-1454-01A-01D-0520-02	7	76271458	76421843	10	1.1476
TCGA-14-1454-01A-01D-0520-02	7	76562569	100339470	3981	0.4264
TCGA-14-1454-01A-01D-0520-02	7	100345918	100405440	11	0.0821
TCGA-14-1454-01A-01D-0520-02	7	100413739	141673351	6881	0.4217
TCGA-14-1454-01A-01D-0520-02	7	141687978	141714168	5	0.9955
TCGA-14-1454-01A-01D-0520-02	7	141720324	143501811	244	0.3955
TCGA-14-1454-01A-01D-0520-02	7	143582864	143584350	3	-0.3773
TCGA-14-1454-01A-01D-0520-02	7	143705425	151728811	1527	0.3975
TCGA-14-1454-01A-01D-0520-02	7	151732266	151743145	7	-0.383
TCGA-14-1454-01A-01D-0520-02	7	151747905	158811268	1232	0.3909
TCGA-14-1454-01A-01D-0520-02	8	166814	6929691	1219	0.048
TCGA-14-1454-01A-01D-0520-02	8	7226901	7789937	6	-0.8557
TCGA-14-1454-01A-01D-0520-02	8	8117271	11943616	711	0.0525
TCGA-14-1454-01A-01D-0520-02	8	12276178	12448374	4	-0.7871
TCGA-14-1454-01A-01D-0520-02	8	12511855	39345557	3740	0.0658
TCGA-14-1454-01A-01D-0520-02	8	39352361	39505256	29	-4.9307
TCGA-14-1454-01A-01D-0520-02	8	39511632	146264846	13442	0.0669
TCGA-14-1454-01A-01D-0520-02	9	153131	140241876	15871	0.0069
TCGA-14-1454-01A-01D-0520-02	X	2719027	2850957	17	0.8291
TCGA-14-1454-01A-01D-0520-02	X	2859072	76998610	5684	1.1948
TCGA-14-1454-01A-01D-0520-02	X	77008500	77010018	2	2.4266
TCGA-14-1454-01A-01D-0520-02	X	77014050	89326357	654	1.2164
TCGA-14-1454-01A-01D-0520-02	X	89351337	89968680	9	0.6266
TCGA-14-1454-01A-01D-0520-02	X	90003509	90865947	30	1.1994
TCGA-14-1454-01A-01D-0520-02	X	90917565	92289605	53	0.8475
TCGA-14-1454-01A-01D-0520-02	X	92303812	154582414	4886	1.2046
TCGA-14-1454-01A-01D-0520-02	Y	2710450	3219184	57	-4.1692
TCGA-14-1454-01A-01D-0520-02	Y	3223585	6652868	86	-0.755
TCGA-14-1454-01A-01D-0520-02	Y	6696721	7832896	161	-3.3526
TCGA-14-1454-01A-01D-0520-02	Y	7843823	8173133	49	-4.4624
TCGA-14-1454-01A-01D-0520-02	Y	8193270	8823361	90	-3.3853
TCGA-14-1454-01A-01D-0520-02	Y	8828716	9208277	34	-4.9405
TCGA-14-1454-01A-01D-0520-02	Y	9221921	10254943	14	-3.1399
TCGA-14-1454-01A-01D-0520-02	Y	10257096	10511255	16	-5.3201
TCGA-14-1454-01A-01D-0520-02	Y	10578072	12586920	20	-0.9215
TCGA-14-1454-01A-01D-0520-02	Y	12593244	12902540	24	-2.5845
TCGA-14-1454-01A-01D-0520-02	Y	12909643	12999095	10	-4.6102
TCGA-14-1454-01A-01D-0520-02	Y	13002006	13035511	11	-0.9531
TCGA-14-1454-01A-01D-0520-02	Y	13052633	14352278	151	-4.244
TCGA-14-1454-01A-01D-0520-02	Y	14356069	18006799	278	-3.5378
TCGA-14-1454-01A-01D-0520-02	Y	18021017	22923722	289	-4.2958
TCGA-14-1454-01A-01D-0520-02	Y	22926726	57440809	34	-1.5492
