barcode	chromosome	start	stop	num.mark	seg.mean
TCGA-12-1099-01A-01D-0520-02	1	554268	36614927	6243	0.0739
TCGA-12-1099-01A-01D-0520-02	1	36620864	36682181	11	0.6172
TCGA-12-1099-01A-01D-0520-02	1	36685061	72533856	6841	0.088
TCGA-12-1099-01A-01D-0520-02	1	72550248	72574479	3	-6.0886
TCGA-12-1099-01A-01D-0520-02	1	72602597	103904723	4369	0.1008
TCGA-12-1099-01A-01D-0520-02	1	103906464	103962495	10	0.6813
TCGA-12-1099-01A-01D-0520-02	1	103965227	147203277	2677	0.0997
TCGA-12-1099-01A-01D-0520-02	1	147306304	147499046	15	0.3326
TCGA-12-1099-01A-01D-0520-02	1	147508217	150816180	634	0.094
TCGA-12-1099-01A-01D-0520-02	1	150823073	150848509	4	2.2336
TCGA-12-1099-01A-01D-0520-02	1	150857070	167483267	2980	0.0975
TCGA-12-1099-01A-01D-0520-02	1	167493768	167507898	8	0.4664
TCGA-12-1099-01A-01D-0520-02	1	167523140	171079626	650	0.1148
TCGA-12-1099-01A-01D-0520-02	1	171103123	171360749	21	-0.7392
TCGA-12-1099-01A-01D-0520-02	1	171374702	181042470	1874	0.1027
TCGA-12-1099-01A-01D-0520-02	1	181043973	181047480	3	-0.8114
TCGA-12-1099-01A-01D-0520-02	1	181049349	194978218	1594	0.1134
TCGA-12-1099-01A-01D-0520-02	1	195005520	195062024	11	-0.6776
TCGA-12-1099-01A-01D-0520-02	1	195067764	200609726	927	0.1155
TCGA-12-1099-01A-01D-0520-02	1	200613454	200659076	8	-0.3176
TCGA-12-1099-01A-01D-0520-02	1	200667381	228846726	4681	0.0974
TCGA-12-1099-01A-01D-0520-02	1	228853400	228914581	19	0.6401
TCGA-12-1099-01A-01D-0520-02	1	228921684	246427528	3394	0.0972
TCGA-12-1099-01A-01D-0520-02	1	246433956	246636010	30	0.329
TCGA-12-1099-01A-01D-0520-02	1	246639998	246750352	10	0.0171
TCGA-12-1099-01A-01D-0520-02	1	246755225	246880850	19	0.3602
TCGA-12-1099-01A-01D-0520-02	1	246890704	247186514	39	0.041
TCGA-12-1099-01A-01D-0520-02	10	126361	344468	52	0.1517
TCGA-12-1099-01A-01D-0520-02	10	346374	428356	28	-0.5184
TCGA-12-1099-01A-01D-0520-02	10	432416	546899	39	0.1056
TCGA-12-1099-01A-01D-0520-02	10	549117	774846	61	-0.1638
TCGA-12-1099-01A-01D-0520-02	10	789830	845999	6	-0.6262
TCGA-12-1099-01A-01D-0520-02	10	850414	1001872	22	-0.0938
TCGA-12-1099-01A-01D-0520-02	10	1013926	1096315	20	-0.5852
TCGA-12-1099-01A-01D-0520-02	10	1106247	1122070	4	0.8358
TCGA-12-1099-01A-01D-0520-02	10	1129755	1238876	27	-0.5645
TCGA-12-1099-01A-01D-0520-02	10	1245850	1708666	124	0.1229
TCGA-12-1099-01A-01D-0520-02	10	1710082	1738933	11	-0.7154
TCGA-12-1099-01A-01D-0520-02	10	1741258	1831576	14	-0.1216
TCGA-12-1099-01A-01D-0520-02	10	1843968	1946007	9	-0.5765
TCGA-12-1099-01A-01D-0520-02	10	1959682	2223419	18	0.1067
TCGA-12-1099-01A-01D-0520-02	10	2235932	2535102	26	0.4514
TCGA-12-1099-01A-01D-0520-02	10	2552217	2654619	10	-0.6443
TCGA-12-1099-01A-01D-0520-02	10	2663693	2719593	6	0.6082
TCGA-12-1099-01A-01D-0520-02	10	2730407	3097687	29	-0.1447
TCGA-12-1099-01A-01D-0520-02	10	3104388	3145833	19	-0.6143
TCGA-12-1099-01A-01D-0520-02	10	3149623	3258439	25	0.6329
TCGA-12-1099-01A-01D-0520-02	10	3272797	3342642	6	-0.6349
TCGA-12-1099-01A-01D-0520-02	10	3362269	3493209	10	0.5754
TCGA-12-1099-01A-01D-0520-02	10	3507993	3768293	19	0.2618
TCGA-12-1099-01A-01D-0520-02	10	3783747	3843425	11	-0.6531
TCGA-12-1099-01A-01D-0520-02	10	3852125	3925490	6	0.1326
TCGA-12-1099-01A-01D-0520-02	10	3938686	4145724	18	-0.6539
TCGA-12-1099-01A-01D-0520-02	10	4165825	4308888	12	0.2391
TCGA-12-1099-01A-01D-0520-02	10	4327462	4434589	9	-0.5795
TCGA-12-1099-01A-01D-0520-02	10	4449570	4523346	7	0.6435
TCGA-12-1099-01A-01D-0520-02	10	4531901	4813143	27	0.1819
TCGA-12-1099-01A-01D-0520-02	10	4824138	5373114	93	-0.6682
TCGA-12-1099-01A-01D-0520-02	10	5386111	5558285	40	0.1084
TCGA-12-1099-01A-01D-0520-02	10	5564109	5677544	6	0.6654
TCGA-12-1099-01A-01D-0520-02	10	5697169	6100394	96	0.1628
TCGA-12-1099-01A-01D-0520-02	10	6102803	6391865	53	-0.6426
TCGA-12-1099-01A-01D-0520-02	10	6393165	6530678	20	0.1559
TCGA-12-1099-01A-01D-0520-02	10	6539143	6650963	27	0.664
TCGA-12-1099-01A-01D-0520-02	10	6657356	6717678	8	0.1598
TCGA-12-1099-01A-01D-0520-02	10	6729661	6920016	14	-0.568
TCGA-12-1099-01A-01D-0520-02	10	6929272	7067302	12	0.1765
TCGA-12-1099-01A-01D-0520-02	10	7081318	7196013	10	-0.6218
TCGA-12-1099-01A-01D-0520-02	10	7206699	7248811	6	0.2635
TCGA-12-1099-01A-01D-0520-02	10	7257773	7279958	7	-0.8284
TCGA-12-1099-01A-01D-0520-02	10	7282097	7350101	26	0.1853
TCGA-12-1099-01A-01D-0520-02	10	7358826	7480070	29	0.6233
TCGA-12-1099-01A-01D-0520-02	10	7485174	7486472	2	-0.4514
TCGA-12-1099-01A-01D-0520-02	10	7488132	7925395	86	0.1663
TCGA-12-1099-01A-01D-0520-02	10	7931304	8539619	66	0.4349
TCGA-12-1099-01A-01D-0520-02	10	8576391	8628254	9	-0.6249
TCGA-12-1099-01A-01D-0520-02	10	8678261	9095526	30	0.1387
TCGA-12-1099-01A-01D-0520-02	10	9120734	9629930	46	0.6328
TCGA-12-1099-01A-01D-0520-02	10	9658369	10193517	32	0.2249
TCGA-12-1099-01A-01D-0520-02	10	10217405	10578253	17	-0.595
TCGA-12-1099-01A-01D-0520-02	10	10595409	11345012	103	0.3049
TCGA-12-1099-01A-01D-0520-02	10	11349079	11406347	25	-0.5545
TCGA-12-1099-01A-01D-0520-02	10	11407669	11682611	53	0.2029
TCGA-12-1099-01A-01D-0520-02	10	11684177	11953319	37	0.6318
TCGA-12-1099-01A-01D-0520-02	10	11964944	12728748	175	0.1676
TCGA-12-1099-01A-01D-0520-02	10	12734690	12919484	64	-0.638
TCGA-12-1099-01A-01D-0520-02	10	12934830	13370171	98	0.1704
TCGA-12-1099-01A-01D-0520-02	10	13376551	13390527	3	0.9573
TCGA-12-1099-01A-01D-0520-02	10	13402070	13822544	85	0.1644
TCGA-12-1099-01A-01D-0520-02	10	13823725	13944124	41	-0.153
TCGA-12-1099-01A-01D-0520-02	10	13951830	13970673	5	0.1957
TCGA-12-1099-01A-01D-0520-02	10	13974304	14019847	11	0.7061
TCGA-12-1099-01A-01D-0520-02	10	14025724	14061686	12	-0.1041
TCGA-12-1099-01A-01D-0520-02	10	14063312	14236413	55	0.1757
TCGA-12-1099-01A-01D-0520-02	10	14245131	14257026	7	-0.5919
TCGA-12-1099-01A-01D-0520-02	10	14265120	14559503	45	0.6698
TCGA-12-1099-01A-01D-0520-02	10	14580148	14651173	21	0.1685
TCGA-12-1099-01A-01D-0520-02	10	14660282	14726009	12	0.745
TCGA-12-1099-01A-01D-0520-02	10	14732866	14818778	25	-0.5409
TCGA-12-1099-01A-01D-0520-02	10	14824694	15000670	33	0.1886
TCGA-12-1099-01A-01D-0520-02	10	15002327	15131622	20	-0.4508
TCGA-12-1099-01A-01D-0520-02	10	15135046	15263191	38	0.6425
TCGA-12-1099-01A-01D-0520-02	10	15269533	15343441	21	-0.5885
TCGA-12-1099-01A-01D-0520-02	10	15346287	15475875	36	0.1477
TCGA-12-1099-01A-01D-0520-02	10	15491199	15567230	4	0.783
TCGA-12-1099-01A-01D-0520-02	10	15588316	15941423	90	0.1543
TCGA-12-1099-01A-01D-0520-02	10	15943906	15979822	4	-0.5792
TCGA-12-1099-01A-01D-0520-02	10	16015060	16407288	13	0.2113
TCGA-12-1099-01A-01D-0520-02	10	16467235	16569840	18	0.7201
TCGA-12-1099-01A-01D-0520-02	10	16577610	17194672	151	0.155
TCGA-12-1099-01A-01D-0520-02	10	17196256	17211136	6	-0.6419
TCGA-12-1099-01A-01D-0520-02	10	17221863	17703602	75	0.1389
TCGA-12-1099-01A-01D-0520-02	10	17714292	17817629	26	-0.6094
TCGA-12-1099-01A-01D-0520-02	10	18263299	18356930	29	0.1773
TCGA-12-1099-01A-01D-0520-02	10	18359114	18543846	40	-0.5471
TCGA-12-1099-01A-01D-0520-02	10	18545268	18708006	58	0.4611
TCGA-12-1099-01A-01D-0520-02	10	18709841	19135548	67	0.1492
TCGA-12-1099-01A-01D-0520-02	10	19166076	19669596	54	0.6784
TCGA-12-1099-01A-01D-0520-02	10	19678838	19785268	21	0.0969
TCGA-12-1099-01A-01D-0520-02	10	19788383	19981923	73	0.6855
TCGA-12-1099-01A-01D-0520-02	10	19984669	20039476	18	-0.6152
TCGA-12-1099-01A-01D-0520-02	10	20041796	20140488	15	0.1384
TCGA-12-1099-01A-01D-0520-02	10	20147635	20218056	29	-0.613
TCGA-12-1099-01A-01D-0520-02	10	20220704	20540271	99	0.1634
TCGA-12-1099-01A-01D-0520-02	10	20546349	20629023	15	0.6679
TCGA-12-1099-01A-01D-0520-02	10	20649765	20717319	5	-0.638
TCGA-12-1099-01A-01D-0520-02	10	20735181	21171032	52	0.18
TCGA-12-1099-01A-01D-0520-02	10	21174227	21179798	4	-0.4748
TCGA-12-1099-01A-01D-0520-02	10	21181579	21285466	36	0.2262
TCGA-12-1099-01A-01D-0520-02	10	21287934	21407497	30	-0.607
TCGA-12-1099-01A-01D-0520-02	10	21416428	21428812	8	0.1943
TCGA-12-1099-01A-01D-0520-02	10	21431137	21628226	30	-0.5949
TCGA-12-1099-01A-01D-0520-02	10	21643825	21783506	6	0.6186
TCGA-12-1099-01A-01D-0520-02	10	21802390	22401035	144	0.2051
TCGA-12-1099-01A-01D-0520-02	10	22434628	22629010	12	0.5809
TCGA-12-1099-01A-01D-0520-02	10	22636965	22722827	28	-0.5489
TCGA-12-1099-01A-01D-0520-02	10	22731362	23275075	82	0.0616
TCGA-12-1099-01A-01D-0520-02	10	23277429	23337197	24	0.6855
TCGA-12-1099-01A-01D-0520-02	10	23345034	23701266	52	0.1889
TCGA-12-1099-01A-01D-0520-02	10	23718714	23781530	7	-0.5971
TCGA-12-1099-01A-01D-0520-02	10	23795026	24131428	17	0.4244
TCGA-12-1099-01A-01D-0520-02	10	24149305	24289582	12	0.1426
TCGA-12-1099-01A-01D-0520-02	10	24310294	24440276	12	-0.0462
TCGA-12-1099-01A-01D-0520-02	10	24459434	24797411	97	-0.6057
TCGA-12-1099-01A-01D-0520-02	10	24799471	24852487	17	0.0907
TCGA-12-1099-01A-01D-0520-02	10	24853690	24978805	36	-0.5875
TCGA-12-1099-01A-01D-0520-02	10	24980424	25020476	11	0.083
TCGA-12-1099-01A-01D-0520-02	10	25026400	25072011	9	0.7007
TCGA-12-1099-01A-01D-0520-02	10	25085724	25399466	62	0.1425
TCGA-12-1099-01A-01D-0520-02	10	25436847	25527940	15	0.4826
TCGA-12-1099-01A-01D-0520-02	10	25536767	25672743	29	-0.5973
TCGA-12-1099-01A-01D-0520-02	10	25679516	25692122	3	0.2635
TCGA-12-1099-01A-01D-0520-02	10	25694243	26030462	83	0.6659
TCGA-12-1099-01A-01D-0520-02	10	26059250	26265912	19	0.1859
TCGA-12-1099-01A-01D-0520-02	10	26268189	26474422	50	-0.5893
TCGA-12-1099-01A-01D-0520-02	10	26476883	27031822	88	0.2095
TCGA-12-1099-01A-01D-0520-02	10	27038538	27134587	30	-0.7576
TCGA-12-1099-01A-01D-0520-02	10	27135800	27195158	21	0.6457
TCGA-12-1099-01A-01D-0520-02	10	27208443	27653437	101	0.156
TCGA-12-1099-01A-01D-0520-02	10	27660038	27831209	16	0.6648
TCGA-12-1099-01A-01D-0520-02	10	27834791	28009752	24	-0.6163
TCGA-12-1099-01A-01D-0520-02	10	28013468	28233901	58	0.1654
TCGA-12-1099-01A-01D-0520-02	10	28239043	28331962	24	-0.5402
TCGA-12-1099-01A-01D-0520-02	10	28345426	28470454	33	0.7571
TCGA-12-1099-01A-01D-0520-02	10	28478987	28517562	15	0.1232
TCGA-12-1099-01A-01D-0520-02	10	28527790	28636533	21	0.4156
TCGA-12-1099-01A-01D-0520-02	10	28649549	28895332	22	0.1204
TCGA-12-1099-01A-01D-0520-02	10	28897970	29088950	27	0.6395
TCGA-12-1099-01A-01D-0520-02	10	29111754	29619866	29	0.0602
TCGA-12-1099-01A-01D-0520-02	10	29622461	29672269	9	0.6767
TCGA-12-1099-01A-01D-0520-02	10	29704220	29826021	20	0.1569
TCGA-12-1099-01A-01D-0520-02	10	29827467	29860210	13	-0.4778
TCGA-12-1099-01A-01D-0520-02	10	29866223	29986853	48	0.1609
TCGA-12-1099-01A-01D-0520-02	10	29995212	30036454	7	0.6793
TCGA-12-1099-01A-01D-0520-02	10	30044235	30062826	8	-0.1355
TCGA-12-1099-01A-01D-0520-02	10	30070226	30246587	16	0.3095
TCGA-12-1099-01A-01D-0520-02	10	30262208	30419527	26	-0.5934
TCGA-12-1099-01A-01D-0520-02	10	30428116	30577807	11	0.6235
TCGA-12-1099-01A-01D-0520-02	10	30617288	30725615	18	-0.5756
TCGA-12-1099-01A-01D-0520-02	10	30748387	31014960	33	0.5318
TCGA-12-1099-01A-01D-0520-02	10	31021405	31132968	10	0.0399
TCGA-12-1099-01A-01D-0520-02	10	31160993	31357018	44	0.3834
TCGA-12-1099-01A-01D-0520-02	10	31363006	31688711	28	0.1002
TCGA-12-1099-01A-01D-0520-02	10	31696190	31766813	27	0.7031
TCGA-12-1099-01A-01D-0520-02	10	31772278	32089757	29	0.3758
TCGA-12-1099-01A-01D-0520-02	10	32109858	32166637	11	-0.5342
TCGA-12-1099-01A-01D-0520-02	10	32167989	32497752	50	0.1954
TCGA-12-1099-01A-01D-0520-02	10	32505203	32545934	5	0.7184
TCGA-12-1099-01A-01D-0520-02	10	32566145	33209913	121	0.2383
TCGA-12-1099-01A-01D-0520-02	10	33222326	33300525	19	0.7447
TCGA-12-1099-01A-01D-0520-02	10	33308610	33522524	21	0.1334
TCGA-12-1099-01A-01D-0520-02	10	33531230	33599598	22	-0.5819
TCGA-12-1099-01A-01D-0520-02	10	33606958	34353187	41	0.1534
TCGA-12-1099-01A-01D-0520-02	10	34387324	34649070	64	0.6827
TCGA-12-1099-01A-01D-0520-02	10	34650391	34769861	30	0.4487
TCGA-12-1099-01A-01D-0520-02	10	34772090	34897355	29	0.6604
TCGA-12-1099-01A-01D-0520-02	10	34903429	35034024	42	0.1427
TCGA-12-1099-01A-01D-0520-02	10	35039190	35112053	23	-0.6616
TCGA-12-1099-01A-01D-0520-02	10	35120038	35204438	12	0.0885
TCGA-12-1099-01A-01D-0520-02	10	35223407	35272176	10	-0.6683
TCGA-12-1099-01A-01D-0520-02	10	35277869	35375207	23	0.1857
TCGA-12-1099-01A-01D-0520-02	10	35379464	35450870	15	-0.5367
TCGA-12-1099-01A-01D-0520-02	10	35461405	35524051	18	0.1514
TCGA-12-1099-01A-01D-0520-02	10	35531196	35683576	43	-0.6053
TCGA-12-1099-01A-01D-0520-02	10	35692684	35808736	24	0.1254
TCGA-12-1099-01A-01D-0520-02	10	35810696	35967741	36	0.6872
TCGA-12-1099-01A-01D-0520-02	10	35974417	37523207	62	0.1853
TCGA-12-1099-01A-01D-0520-02	10	37530005	37573675	12	0.6218
TCGA-12-1099-01A-01D-0520-02	10	37582079	43138035	244	0.1287
TCGA-12-1099-01A-01D-0520-02	10	43162306	43269919	15	0.672
TCGA-12-1099-01A-01D-0520-02	10	43277378	44093861	66	0.124
TCGA-12-1099-01A-01D-0520-02	10	44130144	44231732	13	-0.6206
TCGA-12-1099-01A-01D-0520-02	10	44253337	44659810	16	0.2224
TCGA-12-1099-01A-01D-0520-02	10	44669760	45241581	77	0.5811
TCGA-12-1099-01A-01D-0520-02	10	45247428	47154240	114	0.103
TCGA-12-1099-01A-01D-0520-02	10	47161232	47172534	6	-0.6272
TCGA-12-1099-01A-01D-0520-02	10	47735472	47976982	4	0.6356
TCGA-12-1099-01A-01D-0520-02	10	47984960	48932353	31	0.2153
TCGA-12-1099-01A-01D-0520-02	10	49060081	49062902	3	-0.5223
TCGA-12-1099-01A-01D-0520-02	10	49064777	49162417	21	0.1489
TCGA-12-1099-01A-01D-0520-02	10	49174276	49206647	5	0.5477
TCGA-12-1099-01A-01D-0520-02	10	49223222	49881007	115	0.1559
TCGA-12-1099-01A-01D-0520-02	10	49888246	49942309	17	0.5123
TCGA-12-1099-01A-01D-0520-02	10	49944293	49992812	15	-0.5864
TCGA-12-1099-01A-01D-0520-02	10	49997022	50625705	101	0.1153
TCGA-12-1099-01A-01D-0520-02	10	50631523	50764988	14	-0.3122
TCGA-12-1099-01A-01D-0520-02	10	51158614	51496173	27	0.1949
TCGA-12-1099-01A-01D-0520-02	10	51672831	51690247	4	-0.682
TCGA-12-1099-01A-01D-0520-02	10	51706787	51881155	42	0.1337
TCGA-12-1099-01A-01D-0520-02	10	51883696	51989119	33	-0.6558
TCGA-12-1099-01A-01D-0520-02	10	51997808	52085018	19	0.6505
TCGA-12-1099-01A-01D-0520-02	10	52102937	52413563	35	0.047
TCGA-12-1099-01A-01D-0520-02	10	52430822	52558336	31	-0.673
TCGA-12-1099-01A-01D-0520-02	10	52567289	52630696	25	0.4701
TCGA-12-1099-01A-01D-0520-02	10	52633131	52772377	48	-0.6246
TCGA-12-1099-01A-01D-0520-02	10	52778463	52854511	18	0.1619
TCGA-12-1099-01A-01D-0520-02	10	52857152	53209854	97	-0.6035
TCGA-12-1099-01A-01D-0520-02	10	53211184	53401421	59	0.1431
TCGA-12-1099-01A-01D-0520-02	10	53406548	53627094	67	-0.5643
TCGA-12-1099-01A-01D-0520-02	10	53637948	53648251	7	0.1486
TCGA-12-1099-01A-01D-0520-02	10	53652621	53808030	29	-0.6085
TCGA-12-1099-01A-01D-0520-02	10	53819807	54559681	41	0.1537
TCGA-12-1099-01A-01D-0520-02	10	54594870	54669988	4	-0.5892
TCGA-12-1099-01A-01D-0520-02	10	54690785	55150322	17	0.2047
TCGA-12-1099-01A-01D-0520-02	10	55167530	55286923	22	0.4636
TCGA-12-1099-01A-01D-0520-02	10	55289866	55336484	18	0.7609
TCGA-12-1099-01A-01D-0520-02	10	55344624	55592046	64	0.1369
TCGA-12-1099-01A-01D-0520-02	10	55594123	55983989	98	0.6913
TCGA-12-1099-01A-01D-0520-02	10	55989914	56114489	47	0.1703
TCGA-12-1099-01A-01D-0520-02	10	56118633	56156253	9	-0.0964
TCGA-12-1099-01A-01D-0520-02	10	56164820	56448716	34	0.2171
TCGA-12-1099-01A-01D-0520-02	10	56474212	56494434	3	-0.6951
TCGA-12-1099-01A-01D-0520-02	10	56520454	57886031	70	0.1662
TCGA-12-1099-01A-01D-0520-02	10	57919339	58280491	11	0.7395
TCGA-12-1099-01A-01D-0520-02	10	58324354	59243468	29	0.1448
TCGA-12-1099-01A-01D-0520-02	10	59261542	59578226	14	-0.6348
TCGA-12-1099-01A-01D-0520-02	10	59607980	59731590	35	0.2777
TCGA-12-1099-01A-01D-0520-02	10	59748764	59807694	9	0.7754
TCGA-12-1099-01A-01D-0520-02	10	59811886	59824790	5	-0.5045
TCGA-12-1099-01A-01D-0520-02	10	59836784	60289958	83	0.1503
TCGA-12-1099-01A-01D-0520-02	10	60337874	60678299	38	0.7518
TCGA-12-1099-01A-01D-0520-02	10	60684097	61189079	66	0.1067
TCGA-12-1099-01A-01D-0520-02	10	61201749	61300042	22	-0.6275
TCGA-12-1099-01A-01D-0520-02	10	61305386	61740119	92	0.1827
TCGA-12-1099-01A-01D-0520-02	10	61748270	61813681	19	-0.6502
TCGA-12-1099-01A-01D-0520-02	10	61819258	61938499	10	0.1968
TCGA-12-1099-01A-01D-0520-02	10	61955869	62115440	12	-0.5033
TCGA-12-1099-01A-01D-0520-02	10	62120718	62335566	27	0.1569
TCGA-12-1099-01A-01D-0520-02	10	62337465	62456834	22	-0.6351
TCGA-12-1099-01A-01D-0520-02	10	62472496	62679626	9	0.5155
TCGA-12-1099-01A-01D-0520-02	10	62722329	63115869	38	0.1577
TCGA-12-1099-01A-01D-0520-02	10	63117004	63174693	16	0.453
TCGA-12-1099-01A-01D-0520-02	10	63177157	63219143	11	0.1395
TCGA-12-1099-01A-01D-0520-02	10	63225464	63398132	34	0.2956
TCGA-12-1099-01A-01D-0520-02	10	63401242	63575643	47	0.1402
TCGA-12-1099-01A-01D-0520-02	10	63593123	63610147	3	0.7194
TCGA-12-1099-01A-01D-0520-02	10	63619911	64507381	152	0.1508
TCGA-12-1099-01A-01D-0520-02	10	64544791	64610260	17	-0.6369
TCGA-12-1099-01A-01D-0520-02	10	64612380	65527220	106	0.1606
TCGA-12-1099-01A-01D-0520-02	10	65541819	65777046	10	0.6837
TCGA-12-1099-01A-01D-0520-02	10	65834865	67307911	57	0.0341
TCGA-12-1099-01A-01D-0520-02	10	67328387	67536671	58	0.7117
TCGA-12-1099-01A-01D-0520-02	10	67540417	67576146	9	-0.0977
TCGA-12-1099-01A-01D-0520-02	10	67584372	67680655	26	0.1741
TCGA-12-1099-01A-01D-0520-02	10	67689579	67836905	41	-0.5746
TCGA-12-1099-01A-01D-0520-02	10	67843469	67894066	14	0.7818
TCGA-12-1099-01A-01D-0520-02	10	67902637	68072688	54	-0.1457
TCGA-12-1099-01A-01D-0520-02	10	68076136	68386823	93	0.165
TCGA-12-1099-01A-01D-0520-02	10	68388985	68471377	32	0.4849
TCGA-12-1099-01A-01D-0520-02	10	68473302	68640665	48	0.1824
TCGA-12-1099-01A-01D-0520-02	10	68649437	68653622	3	-0.5114
TCGA-12-1099-01A-01D-0520-02	10	68668072	69096528	112	0.1441
TCGA-12-1099-01A-01D-0520-02	10	69100305	69319550	32	-0.5441
TCGA-12-1099-01A-01D-0520-02	10	69323611	69526695	46	0.1051
TCGA-12-1099-01A-01D-0520-02	10	69536440	69649717	40	0.6496
TCGA-12-1099-01A-01D-0520-02	10	69654204	69743286	17	0.119
TCGA-12-1099-01A-01D-0520-02	10	69744099	69887505	42	-0.1451
TCGA-12-1099-01A-01D-0520-02	10	69893494	70152209	66	0.2339
TCGA-12-1099-01A-01D-0520-02	10	70153257	70288248	43	-0.5631
TCGA-12-1099-01A-01D-0520-02	10	70290560	70458491	42	0.1719
TCGA-12-1099-01A-01D-0520-02	10	70465462	70491124	3	0.6099
TCGA-12-1099-01A-01D-0520-02	10	70503785	70776182	63	0.1803
TCGA-12-1099-01A-01D-0520-02	10	70778146	70913831	38	0.6789
TCGA-12-1099-01A-01D-0520-02	10	70918148	71415542	84	0.2063
TCGA-12-1099-01A-01D-0520-02	10	71421082	71499978	13	-0.5836
TCGA-12-1099-01A-01D-0520-02	10	71506258	71599311	23	0.6428
TCGA-12-1099-01A-01D-0520-02	10	71606270	72048112	89	0.2604
TCGA-12-1099-01A-01D-0520-02	10	72068254	72147994	13	0.6297
TCGA-12-1099-01A-01D-0520-02	10	72154583	72213112	15	-0.6093
TCGA-12-1099-01A-01D-0520-02	10	72233108	72716077	56	0.15
TCGA-12-1099-01A-01D-0520-02	10	72722412	72824629	20	0.6931
TCGA-12-1099-01A-01D-0520-02	10	72831626	72999811	38	0.1434
TCGA-12-1099-01A-01D-0520-02	10	73008198	73159421	42	-0.586
TCGA-12-1099-01A-01D-0520-02	10	73166941	74223033	233	0.1514
TCGA-12-1099-01A-01D-0520-02	10	74225114	74524749	61	-0.6072
TCGA-12-1099-01A-01D-0520-02	10	74534384	74772492	51	0.0448
TCGA-12-1099-01A-01D-0520-02	10	74774413	75061394	61	0.589
TCGA-12-1099-01A-01D-0520-02	10	75063101	75466512	81	0.1974
TCGA-12-1099-01A-01D-0520-02	10	75472828	75554397	18	-0.5719
TCGA-12-1099-01A-01D-0520-02	10	75556000	75668552	32	0.1297
TCGA-12-1099-01A-01D-0520-02	10	75670886	75692999	9	-0.6565
TCGA-12-1099-01A-01D-0520-02	10	75698954	76348103	152	0.1621
TCGA-12-1099-01A-01D-0520-02	10	76356785	76396449	12	-0.1799
TCGA-12-1099-01A-01D-0520-02	10	76397807	76531705	26	0.7027
TCGA-12-1099-01A-01D-0520-02	10	76533320	76598571	17	-0.5537
TCGA-12-1099-01A-01D-0520-02	10	76606195	77484306	133	0.1492
TCGA-12-1099-01A-01D-0520-02	10	77487678	77557618	22	0.685
TCGA-12-1099-01A-01D-0520-02	10	77559966	77886451	99	0.4685
TCGA-12-1099-01A-01D-0520-02	10	77894880	77909365	4	-0.5471
TCGA-12-1099-01A-01D-0520-02	10	77910582	78238742	32	0.268
TCGA-12-1099-01A-01D-0520-02	10	78264380	78362270	21	-0.5977
TCGA-12-1099-01A-01D-0520-02	10	78367415	78385252	6	0.597
TCGA-12-1099-01A-01D-0520-02	10	78393554	78560886	51	0.105
TCGA-12-1099-01A-01D-0520-02	10	78562455	78570647	4	-0.5946
TCGA-12-1099-01A-01D-0520-02	10	78572433	78853206	74	0.1415
TCGA-12-1099-01A-01D-0520-02	10	78858490	79064929	63	-0.6385
TCGA-12-1099-01A-01D-0520-02	10	79077754	79206096	11	0.6287
TCGA-12-1099-01A-01D-0520-02	10	79207938	79916887	82	0.1643
TCGA-12-1099-01A-01D-0520-02	10	79940716	80022710	9	0.6345
TCGA-12-1099-01A-01D-0520-02	10	80039805	80786816	99	0.1307
TCGA-12-1099-01A-01D-0520-02	10	80798935	80842798	9	-0.4791
TCGA-12-1099-01A-01D-0520-02	10	80844164	81723693	31	0.4613
TCGA-12-1099-01A-01D-0520-02	10	81746866	82378349	128	0.1042
TCGA-12-1099-01A-01D-0520-02	10	82380695	82416543	9	0.8079
TCGA-12-1099-01A-01D-0520-02	10	82434763	82666339	9	-0.0473
TCGA-12-1099-01A-01D-0520-02	10	82708736	82991169	8	0.6038
TCGA-12-1099-01A-01D-0520-02	10	83050732	83359086	10	-0.5996
TCGA-12-1099-01A-01D-0520-02	10	83387380	84423965	226	0.141
TCGA-12-1099-01A-01D-0520-02	10	84425708	84433612	5	-0.629
TCGA-12-1099-01A-01D-0520-02	10	84434951	84482688	15	0.3905
TCGA-12-1099-01A-01D-0520-02	10	84484907	84711767	55	0.1232
TCGA-12-1099-01A-01D-0520-02	10	84714333	84741257	12	-0.689
TCGA-12-1099-01A-01D-0520-02	10	84748593	84998848	9	0.3022
TCGA-12-1099-01A-01D-0520-02	10	85020645	85283059	12	0.6973
TCGA-12-1099-01A-01D-0520-02	10	85324227	86042434	59	0.1149
TCGA-12-1099-01A-01D-0520-02	10	86057798	86156379	15	-0.583
TCGA-12-1099-01A-01D-0520-02	10	86159326	86183101	7	0.1836
TCGA-12-1099-01A-01D-0520-02	10	86186456	86271745	27	-0.6282
TCGA-12-1099-01A-01D-0520-02	10	86286423	87053108	27	0.0888
TCGA-12-1099-01A-01D-0520-02	10	87102001	87241891	7	0.7196
TCGA-12-1099-01A-01D-0520-02	10	87258954	87474852	37	0.1145
TCGA-12-1099-01A-01D-0520-02	10	87481119	87538924	15	-0.6717
TCGA-12-1099-01A-01D-0520-02	10	87544635	87621944	15	-0.1833
TCGA-12-1099-01A-01D-0520-02	10	87632531	87887949	70	0.6922
TCGA-12-1099-01A-01D-0520-02	10	87891057	88020010	38	0.1537
TCGA-12-1099-01A-01D-0520-02	10	88030113	88084820	16	-0.6957
TCGA-12-1099-01A-01D-0520-02	10	88093014	88120673	7	0.5785
TCGA-12-1099-01A-01D-0520-02	10	88130502	88507354	53	0.1739
TCGA-12-1099-01A-01D-0520-02	10	88513257	88597015	28	-0.5577
TCGA-12-1099-01A-01D-0520-02	10	88599237	89338165	80	0.1318
TCGA-12-1099-01A-01D-0520-02	10	89355114	89502794	28	-0.7621
TCGA-12-1099-01A-01D-0520-02	10	89510992	89879205	68	-2.7839
TCGA-12-1099-01A-01D-0520-02	10	89912367	90051968	14	-0.7229
TCGA-12-1099-01A-01D-0520-02	10	90059035	90067182	5	-2.7906
TCGA-12-1099-01A-01D-0520-02	10	90075098	90190027	30	-0.7476
TCGA-12-1099-01A-01D-0520-02	10	90192877	90219454	9	-2.8599
TCGA-12-1099-01A-01D-0520-02	10	90226177	90316106	27	0.0854
TCGA-12-1099-01A-01D-0520-02	10	90319074	91254852	154	-0.7831
TCGA-12-1099-01A-01D-0520-02	10	91263115	91599572	67	0.1369
TCGA-12-1099-01A-01D-0520-02	10	91605866	91625339	5	-0.6144
TCGA-12-1099-01A-01D-0520-02	10	91635697	91679334	7	-2.8311
TCGA-12-1099-01A-01D-0520-02	10	91693853	92584812	61	0.0782
TCGA-12-1099-01A-01D-0520-02	10	92590338	92611409	8	-0.6547
TCGA-12-1099-01A-01D-0520-02	10	92617129	93187712	79	0.1341
TCGA-12-1099-01A-01D-0520-02	10	93193489	93314646	25	0.6603
TCGA-12-1099-01A-01D-0520-02	10	93333677	93499089	15	0.1604
TCGA-12-1099-01A-01D-0520-02	10	93523398	93763756	50	-0.6039
TCGA-12-1099-01A-01D-0520-02	10	93770340	94616969	175	0.1371
TCGA-12-1099-01A-01D-0520-02	10	94623079	94908060	66	0.7027
TCGA-12-1099-01A-01D-0520-02	10	94938679	94973840	4	0.1993
TCGA-12-1099-01A-01D-0520-02	10	94986810	95107516	18	-0.614
TCGA-12-1099-01A-01D-0520-02	10	95108737	95792721	137	0.1517
TCGA-12-1099-01A-01D-0520-02	10	95801436	95850282	21	-0.6652
TCGA-12-1099-01A-01D-0520-02	10	95857374	96201535	96	0.2251
TCGA-12-1099-01A-01D-0520-02	10	96219722	96242977	5	-0.5895
TCGA-12-1099-01A-01D-0520-02	10	96249856	96461078	50	0.1462
TCGA-12-1099-01A-01D-0520-02	10	96468879	96600362	18	-0.5542
TCGA-12-1099-01A-01D-0520-02	10	96604625	96666874	6	0.0191
TCGA-12-1099-01A-01D-0520-02	10	96673410	96823680	28	-0.6329
TCGA-12-1099-01A-01D-0520-02	10	96842251	97000190	24	0.7179
TCGA-12-1099-01A-01D-0520-02	10	97001376	97044465	10	0.1212
TCGA-12-1099-01A-01D-0520-02	10	97057916	97117372	13	0.4312
TCGA-12-1099-01A-01D-0520-02	10	97125752	97151537	11	-0.5712
TCGA-12-1099-01A-01D-0520-02	10	97154153	97356962	50	0.6675
TCGA-12-1099-01A-01D-0520-02	10	97358176	97393979	14	0.2045
TCGA-12-1099-01A-01D-0520-02	10	97403116	97529537	21	-0.6176
TCGA-12-1099-01A-01D-0520-02	10	97536401	97674048	32	0.5906
TCGA-12-1099-01A-01D-0520-02	10	97686238	98116642	95	0.1769
TCGA-12-1099-01A-01D-0520-02	10	98125575	98189901	23	-0.5843
TCGA-12-1099-01A-01D-0520-02	10	98191714	98249321	20	0.3652
TCGA-12-1099-01A-01D-0520-02	10	98258361	98326542	20	-0.6635
TCGA-12-1099-01A-01D-0520-02	10	98332264	98409160	26	0.2115
TCGA-12-1099-01A-01D-0520-02	10	98411759	98564493	26	-0.0064
TCGA-12-1099-01A-01D-0520-02	10	98578717	98649025	28	-0.2556
TCGA-12-1099-01A-01D-0520-02	10	98651276	98707394	24	0.1491
TCGA-12-1099-01A-01D-0520-02	10	98714368	98732555	5	-0.6137
TCGA-12-1099-01A-01D-0520-02	10	98738853	99164152	101	0.1791
TCGA-12-1099-01A-01D-0520-02	10	99170278	99240961	26	-0.6173
TCGA-12-1099-01A-01D-0520-02	10	99247798	99794849	129	0.2601
TCGA-12-1099-01A-01D-0520-02	10	99826125	99974505	28	-0.5717
TCGA-12-1099-01A-01D-0520-02	10	99980654	100190489	29	-0.1705
TCGA-12-1099-01A-01D-0520-02	10	100194030	100700712	133	0.1311
TCGA-12-1099-01A-01D-0520-02	10	100707848	100751134	11	0.6633
TCGA-12-1099-01A-01D-0520-02	10	100757776	101314163	109	0.1486
TCGA-12-1099-01A-01D-0520-02	10	101336582	101622770	62	-0.5924
TCGA-12-1099-01A-01D-0520-02	10	101627968	102017561	101	0.1492
TCGA-12-1099-01A-01D-0520-02	10	102024420	102103924	21	0.6181
TCGA-12-1099-01A-01D-0520-02	10	102112942	102251723	17	0.1896
TCGA-12-1099-01A-01D-0520-02	10	102253614	102299720	20	0.6343
TCGA-12-1099-01A-01D-0520-02	10	102306316	102744111	78	0.1202
TCGA-12-1099-01A-01D-0520-02	10	102750979	102999613	38	0.6435
TCGA-12-1099-01A-01D-0520-02	10	103011366	103271544	40	0.1894
TCGA-12-1099-01A-01D-0520-02	10	103276079	103335900	17	-0.6046
TCGA-12-1099-01A-01D-0520-02	10	103338930	103676371	74	0.1632
TCGA-12-1099-01A-01D-0520-02	10	103683000	103825340	23	-0.6528
TCGA-12-1099-01A-01D-0520-02	10	103834960	104376919	121	0.1317
TCGA-12-1099-01A-01D-0520-02	10	104383010	104414680	7	1.0387
TCGA-12-1099-01A-01D-0520-02	10	104423504	104503754	19	-0.6331
TCGA-12-1099-01A-01D-0520-02	10	104519525	104602016	21	0.5716
TCGA-12-1099-01A-01D-0520-02	10	104606470	104786340	57	-0.5951
TCGA-12-1099-01A-01D-0520-02	10	104788548	104906731	39	0.4373
TCGA-12-1099-01A-01D-0520-02	10	104914485	105413192	116	0.1008
TCGA-12-1099-01A-01D-0520-02	10	105414857	105508579	19	0.5625
TCGA-12-1099-01A-01D-0520-02	10	105516273	105781719	59	-0.6253
TCGA-12-1099-01A-01D-0520-02	10	105786966	105923668	43	0.1556
TCGA-12-1099-01A-01D-0520-02	10	105929608	105994439	16	-0.6597
TCGA-12-1099-01A-01D-0520-02	10	106001063	106401873	58	0.2001
TCGA-12-1099-01A-01D-0520-02	10	106409493	106578493	54	0.641
TCGA-12-1099-01A-01D-0520-02	10	106584712	106616663	11	-0.6586
TCGA-12-1099-01A-01D-0520-02	10	106624716	107659738	139	0.1261
TCGA-12-1099-01A-01D-0520-02	10	107697212	107850177	5	-0.6045
TCGA-12-1099-01A-01D-0520-02	10	107882688	108287852	16	0.1783
TCGA-12-1099-01A-01D-0520-02	10	108316654	108327012	4	-0.6562
TCGA-12-1099-01A-01D-0520-02	10	108328963	108574932	62	0.1525
TCGA-12-1099-01A-01D-0520-02	10	108576489	108668242	25	-0.5554
TCGA-12-1099-01A-01D-0520-02	10	108670123	109894818	135	0.1889
TCGA-12-1099-01A-01D-0520-02	10	109942718	110339471	15	-0.6777
TCGA-12-1099-01A-01D-0520-02	10	110372687	110719054	14	0.2835
TCGA-12-1099-01A-01D-0520-02	10	110754714	111135587	15	-0.6317
TCGA-12-1099-01A-01D-0520-02	10	111181777	111971968	106	0.1336
TCGA-12-1099-01A-01D-0520-02	10	111980024	112052585	16	-0.5893
TCGA-12-1099-01A-01D-0520-02	10	112055319	112353212	38	0.134
TCGA-12-1099-01A-01D-0520-02	10	112369041	112631024	37	-0.6178
TCGA-12-1099-01A-01D-0520-02	10	112637572	112714416	16	0.756
TCGA-12-1099-01A-01D-0520-02	10	112723069	113589603	53	0.1972
TCGA-12-1099-01A-01D-0520-02	10	113611123	114086267	44	0.655
TCGA-12-1099-01A-01D-0520-02	10	114087631	114253543	42	0.1615
TCGA-12-1099-01A-01D-0520-02	10	114259809	114371994	41	-0.5982
TCGA-12-1099-01A-01D-0520-02	10	114374983	114485315	35	0.1975
TCGA-12-1099-01A-01D-0520-02	10	114487485	114641046	14	0.6367
TCGA-12-1099-01A-01D-0520-02	10	114666217	114766881	24	0.1787
TCGA-12-1099-01A-01D-0520-02	10	114772324	114843589	15	-0.5892
TCGA-12-1099-01A-01D-0520-02	10	114850830	114889741	15	0.7589
TCGA-12-1099-01A-01D-0520-02	10	114897450	114931864	8	-0.6082
TCGA-12-1099-01A-01D-0520-02	10	114946844	115264388	19	0.115
TCGA-12-1099-01A-01D-0520-02	10	115282296	115333231	15	0.6973
TCGA-12-1099-01A-01D-0520-02	10	115334763	115371929	14	0.1326
TCGA-12-1099-01A-01D-0520-02	10	115377767	115477056	31	0.3741
TCGA-12-1099-01A-01D-0520-02	10	115479741	116830460	248	0.1677
TCGA-12-1099-01A-01D-0520-02	10	116844577	116895188	7	-0.6888
TCGA-12-1099-01A-01D-0520-02	10	116896014	116938114	11	0.1361
TCGA-12-1099-01A-01D-0520-02	10	116940096	117065193	30	-0.5895
TCGA-12-1099-01A-01D-0520-02	10	117074083	117107424	10	0.1426
TCGA-12-1099-01A-01D-0520-02	10	117109609	117141873	8	-0.5876
TCGA-12-1099-01A-01D-0520-02	10	117144227	117356250	40	0.344
TCGA-12-1099-01A-01D-0520-02	10	117361799	117395448	10	-0.547
TCGA-12-1099-01A-01D-0520-02	10	117403359	117422188	8	0.2421
TCGA-12-1099-01A-01D-0520-02	10	117423573	117611126	51	-0.5618
TCGA-12-1099-01A-01D-0520-02	10	117617746	117695483	26	0.4915
TCGA-12-1099-01A-01D-0520-02	10	117701184	117878519	34	0.16
TCGA-12-1099-01A-01D-0520-02	10	117882717	117999911	36	-0.6314
TCGA-12-1099-01A-01D-0520-02	10	118001049	118074773	10	-0.2385
TCGA-12-1099-01A-01D-0520-02	10	118081823	118152688	11	0.1475
TCGA-12-1099-01A-01D-0520-02	10	118160916	118282104	20	-0.589
TCGA-12-1099-01A-01D-0520-02	10	118289515	118924392	114	0.2537
TCGA-12-1099-01A-01D-0520-02	10	118938518	119001092	16	0.628
TCGA-12-1099-01A-01D-0520-02	10	119002928	120681537	202	0.1649
TCGA-12-1099-01A-01D-0520-02	10	120686559	120728985	13	0.6549
TCGA-12-1099-01A-01D-0520-02	10	120740482	120773516	9	-0.179
TCGA-12-1099-01A-01D-0520-02	10	120781589	120916337	36	0.1481
TCGA-12-1099-01A-01D-0520-02	10	120918087	121050172	30	0.6724
TCGA-12-1099-01A-01D-0520-02	10	121052678	121193703	37	0.0844
TCGA-12-1099-01A-01D-0520-02	10	121199921	121236823	8	-0.4064
TCGA-12-1099-01A-01D-0520-02	10	121250154	121286468	10	0.6631
TCGA-12-1099-01A-01D-0520-02	10	121296503	121629961	59	-0.011
TCGA-12-1099-01A-01D-0520-02	10	121640734	122194051	39	0.3668
TCGA-12-1099-01A-01D-0520-02	10	122203932	122310521	26	0.6404
TCGA-12-1099-01A-01D-0520-02	10	122318252	122801014	59	0.2127
TCGA-12-1099-01A-01D-0520-02	10	122807750	122856593	8	-0.6065
TCGA-12-1099-01A-01D-0520-02	10	122868187	122979843	14	-0.1872
TCGA-12-1099-01A-01D-0520-02	10	122986833	124325094	311	0.1095
TCGA-12-1099-01A-01D-0520-02	10	124327243	124340356	4	-0.6204
TCGA-12-1099-01A-01D-0520-02	10	124368725	124500895	39	-0.1552
TCGA-12-1099-01A-01D-0520-02	10	124503670	124540071	11	0.6423
TCGA-12-1099-01A-01D-0520-02	10	124545282	124671337	28	0.2066
TCGA-12-1099-01A-01D-0520-02	10	124681087	124710451	6	0.7569
TCGA-12-1099-01A-01D-0520-02	10	124722802	124759314	16	0.1647
TCGA-12-1099-01A-01D-0520-02	10	124761656	124829495	21	-0.6845
TCGA-12-1099-01A-01D-0520-02	10	124866837	125431224	47	0.1446
TCGA-12-1099-01A-01D-0520-02	10	125438865	125597203	33	0.6416
TCGA-12-1099-01A-01D-0520-02	10	125604400	125942780	39	0.1311
TCGA-12-1099-01A-01D-0520-02	10	125976990	126188755	37	-0.5227
TCGA-12-1099-01A-01D-0520-02	10	126190833	126437980	68	0.2115
TCGA-12-1099-01A-01D-0520-02	10	126444073	126491258	10	-0.6024
TCGA-12-1099-01A-01D-0520-02	10	126495120	126537334	9	0.6928
TCGA-12-1099-01A-01D-0520-02	10	126571884	126758321	41	0.1647
TCGA-12-1099-01A-01D-0520-02	10	126767476	126850059	23	-0.6222
TCGA-12-1099-01A-01D-0520-02	10	126857175	127131464	15	0.2166
TCGA-12-1099-01A-01D-0520-02	10	127187843	127399537	42	-0.6067
TCGA-12-1099-01A-01D-0520-02	10	127401661	127661570	77	0.1593
TCGA-12-1099-01A-01D-0520-02	10	127666160	127980561	86	-0.6467
TCGA-12-1099-01A-01D-0520-02	10	127987306	129212211	225	0.1513
TCGA-12-1099-01A-01D-0520-02	10	129255204	129694802	53	-0.5841
TCGA-12-1099-01A-01D-0520-02	10	129697462	129867650	36	0.1559
TCGA-12-1099-01A-01D-0520-02	10	129884583	129994900	9	0.704
TCGA-12-1099-01A-01D-0520-02	10	130006536	130919711	55	0.1368
TCGA-12-1099-01A-01D-0520-02	10	130929757	131220214	38	0.4409
TCGA-12-1099-01A-01D-0520-02	10	131222718	131393628	50	0.1388
TCGA-12-1099-01A-01D-0520-02	10	131396891	131419186	9	-0.681
TCGA-12-1099-01A-01D-0520-02	10	131429544	131565915	35	0.1715
TCGA-12-1099-01A-01D-0520-02	10	131567569	132097439	78	-0.642
TCGA-12-1099-01A-01D-0520-02	10	132117506	132243307	11	0.6885
TCGA-12-1099-01A-01D-0520-02	10	132255391	132705506	33	0.1305
TCGA-12-1099-01A-01D-0520-02	10	132728172	132787561	6	-0.3481
TCGA-12-1099-01A-01D-0520-02	10	132797428	133689721	122	0.1514
TCGA-12-1099-01A-01D-0520-02	10	133701662	133783634	7	-0.6181
TCGA-12-1099-01A-01D-0520-02	10	133795580	134261581	99	0.1197
TCGA-12-1099-01A-01D-0520-02	10	134269281	134371766	28	-0.6325
TCGA-12-1099-01A-01D-0520-02	10	134374551	134843054	75	0.1215
TCGA-12-1099-01A-01D-0520-02	10	134848321	134882329	5	-0.501
TCGA-12-1099-01A-01D-0520-02	10	134889680	135145827	50	0.4041
TCGA-12-1099-01A-01D-0520-02	10	135156805	135286023	20	0.1518
TCGA-12-1099-01A-01D-0520-02	11	190215	7757329	1250	-0.2235
TCGA-12-1099-01A-01D-0520-02	11	7774067	7783344	3	-1.1572
TCGA-12-1099-01A-01D-0520-02	11	7797993	18882806	2176	-0.2213
TCGA-12-1099-01A-01D-0520-02	11	18896166	18915871	6	-0.6647
TCGA-12-1099-01A-01D-0520-02	11	18929375	55118214	4280	-0.208
TCGA-12-1099-01A-01D-0520-02	11	55124730	55207305	16	-0.7195
TCGA-12-1099-01A-01D-0520-02	11	55225136	67819097	2285	-0.2185
TCGA-12-1099-01A-01D-0520-02	11	67826000	67857029	7	0.3297
TCGA-12-1099-01A-01D-0520-02	11	67865866	106733851	6127	-0.2114
TCGA-12-1099-01A-01D-0520-02	11	106744337	106747920	4	-0.7135
TCGA-12-1099-01A-01D-0520-02	11	106758170	134432265	4542	-0.2155
TCGA-12-1099-01A-01D-0520-02	12	59839	9523923	1813	-0.0941
TCGA-12-1099-01A-01D-0520-02	12	9528590	9554149	4	-5.4266
TCGA-12-1099-01A-01D-0520-02	12	9555181	9610054	7	-0.8862
TCGA-12-1099-01A-01D-0520-02	12	9626736	98316278	12913	-0.0949
TCGA-12-1099-01A-01D-0520-02	12	98318378	98320165	3	-0.8994
TCGA-12-1099-01A-01D-0520-02	12	98327582	132289090	5662	-0.114
TCGA-12-1099-01A-01D-0520-02	13	18065953	73148468	6831	-0.641
TCGA-12-1099-01A-01D-0520-02	13	73160851	114114513	5053	-0.2211
TCGA-12-1099-01A-01D-0520-02	14	18149473	19154992	8	-0.1475
TCGA-12-1099-01A-01D-0520-02	14	19268776	19350230	11	-0.5393
TCGA-12-1099-01A-01D-0520-02	14	19362145	21479168	421	-0.0997
TCGA-12-1099-01A-01D-0520-02	14	21485351	21793719	83	0.0643
TCGA-12-1099-01A-01D-0520-02	14	21799456	22017734	59	0.2256
TCGA-12-1099-01A-01D-0520-02	14	22019726	22042671	11	0.0461
TCGA-12-1099-01A-01D-0520-02	14	22044438	32784153	1418	-0.1048
TCGA-12-1099-01A-01D-0520-02	14	32786643	33061908	107	-0.8143
TCGA-12-1099-01A-01D-0520-02	14	33069919	106349756	11016	-0.1163
TCGA-12-1099-01A-01D-0520-02	15	18362555	18752131	9	-0.5006
TCGA-12-1099-01A-01D-0520-02	15	18835660	20079935	83	-1.4115
TCGA-12-1099-01A-01D-0520-02	15	20249886	74669752	8903	-0.6965
TCGA-12-1099-01A-01D-0520-02	15	74671626	74680439	4	0.2357
TCGA-12-1099-01A-01D-0520-02	15	74696127	95595820	2890	-0.6944
TCGA-12-1099-01A-01D-0520-02	15	95606006	95632390	3	-2.8228
TCGA-12-1099-01A-01D-0520-02	15	95658438	100282819	781	-0.7133
TCGA-12-1099-01A-01D-0520-02	16	36766	2600740	463	-0.3152
TCGA-12-1099-01A-01D-0520-02	16	2638581	2639798	3	-0.9058
TCGA-12-1099-01A-01D-0520-02	16	2660804	21258019	2803	-0.3005
TCGA-12-1099-01A-01D-0520-02	16	21382540	21507188	7	-0.6785
TCGA-12-1099-01A-01D-0520-02	16	21519814	32105104	1456	-0.3076
TCGA-12-1099-01A-01D-0520-02	16	32378126	32748349	12	-0.012
TCGA-12-1099-01A-01D-0520-02	16	33278944	33373002	9	-0.4284
TCGA-12-1099-01A-01D-0520-02	16	33395114	33758082	12	-0.0222
TCGA-12-1099-01A-01D-0520-02	16	33875313	54343465	1332	-0.2966
TCGA-12-1099-01A-01D-0520-02	16	54353978	54379834	6	-1.1709
TCGA-12-1099-01A-01D-0520-02	16	54399890	68679377	1995	-0.2955
TCGA-12-1099-01A-01D-0520-02	16	68710277	68751390	7	-1.0661
TCGA-12-1099-01A-01D-0520-02	16	68838368	69409493	135	-0.2948
TCGA-12-1099-01A-01D-0520-02	16	69417987	69758635	71	-0.0465
TCGA-12-1099-01A-01D-0520-02	16	69761372	72917554	424	-0.2995
TCGA-12-1099-01A-01D-0520-02	16	72933295	72964783	3	-0.9552
TCGA-12-1099-01A-01D-0520-02	16	73022578	75093957	369	-0.2839
TCGA-12-1099-01A-01D-0520-02	16	75097331	75100865	3	-4.2379
TCGA-12-1099-01A-01D-0520-02	16	75102639	88371616	2222	-0.3099
TCGA-12-1099-01A-01D-0520-02	16	88376785	88388074	3	-1.0862
TCGA-12-1099-01A-01D-0520-02	16	88391867	88675835	63	-0.3109
TCGA-12-1099-01A-01D-0520-02	17	29169	34299631	6124	-0.0399
TCGA-12-1099-01A-01D-0520-02	17	34305452	34524247	49	0.1294
TCGA-12-1099-01A-01D-0520-02	17	34532597	41568539	1399	-0.0381
TCGA-12-1099-01A-01D-0520-02	17	41570512	41708551	32	-0.3915
TCGA-12-1099-01A-01D-0520-02	17	41983407	78636731	6369	-0.0325
TCGA-12-1099-01A-01D-0520-02	18	4316	76110964	10178	-0.0881
TCGA-12-1099-01A-01D-0520-02	19	210395	4156366	681	0.5751
TCGA-12-1099-01A-01D-0520-02	19	4158387	4171470	3	1.1827
TCGA-12-1099-01A-01D-0520-02	19	4197606	5841904	319	0.5905
TCGA-12-1099-01A-01D-0520-02	19	5852502	5894781	16	-0.8176
TCGA-12-1099-01A-01D-0520-02	19	5897203	6044037	59	0.1544
TCGA-12-1099-01A-01D-0520-02	19	6046370	6127152	22	0.6628
TCGA-12-1099-01A-01D-0520-02	19	6133781	6209630	17	0.3861
TCGA-12-1099-01A-01D-0520-02	19	6218467	6336462	22	-0.2119
TCGA-12-1099-01A-01D-0520-02	19	6343025	6458961	30	-0.7449
TCGA-12-1099-01A-01D-0520-02	19	6465048	6617970	17	-0.2119
TCGA-12-1099-01A-01D-0520-02	19	6620138	7090437	114	0.1502
TCGA-12-1099-01A-01D-0520-02	19	7091510	7121747	15	-0.3437
TCGA-12-1099-01A-01D-0520-02	19	7126967	7201649	36	0.159
TCGA-12-1099-01A-01D-0520-02	19	7204685	7304352	15	0.5491
TCGA-12-1099-01A-01D-0520-02	19	7327460	7424113	30	0.3644
TCGA-12-1099-01A-01D-0520-02	19	7426168	8364903	166	0.0644
TCGA-12-1099-01A-01D-0520-02	19	8376699	8491983	26	-0.6756
TCGA-12-1099-01A-01D-0520-02	19	8503400	24157855	2718	0.5795
TCGA-12-1099-01A-01D-0520-02	19	32545047	33087557	20	-0.3195
TCGA-12-1099-01A-01D-0520-02	19	33091339	33432675	22	0.5895
TCGA-12-1099-01A-01D-0520-02	19	33479027	33669978	10	-0.3495
TCGA-12-1099-01A-01D-0520-02	19	33682557	33973326	26	0.1292
TCGA-12-1099-01A-01D-0520-02	19	34008912	34430432	20	0.5578
TCGA-12-1099-01A-01D-0520-02	19	34467144	34958200	103	0.0428
TCGA-12-1099-01A-01D-0520-02	19	34978732	35322055	57	0.2533
TCGA-12-1099-01A-01D-0520-02	19	35388639	35612831	28	0.4731
TCGA-12-1099-01A-01D-0520-02	19	35614376	35717175	47	-0.713
TCGA-12-1099-01A-01D-0520-02	19	35725088	36288875	22	0.0132
TCGA-12-1099-01A-01D-0520-02	19	36315649	36493923	14	0.5896
TCGA-12-1099-01A-01D-0520-02	19	36504177	37363671	29	0.079
TCGA-12-1099-01A-01D-0520-02	19	37424789	37713992	52	0.4248
TCGA-12-1099-01A-01D-0520-02	19	37741966	37997249	64	0.1383
TCGA-12-1099-01A-01D-0520-02	19	37998271	38109762	34	-0.2053
TCGA-12-1099-01A-01D-0520-02	19	38111995	38161535	19	0.6263
TCGA-12-1099-01A-01D-0520-02	19	38174374	38313062	29	0.0881
TCGA-12-1099-01A-01D-0520-02	19	38317245	38453055	25	-0.6965
TCGA-12-1099-01A-01D-0520-02	19	38463311	39357486	127	0.0707
TCGA-12-1099-01A-01D-0520-02	19	39358899	39744346	104	0.3664
TCGA-12-1099-01A-01D-0520-02	19	39751457	40051033	44	0.109
TCGA-12-1099-01A-01D-0520-02	19	40060543	40432473	68	0.3978
TCGA-12-1099-01A-01D-0520-02	19	40437572	40462111	9	0.0856
TCGA-12-1099-01A-01D-0520-02	19	40465968	40675883	28	-0.4765
TCGA-12-1099-01A-01D-0520-02	19	40679944	40800138	29	0.0806
TCGA-12-1099-01A-01D-0520-02	19	40803839	40829348	8	-0.6481
TCGA-12-1099-01A-01D-0520-02	19	40839016	40857955	7	0.7361
TCGA-12-1099-01A-01D-0520-02	19	40859304	41155248	68	-0.2193
TCGA-12-1099-01A-01D-0520-02	19	41167417	41182609	4	0.3464
TCGA-12-1099-01A-01D-0520-02	19	41183805	41243608	17	-0.7061
TCGA-12-1099-01A-01D-0520-02	19	41247993	41278580	15	0.0588
TCGA-12-1099-01A-01D-0520-02	19	41289491	41436209	37	-0.694
TCGA-12-1099-01A-01D-0520-02	19	41497831	41836924	70	0.0713
TCGA-12-1099-01A-01D-0520-02	19	41837414	41879774	10	0.5956
TCGA-12-1099-01A-01D-0520-02	19	41893380	41902469	7	-0.7224
TCGA-12-1099-01A-01D-0520-02	19	41912163	41978330	8	0.0848
TCGA-12-1099-01A-01D-0520-02	19	41988530	42018089	11	0.7205
TCGA-12-1099-01A-01D-0520-02	19	42025983	42114062	28	-0.1882
TCGA-12-1099-01A-01D-0520-02	19	42119414	42173398	15	0.8533
TCGA-12-1099-01A-01D-0520-02	19	42180518	42402528	39	-0.2107
TCGA-12-1099-01A-01D-0520-02	19	42407100	42737102	70	0.1167
TCGA-12-1099-01A-01D-0520-02	19	42744320	42756030	8	0.6303
TCGA-12-1099-01A-01D-0520-02	19	42757712	42870154	31	0.1459
TCGA-12-1099-01A-01D-0520-02	19	42874528	42922334	12	-0.7882
TCGA-12-1099-01A-01D-0520-02	19	42923824	43035809	24	0.0862
TCGA-12-1099-01A-01D-0520-02	19	43042910	43215699	51	-0.6903
TCGA-12-1099-01A-01D-0520-02	19	43224972	43269856	18	0.1973
TCGA-12-1099-01A-01D-0520-02	19	43271977	43323196	13	-0.3612
TCGA-12-1099-01A-01D-0520-02	19	43331460	43433697	22	0.3969
TCGA-12-1099-01A-01D-0520-02	19	43435387	43566271	28	-0.7118
TCGA-12-1099-01A-01D-0520-02	19	43573382	44261170	141	0.0581
TCGA-12-1099-01A-01D-0520-02	19	44270438	44324843	15	0.2948
TCGA-12-1099-01A-01D-0520-02	19	44327557	44384340	11	-0.6608
TCGA-12-1099-01A-01D-0520-02	19	44386936	44424144	9	0.0341
TCGA-12-1099-01A-01D-0520-02	19	44434778	44531743	15	-0.7148
TCGA-12-1099-01A-01D-0520-02	19	44537058	44640758	28	0.053
TCGA-12-1099-01A-01D-0520-02	19	44649969	44710808	18	-0.6283
TCGA-12-1099-01A-01D-0520-02	19	44714590	45061203	62	0.2178
TCGA-12-1099-01A-01D-0520-02	19	45095032	45147472	11	-0.6621
TCGA-12-1099-01A-01D-0520-02	19	45165046	45189975	9	0.6741
TCGA-12-1099-01A-01D-0520-02	19	45196122	45373218	27	0.0727
TCGA-12-1099-01A-01D-0520-02	19	45386656	45427022	10	0.399
TCGA-12-1099-01A-01D-0520-02	19	45437942	45531455	20	-0.7219
TCGA-12-1099-01A-01D-0520-02	19	45533923	46089262	118	0.0925
TCGA-12-1099-01A-01D-0520-02	19	46096429	46317004	42	-0.6751
TCGA-12-1099-01A-01D-0520-02	19	46318230	46958148	126	0.0704
TCGA-12-1099-01A-01D-0520-02	19	46963035	47106916	33	-0.7409
TCGA-12-1099-01A-01D-0520-02	19	47126886	47188588	12	-0.274
TCGA-12-1099-01A-01D-0520-02	19	47191385	47410903	39	-0.7307
TCGA-12-1099-01A-01D-0520-02	19	47415751	47574701	43	0.161
TCGA-12-1099-01A-01D-0520-02	19	47592084	48046099	49	-0.571
TCGA-12-1099-01A-01D-0520-02	19	48171931	48620973	27	0.0474
TCGA-12-1099-01A-01D-0520-02	19	48638301	48769514	33	0.5721
TCGA-12-1099-01A-01D-0520-02	19	48778108	49027266	59	0.0659
TCGA-12-1099-01A-01D-0520-02	19	49030456	49175209	36	0.5824
TCGA-12-1099-01A-01D-0520-02	19	49182382	49356399	39	0.0878
TCGA-12-1099-01A-01D-0520-02	19	49365307	49584105	34	0.4192
TCGA-12-1099-01A-01D-0520-02	19	49587754	49929336	73	0.0086
TCGA-12-1099-01A-01D-0520-02	19	49939447	50236591	60	-0.7109
TCGA-12-1099-01A-01D-0520-02	19	50249107	50304170	14	0.0679
TCGA-12-1099-01A-01D-0520-02	19	50321743	50524864	37	-0.2086
TCGA-12-1099-01A-01D-0520-02	19	50529404	50538763	4	-0.6675
TCGA-12-1099-01A-01D-0520-02	19	50554627	50582487	6	0.5533
TCGA-12-1099-01A-01D-0520-02	19	50587883	50953828	84	0.0605
TCGA-12-1099-01A-01D-0520-02	19	50959924	51044402	22	-0.5688
TCGA-12-1099-01A-01D-0520-02	19	51050606	51177689	30	0.0285
TCGA-12-1099-01A-01D-0520-02	19	51190313	51222233	5	-0.7562
TCGA-12-1099-01A-01D-0520-02	19	51232642	51306244	9	0.635
TCGA-12-1099-01A-01D-0520-02	19	51311413	51583868	48	0.265
TCGA-12-1099-01A-01D-0520-02	19	51593895	51774737	29	0.6092
TCGA-12-1099-01A-01D-0520-02	19	51784149	51965187	46	-0.197
TCGA-12-1099-01A-01D-0520-02	19	51973571	52292382	63	0.0648
TCGA-12-1099-01A-01D-0520-02	19	52299675	52333644	9	0.3858
TCGA-12-1099-01A-01D-0520-02	19	52337130	52340820	3	-0.6023
TCGA-12-1099-01A-01D-0520-02	19	52342063	52418784	27	0.5822
TCGA-12-1099-01A-01D-0520-02	19	52420773	52605886	34	0.1745
TCGA-12-1099-01A-01D-0520-02	19	52607366	52715891	30	0.5582
TCGA-12-1099-01A-01D-0520-02	19	52722417	52772427	11	-0.7579
TCGA-12-1099-01A-01D-0520-02	19	52793778	52895888	14	0.5604
TCGA-12-1099-01A-01D-0520-02	19	52916104	53057498	32	-0.6127
TCGA-12-1099-01A-01D-0520-02	19	53066395	53325397	53	0.0957
TCGA-12-1099-01A-01D-0520-02	19	53326928	53452412	33	0.6087
TCGA-12-1099-01A-01D-0520-02	19	53459226	53549987	23	0.1934
TCGA-12-1099-01A-01D-0520-02	19	53557623	54555545	191	0.008
TCGA-12-1099-01A-01D-0520-02	19	54561414	54576007	5	-0.6665
TCGA-12-1099-01A-01D-0520-02	19	54588122	54598951	5	0.5962
TCGA-12-1099-01A-01D-0520-02	19	54605175	54877681	67	0.0428
TCGA-12-1099-01A-01D-0520-02	19	54878808	55027633	29	0.5573
TCGA-12-1099-01A-01D-0520-02	19	55031991	55133753	25	0.202
TCGA-12-1099-01A-01D-0520-02	19	55145368	55262578	25	-0.7547
TCGA-12-1099-01A-01D-0520-02	19	55271649	55354329	7	-0.3381
TCGA-12-1099-01A-01D-0520-02	19	55367722	55707065	83	0.0597
TCGA-12-1099-01A-01D-0520-02	19	55717955	55752191	8	0.5495
TCGA-12-1099-01A-01D-0520-02	19	55754772	56046186	52	0.0078
TCGA-12-1099-01A-01D-0520-02	19	56053816	56125342	11	0.6202
TCGA-12-1099-01A-01D-0520-02	19	56134961	56315357	49	0.0314
TCGA-12-1099-01A-01D-0520-02	19	56321449	56434473	20	-0.7379
TCGA-12-1099-01A-01D-0520-02	19	56442426	56502074	11	0.0157
TCGA-12-1099-01A-01D-0520-02	19	56509807	56631731	20	-0.813
TCGA-12-1099-01A-01D-0520-02	19	56646524	56723310	22	0.0531
TCGA-12-1099-01A-01D-0520-02	19	56726250	56963102	50	-0.7797
TCGA-12-1099-01A-01D-0520-02	19	56974270	57017776	13	0.0509
TCGA-12-1099-01A-01D-0520-02	19	57031211	57141386	28	-0.7333
TCGA-12-1099-01A-01D-0520-02	19	57149554	57475468	65	0.136
TCGA-12-1099-01A-01D-0520-02	19	57476652	57561995	33	0.5576
TCGA-12-1099-01A-01D-0520-02	19	57572156	57712528	18	-0.7128
TCGA-12-1099-01A-01D-0520-02	19	57718358	57733017	3	0.0369
TCGA-12-1099-01A-01D-0520-02	19	57736729	58177409	76	-0.6996
TCGA-12-1099-01A-01D-0520-02	19	58178966	58398959	45	0.0108
TCGA-12-1099-01A-01D-0520-02	19	58408453	58423407	4	-0.7858
TCGA-12-1099-01A-01D-0520-02	19	58430873	58751379	58	0.5372
TCGA-12-1099-01A-01D-0520-02	19	58755516	58972611	61	0.1039
TCGA-12-1099-01A-01D-0520-02	19	58977718	59005579	7	-0.7172
TCGA-12-1099-01A-01D-0520-02	19	59015015	59380253	76	0.0586
TCGA-12-1099-01A-01D-0520-02	19	59389152	59780403	77	0.536
TCGA-12-1099-01A-01D-0520-02	19	59781314	59803135	5	0.0149
TCGA-12-1099-01A-01D-0520-02	19	59808372	59903453	14	-0.706
TCGA-12-1099-01A-01D-0520-02	19	59907921	60285963	55	0.0747
TCGA-12-1099-01A-01D-0520-02	19	60287380	60397697	26	-0.1925
TCGA-12-1099-01A-01D-0520-02	19	60405165	60618310	52	0.0657
TCGA-12-1099-01A-01D-0520-02	19	60623759	60776332	21	-0.7021
TCGA-12-1099-01A-01D-0520-02	19	60786417	61236597	117	0.1438
TCGA-12-1099-01A-01D-0520-02	19	61239037	61264966	9	-0.6483
TCGA-12-1099-01A-01D-0520-02	19	61271560	61466816	36	0.077
TCGA-12-1099-01A-01D-0520-02	19	61473197	61490964	4	0.6754
TCGA-12-1099-01A-01D-0520-02	19	61499621	61579313	12	-0.1573
TCGA-12-1099-01A-01D-0520-02	19	61580188	61716902	31	0.0924
TCGA-12-1099-01A-01D-0520-02	19	61723627	61764387	8	-0.7209
TCGA-12-1099-01A-01D-0520-02	19	61769344	61868392	26	0.2046
TCGA-12-1099-01A-01D-0520-02	19	61870312	62143433	43	-0.7528
TCGA-12-1099-01A-01D-0520-02	19	62163976	62363773	28	0.1647
TCGA-12-1099-01A-01D-0520-02	19	62370730	62446902	13	-0.6746
TCGA-12-1099-01A-01D-0520-02	19	62453892	62845493	107	0.0855
TCGA-12-1099-01A-01D-0520-02	19	62852094	62915891	21	0.8486
TCGA-12-1099-01A-01D-0520-02	19	62922991	63060614	30	0.4146
TCGA-12-1099-01A-01D-0520-02	19	63066842	63226131	45	0.0402
TCGA-12-1099-01A-01D-0520-02	19	63239561	63528883	61	0.561
TCGA-12-1099-01A-01D-0520-02	19	63530959	63700047	37	0.0573
TCGA-12-1099-01A-01D-0520-02	19	63703109	63787171	18	-0.2843
TCGA-12-1099-01A-01D-0520-02	2	20341	107307933	14274	0.1139
TCGA-12-1099-01A-01D-0520-02	2	107327099	107703440	16	-0.6572
TCGA-12-1099-01A-01D-0520-02	2	107744391	178541546	9901	-0.2101
TCGA-12-1099-01A-01D-0520-02	2	178544895	178555242	3	-3.7256
TCGA-12-1099-01A-01D-0520-02	2	178558860	242717016	9803	-0.212
TCGA-12-1099-01A-01D-0520-02	20	18580	1506379	262	-0.2424
TCGA-12-1099-01A-01D-0520-02	20	1511632	1531162	8	-3.2982
TCGA-12-1099-01A-01D-0520-02	20	1544485	62379059	9379	-0.2198
TCGA-12-1099-01A-01D-0520-02	21	9896630	13334960	24	-0.4036
TCGA-12-1099-01A-01D-0520-02	21	13342486	13717139	12	-0.1487
TCGA-12-1099-01A-01D-0520-02	21	13723418	46914686	4879	-0.4391
TCGA-12-1099-01A-01D-0520-02	22	14866086	21568861	1033	0.0884
TCGA-12-1099-01A-01D-0520-02	22	21574577	21579649	3	1.2316
TCGA-12-1099-01A-01D-0520-02	22	21580865	22642519	169	0.0775
TCGA-12-1099-01A-01D-0520-02	22	22677959	22720195	13	-0.3438
TCGA-12-1099-01A-01D-0520-02	22	22736990	28604329	1105	0.0943
TCGA-12-1099-01A-01D-0520-02	22	28611261	28627176	8	-0.3348
TCGA-12-1099-01A-01D-0520-02	22	28634390	49565816	3831	0.0848
TCGA-12-1099-01A-01D-0520-02	3	39066	592415	99	0.5038
TCGA-12-1099-01A-01D-0520-02	3	595451	635754	8	0.2016
TCGA-12-1099-01A-01D-0520-02	3	641257	7368059	1086	0.5316
TCGA-12-1099-01A-01D-0520-02	3	7373793	7376517	3	-0.4159
TCGA-12-1099-01A-01D-0520-02	3	7378691	17583551	1862	0.5326
TCGA-12-1099-01A-01D-0520-02	3	17590006	17684429	25	-0.6697
TCGA-12-1099-01A-01D-0520-02	3	17691884	75469606	9688	0.5306
TCGA-12-1099-01A-01D-0520-02	3	75554518	76019295	19	0.2627
TCGA-12-1099-01A-01D-0520-02	3	76042344	119743141	4670	0.5507
TCGA-12-1099-01A-01D-0520-02	3	119747895	124926948	1044	-0.6983
TCGA-12-1099-01A-01D-0520-02	3	124935208	137257227	2414	0.5256
TCGA-12-1099-01A-01D-0520-02	3	137266261	137807146	125	-0.7303
TCGA-12-1099-01A-01D-0520-02	3	137811463	163966032	3596	0.5465
TCGA-12-1099-01A-01D-0520-02	3	163977334	164101776	10	1.09
TCGA-12-1099-01A-01D-0520-02	3	164112873	192548135	4353	0.5505
TCGA-12-1099-01A-01D-0520-02	3	192549325	192552734	3	-0.682
TCGA-12-1099-01A-01D-0520-02	3	192554451	196822133	707	0.5453
TCGA-12-1099-01A-01D-0520-02	3	196904349	196940125	9	0.0368
TCGA-12-1099-01A-01D-0520-02	3	196942158	199379566	440	0.5093
TCGA-12-1099-01A-01D-0520-02	4	41413	29147251	3763	-0.0664
TCGA-12-1099-01A-01D-0520-02	4	29177478	29952600	25	-0.708
TCGA-12-1099-01A-01D-0520-02	4	30016362	37623703	548	-0.0533
TCGA-12-1099-01A-01D-0520-02	4	37629539	38517661	135	-1.0238
TCGA-12-1099-01A-01D-0520-02	4	38525221	38619117	14	-0.0961
TCGA-12-1099-01A-01D-0520-02	4	38627039	38759066	37	-1.0414
TCGA-12-1099-01A-01D-0520-02	4	38764477	38800220	12	-0.054
TCGA-12-1099-01A-01D-0520-02	4	38810791	38896145	17	-1.0112
TCGA-12-1099-01A-01D-0520-02	4	38902936	69057735	3231	-0.052
TCGA-12-1099-01A-01D-0520-02	4	69069563	69165814	13	-0.6761
TCGA-12-1099-01A-01D-0520-02	4	69643272	173224400	14205	-0.0576
TCGA-12-1099-01A-01D-0520-02	4	173226562	173229983	3	1.166
TCGA-12-1099-01A-01D-0520-02	4	173231156	191133609	2349	-0.0578
TCGA-12-1099-01A-01D-0520-02	5	75149	786455	109	-0.0822
TCGA-12-1099-01A-01D-0520-02	5	812169	905462	10	-0.3217
TCGA-12-1099-01A-01D-0520-02	5	916822	17549618	2195	-0.0611
TCGA-12-1099-01A-01D-0520-02	5	17559190	17653599	4	-0.5813
TCGA-12-1099-01A-01D-0520-02	5	17662005	59519685	4599	-0.0516
TCGA-12-1099-01A-01D-0520-02	5	59525396	59531344	3	-0.825
TCGA-12-1099-01A-01D-0520-02	5	59535295	99869230	5322	-0.0396
TCGA-12-1099-01A-01D-0520-02	5	99872508	99877748	3	-0.8507
TCGA-12-1099-01A-01D-0520-02	5	99879944	140526960	5426	-0.0518
TCGA-12-1099-01A-01D-0520-02	5	140533456	140538666	3	-0.6501
TCGA-12-1099-01A-01D-0520-02	5	140540083	180342860	5814	-0.0608
TCGA-12-1099-01A-01D-0520-02	5	180351118	180358977	5	0.5674
TCGA-12-1099-01A-01D-0520-02	5	180365950	180644810	50	-0.0531
TCGA-12-1099-01A-01D-0520-02	6	97634	240119	16	0.1989
TCGA-12-1099-01A-01D-0520-02	6	241674	320890	29	-0.1322
TCGA-12-1099-01A-01D-0520-02	6	334423	14518487	2304	0.1323
TCGA-12-1099-01A-01D-0520-02	6	14535258	15289852	32	-0.6841
TCGA-12-1099-01A-01D-0520-02	6	15325879	29950805	2295	-0.185
TCGA-12-1099-01A-01D-0520-02	6	29962849	30010234	7	-1.1045
TCGA-12-1099-01A-01D-0520-02	6	30026699	54035000	4247	-0.1852
TCGA-12-1099-01A-01D-0520-02	6	54037199	54042734	3	1.1406
TCGA-12-1099-01A-01D-0520-02	6	54045472	57468298	634	-0.199
TCGA-12-1099-01A-01D-0520-02	6	57477427	57648021	53	0.0739
TCGA-12-1099-01A-01D-0520-02	6	57683389	78983276	2100	-0.1855
TCGA-12-1099-01A-01D-0520-02	6	79024557	79091850	8	-6.164
TCGA-12-1099-01A-01D-0520-02	6	79101978	170762955	13159	-0.1789
TCGA-12-1099-01A-01D-0520-02	7	140213	53398579	8144	0.4371
TCGA-12-1099-01A-01D-0520-02	7	53439535	53550619	4	-0.2529
TCGA-12-1099-01A-01D-0520-02	7	53572921	57629890	387	0.4249
TCGA-12-1099-01A-01D-0520-02	7	57650106	61469275	8	0.0457
TCGA-12-1099-01A-01D-0520-02	7	61668100	141408013	12570	0.4423
TCGA-12-1099-01A-01D-0520-02	7	141413352	141440184	11	0.8552
TCGA-12-1099-01A-01D-0520-02	7	141442231	151701438	1824	0.4234
TCGA-12-1099-01A-01D-0520-02	7	151709873	151783619	18	0.0439
TCGA-12-1099-01A-01D-0520-02	7	151786104	158811268	1226	0.4106
TCGA-12-1099-01A-01D-0520-02	8	166814	25120552	3650	0.1029
TCGA-12-1099-01A-01D-0520-02	8	25124428	25129043	3	1.0963
TCGA-12-1099-01A-01D-0520-02	8	25130780	39345557	2030	0.1064
TCGA-12-1099-01A-01D-0520-02	8	39352361	39505256	29	0.8945
TCGA-12-1099-01A-01D-0520-02	8	39511632	81347718	4861	0.1108
TCGA-12-1099-01A-01D-0520-02	8	81349746	82962193	253	0.299
TCGA-12-1099-01A-01D-0520-02	8	82988515	92416717	1134	0.1149
TCGA-12-1099-01A-01D-0520-02	8	92418063	93068337	49	-0.7448
TCGA-12-1099-01A-01D-0520-02	8	93073267	101337333	1450	0.0998
TCGA-12-1099-01A-01D-0520-02	8	101345381	105242150	582	0.29
TCGA-12-1099-01A-01D-0520-02	8	105243605	146264846	5121	0.1017
TCGA-12-1099-01A-01D-0520-02	9	153131	17554830	2377	-0.0423
TCGA-12-1099-01A-01D-0520-02	9	17568661	20829579	569	-0.6864
TCGA-12-1099-01A-01D-0520-02	9	20836666	20892540	11	-2.7095
TCGA-12-1099-01A-01D-0520-02	9	20894732	22477358	216	-0.7022
TCGA-12-1099-01A-01D-0520-02	9	22502565	22992318	62	-0.0576
TCGA-12-1099-01A-01D-0520-02	9	23018614	23122133	6	-1.0092
TCGA-12-1099-01A-01D-0520-02	9	23146308	23991794	72	-0.0819
TCGA-12-1099-01A-01D-0520-02	9	24017367	24136307	6	-0.9312
TCGA-12-1099-01A-01D-0520-02	9	24160666	26413210	95	-0.1196
TCGA-12-1099-01A-01D-0520-02	9	26433722	26613334	9	-1.0785
TCGA-12-1099-01A-01D-0520-02	9	26639384	140241876	12454	-0.0547
TCGA-12-1099-01A-01D-0520-02	X	2719027	2850957	17	0.7554
TCGA-12-1099-01A-01D-0520-02	X	2859072	16074028	1108	1.0012
TCGA-12-1099-01A-01D-0520-02	X	16078578	16529161	25	0.2391
TCGA-12-1099-01A-01D-0520-02	X	16537832	90865947	5248	0.9907
TCGA-12-1099-01A-01D-0520-02	X	90917565	92184315	51	0.63
TCGA-12-1099-01A-01D-0520-02	X	92263775	154582414	4890	0.9976
TCGA-12-1099-01A-01D-0520-02	Y	2710450	3219184	56	-4.981
TCGA-12-1099-01A-01D-0520-02	Y	3223585	6652868	88	-1.2346
TCGA-12-1099-01A-01D-0520-02	Y	6696721	7631265	122	-4.3623
TCGA-12-1099-01A-01D-0520-02	Y	7645171	7679075	9	-1.3263
TCGA-12-1099-01A-01D-0520-02	Y	7682695	7734410	13	-5.1167
TCGA-12-1099-01A-01D-0520-02	Y	7735274	7802397	12	-2.4693
TCGA-12-1099-01A-01D-0520-02	Y	7806605	8094987	45	-5.2631
TCGA-12-1099-01A-01D-0520-02	Y	8100562	8823361	103	-4.3899
TCGA-12-1099-01A-01D-0520-02	Y	8828716	9208277	31	-5.7633
TCGA-12-1099-01A-01D-0520-02	Y	9221921	10058952	9	-3.3744
TCGA-12-1099-01A-01D-0520-02	Y	10060138	10511255	21	-5.7923
TCGA-12-1099-01A-01D-0520-02	Y	10578072	12486140	15	-1.0058
TCGA-12-1099-01A-01D-0520-02	Y	12502304	12997864	39	-3.9853
TCGA-12-1099-01A-01D-0520-02	Y	12999095	13035511	12	-1.5957
TCGA-12-1099-01A-01D-0520-02	Y	13052633	22930737	710	-4.8438
TCGA-12-1099-01A-01D-0520-02	Y	23283689	57440809	31	-1.8751
