barcode	chromosome	start	stop	num.mark	seg.mean
TCGA-12-1601-01A-01D-0594-02	1	554268	25457903	4180	-0.0379
TCGA-12-1601-01A-01D-0594-02	1	25482036	25529549	4	-1.0241
TCGA-12-1601-01A-01D-0594-02	1	25538212	103932025	13204	-0.0238
TCGA-12-1601-01A-01D-0594-02	1	103956767	103965227	3	-1.1042
TCGA-12-1601-01A-01D-0594-02	1	103965274	109369942	520	-0.0158
TCGA-12-1601-01A-01D-0594-02	1	109373255	109376249	3	-0.7097
TCGA-12-1601-01A-01D-0594-02	1	109383196	146294654	2138	-0.0183
TCGA-12-1601-01A-01D-0594-02	1	147134175	147499046	17	-0.5875
TCGA-12-1601-01A-01D-0594-02	1	147508217	150823073	632	-0.0364
TCGA-12-1601-01A-01D-0594-02	1	150839754	150848509	3	0.9736
TCGA-12-1601-01A-01D-0594-02	1	150857070	159746016	1698	-0.0275
TCGA-12-1601-01A-01D-0594-02	1	159767602	159786265	3	0.8681
TCGA-12-1601-01A-01D-0594-02	1	159885469	167483267	1263	-0.0245
TCGA-12-1601-01A-01D-0594-02	1	167493768	167507898	8	-0.493
TCGA-12-1601-01A-01D-0594-02	1	167523140	194978218	4116	-0.0114
TCGA-12-1601-01A-01D-0594-02	1	195005520	195046932	9	-3.3499
TCGA-12-1601-01A-01D-0594-02	1	195048208	195067764	3	-1.3639
TCGA-12-1601-01A-01D-0594-02	1	195091758	240474830	7842	-0.0215
TCGA-12-1601-01A-01D-0594-02	1	240494698	240572868	17	-0.322
TCGA-12-1601-01A-01D-0594-02	1	240579429	247186514	1232	-0.0299
TCGA-12-1601-01A-01D-0594-02	10	126361	77917893	11049	-0.5757
TCGA-12-1601-01A-01D-0594-02	10	77926390	77936034	3	0.3057
TCGA-12-1601-01A-01D-0594-02	10	77940201	135286023	9122	-0.5703
TCGA-12-1601-01A-01D-0594-02	11	190215	5468470	814	-0.0327
TCGA-12-1601-01A-01D-0594-02	11	5475471	5633196	30	-0.6191
TCGA-12-1601-01A-01D-0594-02	11	5639393	49663240	6727	-0.0234
TCGA-12-1601-01A-01D-0594-02	11	49666382	49689576	5	-0.5479
TCGA-12-1601-01A-01D-0594-02	11	49721954	55118214	110	-0.0705
TCGA-12-1601-01A-01D-0594-02	11	55124730	55207305	16	-0.7471
TCGA-12-1601-01A-01D-0594-02	11	55225136	107167153	8481	-0.0221
TCGA-12-1601-01A-01D-0594-02	11	107169154	107176389	5	0.5973
TCGA-12-1601-01A-01D-0594-02	11	107177546	134432265	4431	-0.0208
TCGA-12-1601-01A-01D-0594-02	12	59839	736988	141	-0.0213
TCGA-12-1601-01A-01D-0594-02	12	738240	743223	4	0.4913
TCGA-12-1601-01A-01D-0594-02	12	745410	10462211	1849	-0.0357
TCGA-12-1601-01A-01D-0594-02	12	10464018	10484956	6	-0.53
TCGA-12-1601-01A-01D-0594-02	12	10491341	126742619	17478	-0.0206
TCGA-12-1601-01A-01D-0594-02	12	126798290	127472936	32	0.5558
TCGA-12-1601-01A-01D-0594-02	12	127502082	132289090	813	-0.042
TCGA-12-1601-01A-01D-0594-02	13	18065953	114114513	11814	-0.0179
TCGA-12-1601-01A-01D-0594-02	14	18149473	19154992	8	0.0821
TCGA-12-1601-01A-01D-0594-02	14	19268776	19490630	30	-0.2629
TCGA-12-1601-01A-01D-0594-02	14	19497023	21528132	412	-0.0107
TCGA-12-1601-01A-01D-0594-02	14	21529816	22052799	144	0.2261
TCGA-12-1601-01A-01D-0594-02	14	22054604	40779816	2544	-0.0166
TCGA-12-1601-01A-01D-0594-02	14	40812969	41062078	9	-0.9168
TCGA-12-1601-01A-01D-0594-02	14	41087565	69070555	4234	-0.0164
TCGA-12-1601-01A-01D-0594-02	14	69078818	69092211	3	0.6222
TCGA-12-1601-01A-01D-0594-02	14	69098569	73060301	803	-0.0277
TCGA-12-1601-01A-01D-0594-02	14	73071404	73091980	4	0.778
TCGA-12-1601-01A-01D-0594-02	14	73092018	103780136	4581	-0.0262
TCGA-12-1601-01A-01D-0594-02	14	103782345	104831868	155	5.0864
TCGA-12-1601-01A-01D-0594-02	14	104843458	105643293	69	-0.0689
TCGA-12-1601-01A-01D-0594-02	14	105672615	105839439	21	0.3684
TCGA-12-1601-01A-01D-0594-02	14	105845658	106349756	62	0.003
TCGA-12-1601-01A-01D-0594-02	15	18362555	19786655	62	-0.649
TCGA-12-1601-01A-01D-0594-02	15	19805960	20307869	29	-0.2686
TCGA-12-1601-01A-01D-0594-02	15	20316992	50898747	4783	-0.5702
TCGA-12-1601-01A-01D-0594-02	15	50935439	74669752	4082	-0.0313
TCGA-12-1601-01A-01D-0594-02	15	74671626	74680439	4	-4.9071
TCGA-12-1601-01A-01D-0594-02	15	74696127	100282819	3653	-0.0311
TCGA-12-1601-01A-01D-0594-02	16	36766	75093957	9073	-0.033
TCGA-12-1601-01A-01D-0594-02	16	75097331	75100865	3	1.5003
TCGA-12-1601-01A-01D-0594-02	16	75102639	76925748	275	-0.0306
TCGA-12-1601-01A-01D-0594-02	16	76929598	76938723	7	2.1214
TCGA-12-1601-01A-01D-0594-02	16	76944661	88675835	1995	-0.0324
TCGA-12-1601-01A-01D-0594-02	17	29169	33846724	6037	-0.0395
TCGA-12-1601-01A-01D-0594-02	17	33861124	34123737	32	0.2671
TCGA-12-1601-01A-01D-0594-02	17	34125663	41515622	1475	-0.0345
TCGA-12-1601-01A-01D-0594-02	17	41521544	41708551	43	-0.8202
TCGA-12-1601-01A-01D-0594-02	17	41983407	71644040	5097	-0.0331
TCGA-12-1601-01A-01D-0594-02	17	71650144	71897208	52	0.3423
TCGA-12-1601-01A-01D-0594-02	17	71903502	78636731	1203	-0.0336
TCGA-12-1601-01A-01D-0594-02	18	4316	76110964	10135	-0.021
TCGA-12-1601-01A-01D-0594-02	19	210395	11192008	2093	-0.0419
TCGA-12-1601-01A-01D-0594-02	19	11199618	11241121	11	0.3463
TCGA-12-1601-01A-01D-0594-02	19	11249881	20420327	1750	-0.0489
TCGA-12-1601-01A-01D-0594-02	19	20422576	20493401	12	-4.0515
TCGA-12-1601-01A-01D-0594-02	19	20510787	46046859	2562	-0.0538
TCGA-12-1601-01A-01D-0594-02	19	46055869	46078903	3	-0.8555
TCGA-12-1601-01A-01D-0594-02	19	46087549	47895271	342	-0.0557
TCGA-12-1601-01A-01D-0594-02	19	47952689	48449548	14	-0.3616
TCGA-12-1601-01A-01D-0594-02	19	48500241	63787171	3066	-0.0502
TCGA-12-1601-01A-01D-0594-02	2	20341	6010584	765	-0.0253
TCGA-12-1601-01A-01D-0594-02	2	6027340	7161721	101	-0.5496
TCGA-12-1601-01A-01D-0594-02	2	7193365	37789939	4251	-0.0214
TCGA-12-1601-01A-01D-0594-02	2	37818455	37854350	15	0.2582
TCGA-12-1601-01A-01D-0594-02	2	37858379	38801777	142	-0.0361
TCGA-12-1601-01A-01D-0594-02	2	38810280	38824461	4	0.3949
TCGA-12-1601-01A-01D-0594-02	2	38826550	40005883	226	-0.0098
TCGA-12-1601-01A-01D-0594-02	2	40028939	40083302	5	-0.8921
TCGA-12-1601-01A-01D-0594-02	2	40103358	89101034	6996	-0.0198
TCGA-12-1601-01A-01D-0594-02	2	89104501	89716517	28	-0.4442
TCGA-12-1601-01A-01D-0594-02	2	89731561	89889099	11	-0.9769
TCGA-12-1601-01A-01D-0594-02	2	89895566	91511288	13	-0.4615
TCGA-12-1601-01A-01D-0594-02	2	94707984	178541546	11511	-0.0145
TCGA-12-1601-01A-01D-0594-02	2	178544895	178555242	3	-2.8159
TCGA-12-1601-01A-01D-0594-02	2	178558860	242717016	9763	-0.0189
TCGA-12-1601-01A-01D-0594-02	20	18580	1516966	262	-0.047
TCGA-12-1601-01A-01D-0594-02	20	1518825	1531162	6	-3.0935
TCGA-12-1601-01A-01D-0594-02	20	1544485	62379059	9356	-0.0326
TCGA-12-1601-01A-01D-0594-02	21	9896630	14489502	76	-0.1432
TCGA-12-1601-01A-01D-0594-02	21	14491488	46914686	4800	-0.025
TCGA-12-1601-01A-01D-0594-02	22	14866086	28874509	2397	-0.0408
TCGA-12-1601-01A-01D-0594-02	22	28877783	29002442	30	0.383
TCGA-12-1601-01A-01D-0594-02	22	29011124	41219395	2357	-0.0412
TCGA-12-1601-01A-01D-0594-02	22	41237731	41254513	3	0.8809
TCGA-12-1601-01A-01D-0594-02	22	41287060	49565816	1345	-0.0447
TCGA-12-1601-01A-01D-0594-02	3	39066	89475107	14092	-0.0223
TCGA-12-1601-01A-01D-0594-02	3	89477163	89500935	7	-0.8632
TCGA-12-1601-01A-01D-0594-02	3	89502757	196822133	15511	-0.013
TCGA-12-1601-01A-01D-0594-02	3	196904349	196961238	14	-0.6306
TCGA-12-1601-01A-01D-0594-02	3	196966631	199379566	432	-0.0515
TCGA-12-1601-01A-01D-0594-02	4	41413	69057735	7755	-0.0175
TCGA-12-1601-01A-01D-0594-02	4	69069563	69165814	13	-3.1606
TCGA-12-1601-01A-01D-0594-02	4	69643272	146235534	10408	-0.0127
TCGA-12-1601-01A-01D-0594-02	4	146237067	151387549	809	-0.5594
TCGA-12-1601-01A-01D-0594-02	4	151388732	191133609	5282	-0.0137
TCGA-12-1601-01A-01D-0594-02	5	75149	725954	106	-0.042
TCGA-12-1601-01A-01D-0594-02	5	763494	826044	7	-0.6132
TCGA-12-1601-01A-01D-0594-02	5	848744	36903304	4175	-0.0176
TCGA-12-1601-01A-01D-0594-02	5	36907398	38023654	255	-0.5741
TCGA-12-1601-01A-01D-0594-02	5	38067580	149403263	14556	-0.0118
TCGA-12-1601-01A-01D-0594-02	5	149413503	149514614	27	0.3638
TCGA-12-1601-01A-01D-0594-02	5	149528509	180342860	4271	-0.0333
TCGA-12-1601-01A-01D-0594-02	5	180351118	180358977	5	-4.9985
TCGA-12-1601-01A-01D-0594-02	5	180365950	180644810	50	-0.055
TCGA-12-1601-01A-01D-0594-02	6	97634	29950805	4658	-0.0207
TCGA-12-1601-01A-01D-0594-02	6	29962849	30004636	6	-0.4207
TCGA-12-1601-01A-01D-0594-02	6	30010234	30824185	165	-0.0525
TCGA-12-1601-01A-01D-0594-02	6	30828877	31033308	41	0.3598
TCGA-12-1601-01A-01D-0594-02	6	31039431	32519935	288	-0.0318
TCGA-12-1601-01A-01D-0594-02	6	32567382	32600962	5	-1.5852
TCGA-12-1601-01A-01D-0594-02	6	32605300	32713363	14	-0.048
TCGA-12-1601-01A-01D-0594-02	6	32716255	32739800	8	0.3682
TCGA-12-1601-01A-01D-0594-02	6	32745036	78983276	6483	-0.0243
TCGA-12-1601-01A-01D-0594-02	6	79035891	79079988	3	-4.7903
TCGA-12-1601-01A-01D-0594-02	6	79101978	102034306	2553	-0.0101
TCGA-12-1601-01A-01D-0594-02	6	102041299	102044331	3	-0.8824
TCGA-12-1601-01A-01D-0594-02	6	102046884	165640218	9773	-0.0129
TCGA-12-1601-01A-01D-0594-02	6	165645537	165657596	3	0.9634
TCGA-12-1601-01A-01D-0594-02	6	165664947	170762955	768	-0.0328
TCGA-12-1601-01A-01D-0594-02	7	140213	19582529	2825	0.3728
TCGA-12-1601-01A-01D-0594-02	7	19615529	21922387	323	0.6784
TCGA-12-1601-01A-01D-0594-02	7	21927760	22342051	90	0.3913
TCGA-12-1601-01A-01D-0594-02	7	22344143	22373550	10	0.6479
TCGA-12-1601-01A-01D-0594-02	7	22410929	23135782	85	0.3651
TCGA-12-1601-01A-01D-0594-02	7	23137440	23706702	135	3.4607
TCGA-12-1601-01A-01D-0594-02	7	23718355	23760614	10	0.4772
TCGA-12-1601-01A-01D-0594-02	7	23765611	23779135	5	3.1951
TCGA-12-1601-01A-01D-0594-02	7	23787214	23870631	13	0.6479
TCGA-12-1601-01A-01D-0594-02	7	23879545	27428420	495	0.3855
TCGA-12-1601-01A-01D-0594-02	7	27446710	27567370	21	3.4903
TCGA-12-1601-01A-01D-0594-02	7	27578523	27589475	8	0.3378
TCGA-12-1601-01A-01D-0594-02	7	27597978	28960721	332	3.5125
TCGA-12-1601-01A-01D-0594-02	7	28969776	29045339	15	0.6281
TCGA-12-1601-01A-01D-0594-02	7	29051034	29137511	26	0.346
TCGA-12-1601-01A-01D-0594-02	7	29141406	29225127	20	3.5329
TCGA-12-1601-01A-01D-0594-02	7	29229379	29904900	150	0.3559
TCGA-12-1601-01A-01D-0594-02	7	29906730	30696110	163	3.4882
TCGA-12-1601-01A-01D-0594-02	7	30711468	30876844	36	0.6808
TCGA-12-1601-01A-01D-0594-02	7	30878830	32957020	319	0.3566
TCGA-12-1601-01A-01D-0594-02	7	32978585	32991749	3	1.3633
TCGA-12-1601-01A-01D-0594-02	7	33011069	38254010	912	0.3757
TCGA-12-1601-01A-01D-0594-02	7	38259147	38360187	29	0.624
TCGA-12-1601-01A-01D-0594-02	7	38372692	43036901	824	0.3729
TCGA-12-1601-01A-01D-0594-02	7	43059894	44592488	311	0.6712
TCGA-12-1601-01A-01D-0594-02	7	44598236	54544164	1027	0.364
TCGA-12-1601-01A-01D-0594-02	7	54566257	55641775	162	3.5392
TCGA-12-1601-01A-01D-0594-02	7	55680713	55989286	36	3.2515
TCGA-12-1601-01A-01D-0594-02	7	56000655	56108048	27	0.577
TCGA-12-1601-01A-01D-0594-02	7	56111881	56121332	4	2.5963
TCGA-12-1601-01A-01D-0594-02	7	56125603	158811268	15670	0.6709
TCGA-12-1601-01A-01D-0594-02	8	166814	6716013	1176	-0.0295
TCGA-12-1601-01A-01D-0594-02	8	6717927	8140070	47	-0.212
TCGA-12-1601-01A-01D-0594-02	8	8148437	11943616	705	-0.0195
TCGA-12-1601-01A-01D-0594-02	8	12276178	12511855	5	-0.783
TCGA-12-1601-01A-01D-0594-02	8	12600375	42123757	4133	-0.0197
TCGA-12-1601-01A-01D-0594-02	8	42131256	42291908	32	0.4011
TCGA-12-1601-01A-01D-0594-02	8	42298527	146264846	12974	-0.0157
TCGA-12-1601-01A-01D-0594-02	9	153131	21702877	3077	-0.0139
TCGA-12-1601-01A-01D-0594-02	9	21709133	21845114	30	-0.5478
TCGA-12-1601-01A-01D-0594-02	9	21853204	22076798	32	-1.3662
TCGA-12-1601-01A-01D-0594-02	9	22115405	22372290	15	-0.2042
TCGA-12-1601-01A-01D-0594-02	9	22406549	22582720	13	-1.4865
TCGA-12-1601-01A-01D-0594-02	9	22596322	22774759	41	-0.5688
TCGA-12-1601-01A-01D-0594-02	9	22782072	23971151	94	-1.4891
TCGA-12-1601-01A-01D-0594-02	9	23991794	25057423	34	-0.5888
TCGA-12-1601-01A-01D-0594-02	9	25081725	25195505	4	-0.0205
TCGA-12-1601-01A-01D-0594-02	9	25217246	25606019	14	-0.5881
TCGA-12-1601-01A-01D-0594-02	9	25630792	33994068	900	-0.0219
TCGA-12-1601-01A-01D-0594-02	9	34000861	34289909	60	3.8217
TCGA-12-1601-01A-01D-0594-02	9	34300936	140241876	11491	-0.0275
TCGA-12-1601-01A-01D-0594-02	X	2719027	47747688	3703	0.0189
TCGA-12-1601-01A-01D-0594-02	X	47766391	47871484	17	0.8459
TCGA-12-1601-01A-01D-0594-02	X	47892993	154582414	7618	0.0101
TCGA-12-1601-01A-01D-0594-02	Y	2710450	3087348	56	0.6558
TCGA-12-1601-01A-01D-0594-02	Y	3219184	5967419	82	0.3833
TCGA-12-1601-01A-01D-0594-02	Y	6087028	10511255	388	0.6145
TCGA-12-1601-01A-01D-0594-02	Y	10578072	10645500	10	-0.1332
TCGA-12-1601-01A-01D-0594-02	Y	10646662	27193424	818	0.6173
TCGA-12-1601-01A-01D-0594-02	Y	57377728	57440809	5	-0.162
