barcode	chromosome	start	stop	num.mark	seg.mean
TCGA-12-1092-01B-01D-0520-02	1	554268	49157676	8629	-0.0869
TCGA-12-1092-01B-01D-0520-02	1	49159667	51696640	424	-0.6661
TCGA-12-1092-01B-01D-0520-02	1	51699332	65530627	2690	-0.0617
TCGA-12-1092-01B-01D-0520-02	1	65537422	65589957	19	-0.6019
TCGA-12-1092-01B-01D-0520-02	1	65594968	65653637	16	2.63
TCGA-12-1092-01B-01D-0520-02	1	65659974	67177120	361	-0.5876
TCGA-12-1092-01B-01D-0520-02	1	67184396	109369942	5862	-0.0434
TCGA-12-1092-01B-01D-0520-02	1	109373255	109376249	3	-0.8783
TCGA-12-1092-01B-01D-0520-02	1	109383196	116026522	1096	-0.0636
TCGA-12-1092-01B-01D-0520-02	1	116028595	116033402	3	0.5934
TCGA-12-1092-01B-01D-0520-02	1	116035435	120321742	686	-0.0518
TCGA-12-1092-01B-01D-0520-02	1	120323428	143780677	93	-0.244
TCGA-12-1092-01B-01D-0520-02	1	143783358	150816180	919	-0.0765
TCGA-12-1092-01B-01D-0520-02	1	150823073	150848509	4	2.4542
TCGA-12-1092-01B-01D-0520-02	1	150857070	201780188	8288	-0.06
TCGA-12-1092-01B-01D-0520-02	1	201806270	201884809	13	-0.6483
TCGA-12-1092-01B-01D-0520-02	1	201891914	203296497	314	2.546
TCGA-12-1092-01B-01D-0520-02	1	203304508	247186514	7655	-0.068
TCGA-12-1092-01B-01D-0520-02	10	126361	41940808	6044	-0.0085
TCGA-12-1092-01B-01D-0520-02	10	41971605	45554717	374	-0.6335
TCGA-12-1092-01B-01D-0520-02	10	46388078	46556477	31	-0.1667
TCGA-12-1092-01B-01D-0520-02	10	46558272	135286023	13798	-0.6155
TCGA-12-1092-01B-01D-0520-02	11	190215	5738494	871	-0.1253
TCGA-12-1092-01B-01D-0520-02	11	5742476	5762182	6	-1.4116
TCGA-12-1092-01B-01D-0520-02	11	5766615	55118214	6838	-0.1034
TCGA-12-1092-01B-01D-0520-02	11	55124730	55225136	17	0.307
TCGA-12-1092-01B-01D-0520-02	11	55230765	106733851	8417	-0.1064
TCGA-12-1092-01B-01D-0520-02	11	106744337	106747920	4	-1.1771
TCGA-12-1092-01B-01D-0520-02	11	106758170	131427991	3914	-0.1155
TCGA-12-1092-01B-01D-0520-02	11	131429532	131434659	4	0.967
TCGA-12-1092-01B-01D-0520-02	11	131441189	134432265	624	-0.1067
TCGA-12-1092-01B-01D-0520-02	12	59839	2109441	471	-0.0747
TCGA-12-1092-01B-01D-0520-02	12	2115933	2127537	7	-0.8382
TCGA-12-1092-01B-01D-0520-02	12	2128807	9523923	1336	-0.0825
TCGA-12-1092-01B-01D-0520-02	12	9528590	9554149	4	-5.8337
TCGA-12-1092-01B-01D-0520-02	12	9555181	9599999	6	-0.8471
TCGA-12-1092-01B-01D-0520-02	12	9610054	10464018	175	-0.0821
TCGA-12-1092-01B-01D-0520-02	12	10465787	10484956	5	-0.6884
TCGA-12-1092-01B-01D-0520-02	12	10491341	11069829	105	-0.064
TCGA-12-1092-01B-01D-0520-02	12	11077272	11121204	3	-1.0963
TCGA-12-1092-01B-01D-0520-02	12	11203096	30642507	3022	-0.0418
TCGA-12-1092-01B-01D-0520-02	12	30655455	30866233	55	-0.3152
TCGA-12-1092-01B-01D-0520-02	12	30872960	132289090	15214	-0.058
TCGA-12-1092-01B-01D-0520-02	13	18065953	19666950	214	-0.0677
TCGA-12-1092-01B-01D-0520-02	13	19672045	105964712	10584	-0.5961
TCGA-12-1092-01B-01D-0520-02	13	105965819	113366788	970	-0.0189
TCGA-12-1092-01B-01D-0520-02	13	113371524	113482873	3	0.6764
TCGA-12-1092-01B-01D-0520-02	13	113488662	114114513	114	0.0042
TCGA-12-1092-01B-01D-0520-02	14	18149473	19268776	9	-0.5376
TCGA-12-1092-01B-01D-0520-02	14	19273289	19490630	30	-0.8503
TCGA-12-1092-01B-01D-0520-02	14	19497023	32793768	1977	-0.4679
TCGA-12-1092-01B-01D-0520-02	14	32795556	33147809	119	-1.2809
TCGA-12-1092-01B-01D-0520-02	14	33153214	73060301	6086	-0.4893
TCGA-12-1092-01B-01D-0520-02	14	73071404	73092018	5	-1.6216
TCGA-12-1092-01B-01D-0520-02	14	73104572	106349756	4904	-0.5008
TCGA-12-1092-01B-01D-0520-02	15	18362555	18752131	9	-0.1577
TCGA-12-1092-01B-01D-0520-02	15	18835660	18886649	14	-0.6503
TCGA-12-1092-01B-01D-0520-02	15	19109124	19869705	48	-0.3072
TCGA-12-1092-01B-01D-0520-02	15	19874690	19886840	4	-1.104
TCGA-12-1092-01B-01D-0520-02	15	19910867	20307869	19	-0.3992
TCGA-12-1092-01B-01D-0520-02	15	20316992	20627802	62	-0.0931
TCGA-12-1092-01B-01D-0520-02	15	20636478	20773131	13	-0.4275
TCGA-12-1092-01B-01D-0520-02	15	20800736	74669752	8824	-0.0726
TCGA-12-1092-01B-01D-0520-02	15	74671626	74680439	4	0.6848
TCGA-12-1092-01B-01D-0520-02	15	74696127	100282819	3672	-0.0809
TCGA-12-1092-01B-01D-0520-02	16	36766	34297461	4803	-0.0994
TCGA-12-1092-01B-01D-0520-02	16	34339543	34605030	14	0.2599
TCGA-12-1092-01B-01D-0520-02	16	34634686	75093957	4289	-0.0869
TCGA-12-1092-01B-01D-0520-02	16	75097331	75100865	3	-3.7483
TCGA-12-1092-01B-01D-0520-02	16	75102639	88675835	2287	-0.098
TCGA-12-1092-01B-01D-0520-02	17	29169	34854680	6259	-0.0857
TCGA-12-1092-01B-01D-0520-02	17	34857679	41566540	1310	0.133
TCGA-12-1092-01B-01D-0520-02	17	41568539	41708551	33	-0.3175
TCGA-12-1092-01B-01D-0520-02	17	41983407	78636731	6368	0.1411
TCGA-12-1092-01B-01D-0520-02	18	4316	14148074	2207	0.2156
TCGA-12-1092-01B-01D-0520-02	18	14178121	14756857	19	-0.1445
TCGA-12-1092-01B-01D-0520-02	18	14759927	76110964	7951	0.2243
TCGA-12-1092-01B-01D-0520-02	19	210395	56822197	8466	-0.0947
TCGA-12-1092-01B-01D-0520-02	19	56825794	56840346	5	-1.1027
TCGA-12-1092-01B-01D-0520-02	19	56850433	63787171	1413	-0.1234
TCGA-12-1092-01B-01D-0520-02	2	20341	210175087	28757	-0.0588
TCGA-12-1092-01B-01D-0520-02	2	210180832	210311108	53	0.1795
TCGA-12-1092-01B-01D-0520-02	2	210319008	242717016	5183	-0.0625
TCGA-12-1092-01B-01D-0520-02	20	18580	1506379	262	-0.1447
TCGA-12-1092-01B-01D-0520-02	20	1511632	1531162	9	1.4804
TCGA-12-1092-01B-01D-0520-02	20	1544485	62379059	9377	-0.123
TCGA-12-1092-01B-01D-0520-02	21	9896630	40646379	3704	-0.0235
TCGA-12-1092-01B-01D-0520-02	21	40649447	40846214	57	0.252
TCGA-12-1092-01B-01D-0520-02	21	40851872	46914686	1154	-0.0594
TCGA-12-1092-01B-01D-0520-02	22	14866086	22642519	1205	-0.0993
TCGA-12-1092-01B-01D-0520-02	22	22677959	22720195	13	-0.475
TCGA-12-1092-01B-01D-0520-02	22	22736990	49565816	4944	-0.0846
TCGA-12-1092-01B-01D-0520-02	3	39066	89475107	14138	-0.0348
TCGA-12-1092-01B-01D-0520-02	3	89477163	89500935	7	-0.8199
TCGA-12-1092-01B-01D-0520-02	3	89502757	117119744	3009	-0.0183
TCGA-12-1092-01B-01D-0520-02	3	117127364	117419719	75	-0.2765
TCGA-12-1092-01B-01D-0520-02	3	117423300	133752395	3055	-0.0467
TCGA-12-1092-01B-01D-0520-02	3	133759677	133762892	3	-0.9096
TCGA-12-1092-01B-01D-0520-02	3	133771878	192546280	8712	-0.0225
TCGA-12-1092-01B-01D-0520-02	3	192548135	192552734	4	-0.8558
TCGA-12-1092-01B-01D-0520-02	3	192554451	196822133	707	-0.0254
TCGA-12-1092-01B-01D-0520-02	3	196904349	196933317	8	-0.5004
TCGA-12-1092-01B-01D-0520-02	3	196940125	199379566	441	-0.0606
TCGA-12-1092-01B-01D-0520-02	4	41413	52417121	6126	-0.0646
TCGA-12-1092-01B-01D-0520-02	4	52418263	70087714	1722	0.177
TCGA-12-1092-01B-01D-0520-02	4	70100660	70296172	19	-0.4538
TCGA-12-1092-01B-01D-0520-02	4	70299545	83374044	2063	0.1624
TCGA-12-1092-01B-01D-0520-02	4	83389069	191133609	14420	-0.0488
TCGA-12-1092-01B-01D-0520-02	5	75149	243060	23	-0.0665
TCGA-12-1092-01B-01D-0520-02	5	245777	327308	13	-0.3691
TCGA-12-1092-01B-01D-0520-02	5	329960	34091941	3876	-0.0548
TCGA-12-1092-01B-01D-0520-02	5	34105512	34407822	7	-0.5414
TCGA-12-1092-01B-01D-0520-02	5	34446079	69274433	4281	-0.0497
TCGA-12-1092-01B-01D-0520-02	5	69741318	70345552	4	-0.8316
TCGA-12-1092-01B-01D-0520-02	5	70405656	137120375	8775	-0.0496
TCGA-12-1092-01B-01D-0520-02	5	137126862	137422554	47	0.1714
TCGA-12-1092-01B-01D-0520-02	5	137432374	180342860	6460	-0.0766
TCGA-12-1092-01B-01D-0520-02	5	180351118	180358977	5	0.4899
TCGA-12-1092-01B-01D-0520-02	5	180365950	180644810	50	-0.1297
TCGA-12-1092-01B-01D-0520-02	6	97634	32567382	5178	0.1932
TCGA-12-1092-01B-01D-0520-02	6	32586131	32739800	26	0.7901
TCGA-12-1092-01B-01D-0520-02	6	32745036	54035000	3724	0.1927
TCGA-12-1092-01B-01D-0520-02	6	54037199	54042734	3	0.9561
TCGA-12-1092-01B-01D-0520-02	6	54045472	78983276	2787	0.2154
TCGA-12-1092-01B-01D-0520-02	6	79024557	79079988	7	0.8086
TCGA-12-1092-01B-01D-0520-02	6	79091850	165631035	12385	0.2141
TCGA-12-1092-01B-01D-0520-02	6	165640218	165650610	3	-4.471
TCGA-12-1092-01B-01D-0520-02	6	165657596	170762955	770	0.1624
TCGA-12-1092-01B-01D-0520-02	7	140213	6821881	1124	0.2265
TCGA-12-1092-01B-01D-0520-02	7	6827585	7010835	4	-0.3628
TCGA-12-1092-01B-01D-0520-02	7	7025309	62746407	7440	0.2604
TCGA-12-1092-01B-01D-0520-02	7	62750534	63535252	70	-0.2324
TCGA-12-1092-01B-01D-0520-02	7	63556863	141687978	12532	0.2629
TCGA-12-1092-01B-01D-0520-02	7	141705163	141714168	4	0.9193
TCGA-12-1092-01B-01D-0520-02	7	141720324	158811268	3016	0.2352
TCGA-12-1092-01B-01D-0520-02	8	166814	39345557	5681	-0.0772
TCGA-12-1092-01B-01D-0520-02	8	39352361	39505256	29	0.7438
TCGA-12-1092-01B-01D-0520-02	8	39511632	89236226	5905	-0.0645
TCGA-12-1092-01B-01D-0520-02	8	89237173	146264846	7546	0.2721
TCGA-12-1092-01B-01D-0520-02	9	153131	4418574	646	-0.3136
TCGA-12-1092-01B-01D-0520-02	9	4434820	21875149	2474	-0.5869
TCGA-12-1092-01B-01D-0520-02	9	21892814	22115405	30	-0.8283
TCGA-12-1092-01B-01D-0520-02	9	22136626	32402784	887	-0.5904
TCGA-12-1092-01B-01D-0520-02	9	32404487	33654927	183	-0.3124
TCGA-12-1092-01B-01D-0520-02	9	33666369	140241876	11658	-0.0686
TCGA-12-1092-01B-01D-0520-02	X	2719027	32413078	2534	-0.0292
TCGA-12-1092-01B-01D-0520-02	X	32419423	33037626	76	-0.6254
TCGA-12-1092-01B-01D-0520-02	X	33042611	154582414	8727	-0.0373
TCGA-12-1092-01B-01D-0520-02	Y	2710450	57440809	1360	-0.3356
