barcode	chromosome	start	stop	num.mark	seg.mean
TCGA-19-1388-10C-01D-0594-02	1	554268	25457903	4180	-0.0617
TCGA-19-1388-10C-01D-0594-02	1	25482036	25529549	4	-1.0225
TCGA-19-1388-10C-01D-0594-02	1	25538212	72523186	8851	-0.0435
TCGA-19-1388-10C-01D-0594-02	1	72533856	72568009	3	1.6774
TCGA-19-1388-10C-01D-0594-02	1	72602597	150823073	7664	-0.0301
TCGA-19-1388-10C-01D-0594-02	1	150839754	150848509	3	1.1739
TCGA-19-1388-10C-01D-0594-02	1	150857070	167483267	2964	-0.0531
TCGA-19-1388-10C-01D-0594-02	1	167493768	167507898	7	-5.4183
TCGA-19-1388-10C-01D-0594-02	1	167523140	247186514	13219	-0.0348
TCGA-19-1388-10C-01D-0594-02	10	126361	135286023	20176	-0.0419
TCGA-19-1388-10C-01D-0594-02	11	190215	5738494	866	-0.0506
TCGA-19-1388-10C-01D-0594-02	11	5742476	5762182	4	-0.6105
TCGA-19-1388-10C-01D-0594-02	11	5766615	55118214	6816	-0.0376
TCGA-19-1388-10C-01D-0594-02	11	55124730	55190146	12	-5.2718
TCGA-19-1388-10C-01D-0594-02	11	55194990	55207305	4	-2.3085
TCGA-19-1388-10C-01D-0594-02	11	55225136	134432265	12917	-0.0389
TCGA-19-1388-10C-01D-0594-02	12	59839	736988	141	-0.0436
TCGA-19-1388-10C-01D-0594-02	12	738240	743223	4	0.4656
TCGA-19-1388-10C-01D-0594-02	12	745410	9523923	1665	-0.0554
TCGA-19-1388-10C-01D-0594-02	12	9528590	9554149	4	-6.5159
TCGA-19-1388-10C-01D-0594-02	12	9555181	31242528	3384	-0.0213
TCGA-19-1388-10C-01D-0594-02	12	31245432	31296973	9	0.392
TCGA-19-1388-10C-01D-0594-02	12	31314993	132289090	15118	-0.0391
TCGA-19-1388-10C-01D-0594-02	13	18065953	56650373	5485	-0.0405
TCGA-19-1388-10C-01D-0594-02	13	56658479	56673183	3	0.8888
TCGA-19-1388-10C-01D-0594-02	13	56691355	114114513	6326	-0.0194
TCGA-19-1388-10C-01D-0594-02	14	18149473	19490630	38	-0.2359
TCGA-19-1388-10C-01D-0594-02	14	19497023	43392368	3259	-0.0306
TCGA-19-1388-10C-01D-0594-02	14	43416622	44351180	51	-0.9523
TCGA-19-1388-10C-01D-0594-02	14	44377444	73060301	4839	-0.0354
TCGA-19-1388-10C-01D-0594-02	14	73071404	73092018	5	-1.1845
TCGA-19-1388-10C-01D-0594-02	14	73104572	105594189	4798	-0.0459
TCGA-19-1388-10C-01D-0594-02	14	105602756	105630089	3	-2.451
TCGA-19-1388-10C-01D-0594-02	14	105643293	105946993	35	-0.2309
TCGA-19-1388-10C-01D-0594-02	14	105962305	105985458	4	-5.4231
TCGA-19-1388-10C-01D-0594-02	14	105994646	106349756	45	-0.1099
TCGA-19-1388-10C-01D-0594-02	15	18362555	74669752	8957	-0.0449
TCGA-19-1388-10C-01D-0594-02	15	74671626	74680439	4	0.501
TCGA-19-1388-10C-01D-0594-02	15	74696127	100282819	3653	-0.0503
TCGA-19-1388-10C-01D-0594-02	16	36766	32105104	4715	-0.0577
TCGA-19-1388-10C-01D-0594-02	16	32378126	33539023	32	0.1814
TCGA-19-1388-10C-01D-0594-02	16	33758082	68710277	3319	-0.045
TCGA-19-1388-10C-01D-0594-02	16	68726557	68751390	6	-0.7688
TCGA-19-1388-10C-01D-0594-02	16	68838368	74095899	862	-0.0554
TCGA-19-1388-10C-01D-0594-02	16	74097511	74134999	11	-0.4158
TCGA-19-1388-10C-01D-0594-02	16	74141966	75093957	128	-0.0376
TCGA-19-1388-10C-01D-0594-02	16	75097331	75100865	3	-2.7053
TCGA-19-1388-10C-01D-0594-02	16	75102639	76925748	275	-0.0377
TCGA-19-1388-10C-01D-0594-02	16	76929598	76938723	7	2.3236
TCGA-19-1388-10C-01D-0594-02	16	76944661	88675835	1995	-0.0513
TCGA-19-1388-10C-01D-0594-02	17	29169	41521544	7545	-0.0613
TCGA-19-1388-10C-01D-0594-02	17	41527705	41544224	6	-0.5224
TCGA-19-1388-10C-01D-0594-02	17	41553226	41708551	36	-0.9386
TCGA-19-1388-10C-01D-0594-02	17	41983407	56471985	2501	-0.0535
TCGA-19-1388-10C-01D-0594-02	17	56473793	56480300	6	-1.0174
TCGA-19-1388-10C-01D-0594-02	17	56486075	78636731	3845	-0.0571
TCGA-19-1388-10C-01D-0594-02	18	4316	76110964	10137	-0.0318
TCGA-19-1388-10C-01D-0594-02	19	210395	56822197	8443	-0.0682
TCGA-19-1388-10C-01D-0594-02	19	56825794	56840346	5	-0.993
TCGA-19-1388-10C-01D-0594-02	19	56850433	63787171	1405	-0.0771
TCGA-19-1388-10C-01D-0594-02	2	20341	37789939	5117	-0.0426
TCGA-19-1388-10C-01D-0594-02	2	37818455	37854350	15	-0.5414
TCGA-19-1388-10C-01D-0594-02	2	37858379	242717016	28704	-0.0294
TCGA-19-1388-10C-01D-0594-02	20	18580	1506379	260	-0.0576
TCGA-19-1388-10C-01D-0594-02	20	1511632	1531162	8	-4.3937
TCGA-19-1388-10C-01D-0594-02	20	1544485	15000540	2116	-0.0387
TCGA-19-1388-10C-01D-0594-02	20	15001955	15096440	29	0.1616
TCGA-19-1388-10C-01D-0594-02	20	15102704	62379059	7210	-0.056
TCGA-19-1388-10C-01D-0594-02	21	9896630	14489502	76	-0.1696
TCGA-19-1388-10C-01D-0594-02	21	14491488	46914686	4800	-0.0375
TCGA-19-1388-10C-01D-0594-02	22	14866086	22642519	1201	-0.0724
TCGA-19-1388-10C-01D-0594-02	22	22677959	22720195	13	0.9362
TCGA-19-1388-10C-01D-0594-02	22	22736990	37685496	2846	-0.0574
TCGA-19-1388-10C-01D-0594-02	22	37689058	37710756	5	-1.0788
TCGA-19-1388-10C-01D-0594-02	22	37718669	49565816	2067	-0.0587
TCGA-19-1388-10C-01D-0594-02	3	39066	162252328	24446	-0.0307
TCGA-19-1388-10C-01D-0594-02	3	162255354	162259312	3	-1.1933
TCGA-19-1388-10C-01D-0594-02	3	162261860	163987457	108	-0.0034
TCGA-19-1388-10C-01D-0594-02	3	163997228	164101776	8	0.854
TCGA-19-1388-10C-01D-0594-02	3	164112873	199379566	5493	-0.0249
TCGA-19-1388-10C-01D-0594-02	4	41413	69057735	7755	-0.0282
TCGA-19-1388-10C-01D-0594-02	4	69069563	69165814	13	-3.991
TCGA-19-1388-10C-01D-0594-02	4	69643272	70150576	61	-0.0046
TCGA-19-1388-10C-01D-0594-02	4	70159690	70264689	11	-0.5182
TCGA-19-1388-10C-01D-0594-02	4	70296172	191133609	16427	-0.0161
TCGA-19-1388-10C-01D-0594-02	5	75149	68868713	8170	-0.0245
TCGA-19-1388-10C-01D-0594-02	5	68885350	70622715	9	-0.6299
TCGA-19-1388-10C-01D-0594-02	5	70693444	101625459	4145	-0.0186
TCGA-19-1388-10C-01D-0594-02	5	101633611	101640107	5	-0.7338
TCGA-19-1388-10C-01D-0594-02	5	101645860	126070899	2706	-0.0139
TCGA-19-1388-10C-01D-0594-02	5	126074906	126175635	37	-0.1911
TCGA-19-1388-10C-01D-0594-02	5	126176769	140196482	2469	-0.0397
TCGA-19-1388-10C-01D-0594-02	5	140203440	140216524	4	0.5028
TCGA-19-1388-10C-01D-0594-02	5	140221835	180644810	5907	-0.0459
TCGA-19-1388-10C-01D-0594-02	6	97634	174815	9	-0.0812
TCGA-19-1388-10C-01D-0594-02	6	204528	240119	5	0.4508
TCGA-19-1388-10C-01D-0594-02	6	241674	29950805	4644	-0.0385
TCGA-19-1388-10C-01D-0594-02	6	29962849	30010234	7	0.4251
TCGA-19-1388-10C-01D-0594-02	6	30026699	32586131	495	-0.0828
TCGA-19-1388-10C-01D-0594-02	6	32593151	32600962	3	-2.917
TCGA-19-1388-10C-01D-0594-02	6	32605300	32739800	22	-0.4568
TCGA-19-1388-10C-01D-0594-02	6	32745036	78983276	6482	-0.0325
TCGA-19-1388-10C-01D-0594-02	6	79035891	79079988	3	-0.8688
TCGA-19-1388-10C-01D-0594-02	6	79101978	102034306	2553	-0.0153
TCGA-19-1388-10C-01D-0594-02	6	102041299	102044331	3	-0.9472
TCGA-19-1388-10C-01D-0594-02	6	102046884	124469271	3052	-0.0254
TCGA-19-1388-10C-01D-0594-02	6	124478061	124509956	9	0.5486
TCGA-19-1388-10C-01D-0594-02	6	124513895	142299298	2795	-0.019
TCGA-19-1388-10C-01D-0594-02	6	142302147	142356758	13	-1.0449
TCGA-19-1388-10C-01D-0594-02	6	142364418	165640218	3904	-0.0363
TCGA-19-1388-10C-01D-0594-02	6	165645537	165657596	3	1.7957
TCGA-19-1388-10C-01D-0594-02	6	165664947	170762955	769	-0.0587
TCGA-19-1388-10C-01D-0594-02	7	140213	4032841	675	-0.0609
TCGA-19-1388-10C-01D-0594-02	7	4034050	4049103	3	-1.0899
TCGA-19-1388-10C-01D-0594-02	7	4057983	141394308	20343	-0.03
TCGA-19-1388-10C-01D-0594-02	7	141396899	141438504	13	0.3529
TCGA-19-1388-10C-01D-0594-02	7	141440184	141673351	49	-0.006
TCGA-19-1388-10C-01D-0594-02	7	141687978	141711513	3	0.8226
TCGA-19-1388-10C-01D-0594-02	7	141720324	142115915	48	0.0015
TCGA-19-1388-10C-01D-0594-02	7	142125602	142161005	5	-0.5327
TCGA-19-1388-10C-01D-0594-02	7	142187097	158811268	2946	-0.0473
TCGA-19-1388-10C-01D-0594-02	8	166814	11943616	1928	-0.0407
TCGA-19-1388-10C-01D-0594-02	8	12276178	12285464	3	-0.9379
TCGA-19-1388-10C-01D-0594-02	8	12448374	39345557	3726	-0.039
TCGA-19-1388-10C-01D-0594-02	8	39352361	39505256	29	0.9803
TCGA-19-1388-10C-01D-0594-02	8	39511632	146264846	13385	-0.0258
TCGA-19-1388-10C-01D-0594-02	9	153131	140241876	15806	-0.0399
TCGA-19-1388-10C-01D-0594-02	X	2719027	154037006	11292	0.0294
TCGA-19-1388-10C-01D-0594-02	X	154050185	154078819	3	1.031
TCGA-19-1388-10C-01D-0594-02	X	154086636	154582414	44	0.0831
TCGA-19-1388-10C-01D-0594-02	Y	2710450	57440809	1360	-0.3395
