barcode	chromosome	start	stop	num.mark	seg.mean
TCGA-19-1787-10A-01D-0914-02	1	554268	72533856	13094	-0.108
TCGA-19-1787-10A-01D-0914-02	1	72550248	72574479	3	2.538
TCGA-19-1787-10A-01D-0914-02	1	72602597	103899771	4367	-0.0333
TCGA-19-1787-10A-01D-0914-02	1	103901454	103962495	12	0.5149
TCGA-19-1787-10A-01D-0914-02	1	103965227	194978218	10461	-0.0694
TCGA-19-1787-10A-01D-0914-02	1	195005520	195067764	12	-0.8516
TCGA-19-1787-10A-01D-0914-02	1	195091758	247186514	9127	-0.083
TCGA-19-1787-10A-01D-0914-02	10	126361	135286023	20250	-0.0891
TCGA-19-1787-10A-01D-0914-02	11	190215	5742476	872	-0.1094
TCGA-19-1787-10A-01D-0914-02	11	5749258	5762182	5	-0.7305
TCGA-19-1787-10A-01D-0914-02	11	5766615	55118214	6838	-0.0715
TCGA-19-1787-10A-01D-0914-02	11	55124730	55187282	11	-0.634
TCGA-19-1787-10A-01D-0914-02	11	55190146	116679548	9939	-0.0756
TCGA-19-1787-10A-01D-0914-02	11	116687865	116729464	16	0.3752
TCGA-19-1787-10A-01D-0914-02	11	116730796	134432265	3014	-0.1005
TCGA-19-1787-10A-01D-0914-02	12	59839	9523923	1814	-0.1122
TCGA-19-1787-10A-01D-0914-02	12	9528590	9554149	4	-5.2681
TCGA-19-1787-10A-01D-0914-02	12	9555181	9640407	11	-0.8585
TCGA-19-1787-10A-01D-0914-02	12	9641810	11393473	299	-0.051
TCGA-19-1787-10A-01D-0914-02	12	11404653	11430887	4	0.9087
TCGA-19-1787-10A-01D-0914-02	12	11444721	132289090	18270	-0.0726
TCGA-19-1787-10A-01D-0914-02	13	18065953	114114513	11885	-0.0555
TCGA-19-1787-10A-01D-0914-02	14	18149473	19490630	39	-0.5597
TCGA-19-1787-10A-01D-0914-02	14	19497023	67668568	7066	-0.0544
TCGA-19-1787-10A-01D-0914-02	14	67669700	67673388	3	-1.8326
TCGA-19-1787-10A-01D-0914-02	14	67674729	105845658	5966	-0.0962
TCGA-19-1787-10A-01D-0914-02	14	105856972	105873009	3	-1.7838
TCGA-19-1787-10A-01D-0914-02	14	105881677	106349756	58	-0.0859
TCGA-19-1787-10A-01D-0914-02	15	18362555	18886649	23	-0.1137
TCGA-19-1787-10A-01D-0914-02	15	19109124	19786655	40	-0.457
TCGA-19-1787-10A-01D-0914-02	15	19800789	20307869	31	0.143
TCGA-19-1787-10A-01D-0914-02	15	20316992	100282819	12579	-0.0938
TCGA-19-1787-10A-01D-0914-02	16	36766	14687636	2379	-0.1321
TCGA-19-1787-10A-01D-0914-02	16	14956177	15023848	11	-0.6801
TCGA-19-1787-10A-01D-0914-02	16	15034210	75093957	6717	-0.1075
TCGA-19-1787-10A-01D-0914-02	16	75097331	75100865	3	1.5022
TCGA-19-1787-10A-01D-0914-02	16	75102639	76925748	277	-0.0954
TCGA-19-1787-10A-01D-0914-02	16	76929598	76938723	7	1.9365
TCGA-19-1787-10A-01D-0914-02	16	76944661	88675835	2004	-0.1242
TCGA-19-1787-10A-01D-0914-02	17	29169	41539415	7566	-0.1276
TCGA-19-1787-10A-01D-0914-02	17	41542491	41708551	38	-0.9166
TCGA-19-1787-10A-01D-0914-02	17	41983407	60204302	3229	-0.1051
TCGA-19-1787-10A-01D-0914-02	17	60250391	60347930	3	-1.2791
TCGA-19-1787-10A-01D-0914-02	17	60360566	78636731	3137	-0.1242
TCGA-19-1787-10A-01D-0914-02	18	4316	76110964	10178	-0.0681
TCGA-19-1787-10A-01D-0914-02	19	210395	56825794	8467	-0.1342
TCGA-19-1787-10A-01D-0914-02	19	56828073	56840346	4	-1.1142
TCGA-19-1787-10A-01D-0914-02	19	56850433	63787171	1414	-0.1434
TCGA-19-1787-10A-01D-0914-02	2	20341	37789939	5155	-0.0939
TCGA-19-1787-10A-01D-0914-02	2	37818455	37858379	16	-0.5432
TCGA-19-1787-10A-01D-0914-02	2	37859985	131667831	11647	-0.0736
TCGA-19-1787-10A-01D-0914-02	2	131784541	132206366	33	-0.3655
TCGA-19-1787-10A-01D-0914-02	2	132210342	242717016	17145	-0.0534
TCGA-19-1787-10A-01D-0914-02	20	18580	1506379	262	-0.1187
TCGA-19-1787-10A-01D-0914-02	20	1511632	1531162	9	0.7308
TCGA-19-1787-10A-01D-0914-02	20	1544485	62379059	9378	-0.1103
TCGA-19-1787-10A-01D-0914-02	21	9896630	46914686	4915	-0.082
TCGA-19-1787-10A-01D-0914-02	22	14866086	49565816	6162	-0.1332
TCGA-19-1787-10A-01D-0914-02	3	39066	101817141	15098	-0.0693
TCGA-19-1787-10A-01D-0914-02	3	101818659	101928096	30	0.9232
TCGA-19-1787-10A-01D-0914-02	3	101930007	163987457	9515	-0.0646
TCGA-19-1787-10A-01D-0914-02	3	163997228	164101776	8	1.0739
TCGA-19-1787-10A-01D-0914-02	3	164112873	196822133	5061	-0.0405
TCGA-19-1787-10A-01D-0914-02	3	196904349	196933317	8	-0.766
TCGA-19-1787-10A-01D-0914-02	3	196940125	199379566	441	-0.1347
TCGA-19-1787-10A-01D-0914-02	4	41413	191133609	24351	-0.044
TCGA-19-1787-10A-01D-0914-02	5	75149	180644810	23543	-0.0648
TCGA-19-1787-10A-01D-0914-02	6	97634	32586131	5180	-0.0884
TCGA-19-1787-10A-01D-0914-02	6	32593151	32631315	6	-1.5912
TCGA-19-1787-10A-01D-0914-02	6	32634977	32713363	11	-0.2514
TCGA-19-1787-10A-01D-0914-02	6	32716255	32728487	4	-1.2013
TCGA-19-1787-10A-01D-0914-02	6	32732764	54035000	3728	-0.0897
TCGA-19-1787-10A-01D-0914-02	6	54037199	54042734	3	0.9164
TCGA-19-1787-10A-01D-0914-02	6	54045472	78983276	2787	-0.025
TCGA-19-1787-10A-01D-0914-02	6	79024557	79091850	8	-0.9274
TCGA-19-1787-10A-01D-0914-02	6	79101978	102034306	2565	-0.0297
TCGA-19-1787-10A-01D-0914-02	6	102041299	102044331	3	-0.97
TCGA-19-1787-10A-01D-0914-02	6	102046884	165640218	9818	-0.057
TCGA-19-1787-10A-01D-0914-02	6	165645537	165657596	3	1.0017
TCGA-19-1787-10A-01D-0914-02	6	165664947	170762955	770	-0.1369
TCGA-19-1787-10A-01D-0914-02	7	140213	111723162	16305	-0.0685
TCGA-19-1787-10A-01D-0914-02	7	111729122	111745499	8	-0.9748
TCGA-19-1787-10A-01D-0914-02	7	111751162	133869068	3406	-0.0362
TCGA-19-1787-10A-01D-0914-02	7	133870029	133913921	13	-0.4519
TCGA-19-1787-10A-01D-0914-02	7	133920491	141408013	1381	-0.0722
TCGA-19-1787-10A-01D-0914-02	7	141413352	141440184	11	-0.6147
TCGA-19-1787-10A-01D-0914-02	7	141442231	141687978	49	-0.0486
TCGA-19-1787-10A-01D-0914-02	7	141705163	141714168	4	-2.3487
TCGA-19-1787-10A-01D-0914-02	7	141720324	158811268	3015	-0.0936
TCGA-19-1787-10A-01D-0914-02	8	166814	7226901	1220	-0.0969
TCGA-19-1787-10A-01D-0914-02	8	7256229	7789937	5	-0.8171
TCGA-19-1787-10A-01D-0914-02	8	8117271	11943616	711	-0.1092
TCGA-19-1787-10A-01D-0914-02	8	12276178	12448374	4	-0.8815
TCGA-19-1787-10A-01D-0914-02	8	12511855	25114132	1709	-0.073
TCGA-19-1787-10A-01D-0914-02	8	25120552	25125700	3	1.3173
TCGA-19-1787-10A-01D-0914-02	8	25129043	39345557	2031	-0.0849
TCGA-19-1787-10A-01D-0914-02	8	39352361	39505256	29	0.9008
TCGA-19-1787-10A-01D-0914-02	8	39511632	146264846	13452	-0.06
TCGA-19-1787-10A-01D-0914-02	9	153131	140241876	15877	-0.0837
TCGA-19-1787-10A-01D-0914-02	X	2719027	89968680	6367	-0.0185
TCGA-19-1787-10A-01D-0914-02	X	90003509	90051135	3	-1.1911
TCGA-19-1787-10A-01D-0914-02	X	90168286	154037006	4920	-0.0193
TCGA-19-1787-10A-01D-0914-02	X	154050185	154078819	3	1.0505
TCGA-19-1787-10A-01D-0914-02	X	154086636	154582414	44	-0.0125
TCGA-19-1787-10A-01D-0914-02	Y	2710450	57440809	1359	-0.0567
