barcode	chromosome	start	stop	num.mark	seg.mean
TCGA-14-1794-10A-01D-0594-02	1	554268	146294654	19760	-0.0276
TCGA-14-1794-10A-01D-0594-02	1	147134175	147644831	20	-0.6323
TCGA-14-1794-10A-01D-0594-02	1	147946905	150816180	618	-0.0476
TCGA-14-1794-10A-01D-0594-02	1	150823073	150848509	4	-1.4071
TCGA-14-1794-10A-01D-0594-02	1	150857070	167483267	2929	-0.0315
TCGA-14-1794-10A-01D-0594-02	1	167493768	167507898	8	0.4677
TCGA-14-1794-10A-01D-0594-02	1	167523140	195048208	4065	-0.0141
TCGA-14-1794-10A-01D-0594-02	1	195062024	195165228	17	-0.8725
TCGA-14-1794-10A-01D-0594-02	1	195187023	247186514	8967	-0.0239
TCGA-14-1794-10A-01D-0594-02	10	126361	56114489	7513	-0.022
TCGA-14-1794-10A-01D-0594-02	10	56118633	56135384	5	0.6414
TCGA-14-1794-10A-01D-0594-02	10	56142414	77917893	3364	-0.0291
TCGA-14-1794-10A-01D-0594-02	10	77926390	77936034	3	0.6869
TCGA-14-1794-10A-01D-0594-02	10	77940201	135286023	9004	-0.0242
TCGA-14-1794-10A-01D-0594-02	11	190215	4195010	620	-0.029
TCGA-14-1794-10A-01D-0594-02	11	4219393	4323836	3	-0.7685
TCGA-14-1794-10A-01D-0594-02	11	4343816	55118214	6952	-0.0264
TCGA-14-1794-10A-01D-0594-02	11	55124730	55207305	16	-0.7351
TCGA-14-1794-10A-01D-0594-02	11	55225136	134432265	12729	-0.023
TCGA-14-1794-10A-01D-0594-02	12	59839	736988	141	-0.032
TCGA-14-1794-10A-01D-0594-02	12	738240	743223	4	0.4541
TCGA-14-1794-10A-01D-0594-02	12	745410	9523923	1639	-0.0321
TCGA-14-1794-10A-01D-0594-02	12	9528590	9554149	4	-6.508
TCGA-14-1794-10A-01D-0594-02	12	9555181	9610054	7	-0.658
TCGA-14-1794-10A-01D-0594-02	12	9626736	11393473	298	-0.028
TCGA-14-1794-10A-01D-0594-02	12	11404653	11430887	4	0.8506
TCGA-14-1794-10A-01D-0594-02	12	11444721	31237505	3015	-0.0141
TCGA-14-1794-10A-01D-0594-02	12	31242528	31296973	10	0.4331
TCGA-14-1794-10A-01D-0594-02	12	31314993	132289090	14894	-0.0222
TCGA-14-1794-10A-01D-0594-02	13	18065953	102468805	10391	-0.0177
TCGA-14-1794-10A-01D-0594-02	13	102488607	102499472	3	0.691
TCGA-14-1794-10A-01D-0594-02	13	102503934	114114513	1224	-0.0222
TCGA-14-1794-10A-01D-0594-02	14	18149473	19490630	37	-0.2371
TCGA-14-1794-10A-01D-0594-02	14	19497023	21528132	403	-0.0117
TCGA-14-1794-10A-01D-0594-02	14	21529816	22052799	142	0.2204
TCGA-14-1794-10A-01D-0594-02	14	22054604	73060301	7491	-0.0221
TCGA-14-1794-10A-01D-0594-02	14	73071404	73092018	5	-1.1874
TCGA-14-1794-10A-01D-0594-02	14	73104572	105946993	4760	-0.0245
TCGA-14-1794-10A-01D-0594-02	14	105962305	106002179	6	-0.6886
TCGA-14-1794-10A-01D-0594-02	14	106017453	106216726	21	0.0312
TCGA-14-1794-10A-01D-0594-02	14	106219784	106251081	7	0.6599
TCGA-14-1794-10A-01D-0594-02	14	106260876	106349756	13	-0.0614
TCGA-14-1794-10A-01D-0594-02	15	18362555	18886649	21	-0.2356
TCGA-14-1794-10A-01D-0594-02	15	19109124	32447707	1647	-0.0251
TCGA-14-1794-10A-01D-0594-02	15	32448816	32511475	7	-0.2661
TCGA-14-1794-10A-01D-0594-02	15	32514939	32578483	10	-0.9405
TCGA-14-1794-10A-01D-0594-02	15	32590643	100282819	10750	-0.0275
TCGA-14-1794-10A-01D-0594-02	16	36766	14687636	2343	-0.032
TCGA-14-1794-10A-01D-0594-02	16	14956177	15023848	11	-0.8133
TCGA-14-1794-10A-01D-0594-02	16	15034210	34273991	2362	-0.0369
TCGA-14-1794-10A-01D-0594-02	16	34285301	34634686	17	0.3472
TCGA-14-1794-10A-01D-0594-02	16	34685270	54343465	1250	-0.0199
TCGA-14-1794-10A-01D-0594-02	16	54353978	54379834	6	-0.8183
TCGA-14-1794-10A-01D-0594-02	16	54399890	54408219	4	0.4392
TCGA-14-1794-10A-01D-0594-02	16	54410800	68679377	1956	-0.0284
TCGA-14-1794-10A-01D-0594-02	16	68710277	68751390	7	0.4782
TCGA-14-1794-10A-01D-0594-02	16	68838368	74095899	848	-0.024
TCGA-14-1794-10A-01D-0594-02	16	74097511	74134999	11	-0.3612
TCGA-14-1794-10A-01D-0594-02	16	74141966	75093957	124	-0.0031
TCGA-14-1794-10A-01D-0594-02	16	75097331	75100865	3	1.6884
TCGA-14-1794-10A-01D-0594-02	16	75102639	76925748	272	-0.0225
TCGA-14-1794-10A-01D-0594-02	16	76929598	76938723	7	1.2938
TCGA-14-1794-10A-01D-0594-02	16	76944661	88675835	1977	-0.0305
TCGA-14-1794-10A-01D-0594-02	17	29169	4612112	1001	-0.0255
TCGA-14-1794-10A-01D-0594-02	17	4619837	4629628	5	-0.9992
TCGA-14-1794-10A-01D-0594-02	17	4647144	41515622	6446	-0.0355
TCGA-14-1794-10A-01D-0594-02	17	41521544	41708551	43	-0.4452
TCGA-14-1794-10A-01D-0594-02	17	41983407	78636731	6269	-0.0302
TCGA-14-1794-10A-01D-0594-02	18	4316	76110964	9974	-0.0217
TCGA-14-1794-10A-01D-0594-02	19	210395	46032440	6355	-0.0394
TCGA-14-1794-10A-01D-0594-02	19	46046859	46089262	6	-0.5759
TCGA-14-1794-10A-01D-0594-02	19	46096429	56822197	1990	-0.0401
TCGA-14-1794-10A-01D-0594-02	19	56825794	56840346	5	-1.0362
TCGA-14-1794-10A-01D-0594-02	19	56850433	63787171	1392	-0.0441
TCGA-14-1794-10A-01D-0594-02	2	20341	34539740	4714	-0.0229
TCGA-14-1794-10A-01D-0594-02	2	34556434	34608979	3	0.7728
TCGA-14-1794-10A-01D-0594-02	2	34627348	37819785	323	-0.0209
TCGA-14-1794-10A-01D-0594-02	2	37820898	37854350	13	0.295
TCGA-14-1794-10A-01D-0594-02	2	37858379	219241993	24781	-0.0168
TCGA-14-1794-10A-01D-0594-02	2	219244359	219251485	3	-0.7736
TCGA-14-1794-10A-01D-0594-02	2	219251664	242717016	3483	-0.0244
TCGA-14-1794-10A-01D-0594-02	20	18580	1506379	256	-0.0484
TCGA-14-1794-10A-01D-0594-02	20	1511632	1531162	9	1.7828
TCGA-14-1794-10A-01D-0594-02	20	1544485	15000540	2083	-0.0181
TCGA-14-1794-10A-01D-0594-02	20	15001955	15053985	20	0.224
TCGA-14-1794-10A-01D-0594-02	20	15060284	62379059	7126	-0.0313
TCGA-14-1794-10A-01D-0594-02	21	9896630	24293616	1032	-0.0072
TCGA-14-1794-10A-01D-0594-02	21	24319117	24405425	3	-0.7156
TCGA-14-1794-10A-01D-0594-02	21	24431237	46914686	3765	-0.0225
TCGA-14-1794-10A-01D-0594-02	22	14866086	37685496	4012	-0.0369
TCGA-14-1794-10A-01D-0594-02	22	37689058	37710756	5	-1.0275
TCGA-14-1794-10A-01D-0594-02	22	37718669	49565816	2038	-0.0341
TCGA-14-1794-10A-01D-0594-02	3	39066	53001678	8630	-0.0259
TCGA-14-1794-10A-01D-0594-02	3	53003136	53009361	3	0.5756
TCGA-14-1794-10A-01D-0594-02	3	53016261	163987457	15568	-0.0182
TCGA-14-1794-10A-01D-0594-02	3	163997228	164101776	8	0.8493
TCGA-14-1794-10A-01D-0594-02	3	164112873	199379566	5412	-0.0147
TCGA-14-1794-10A-01D-0594-02	4	41413	68905670	7623	-0.0172
TCGA-14-1794-10A-01D-0594-02	4	69057735	69165814	14	0.6399
TCGA-14-1794-10A-01D-0594-02	4	69643272	191133609	16212	-0.0135
TCGA-14-1794-10A-01D-0594-02	5	90692	725954	104	-0.0439
TCGA-14-1794-10A-01D-0594-02	5	763494	859176	9	0.4381
TCGA-14-1794-10A-01D-0594-02	5	870657	59519685	6671	-0.012
TCGA-14-1794-10A-01D-0594-02	5	59525396	59531344	3	-1.0259
TCGA-14-1794-10A-01D-0594-02	5	59535295	180184269	16231	-0.0202
TCGA-14-1794-10A-01D-0594-02	5	180342860	180358977	6	-0.6933
TCGA-14-1794-10A-01D-0594-02	5	180365950	180644810	49	-0.0432
TCGA-14-1794-10A-01D-0594-02	6	97634	237952	12	0.0253
TCGA-14-1794-10A-01D-0594-02	6	240119	341386	32	-0.275
TCGA-14-1794-10A-01D-0594-02	6	347016	29950805	4541	-0.02
TCGA-14-1794-10A-01D-0594-02	6	29962849	30031367	9	0.5291
TCGA-14-1794-10A-01D-0594-02	6	30033946	32519935	487	-0.0469
TCGA-14-1794-10A-01D-0594-02	6	32567382	32631315	8	1.0484
TCGA-14-1794-10A-01D-0594-02	6	32634977	35862502	609	-0.0352
TCGA-14-1794-10A-01D-0594-02	6	35866245	35882448	3	-0.7393
TCGA-14-1794-10A-01D-0594-02	6	35885238	54035000	3059	-0.0286
TCGA-14-1794-10A-01D-0594-02	6	54037199	54042734	3	0.6207
TCGA-14-1794-10A-01D-0594-02	6	54045472	78983276	2725	-0.0145
TCGA-14-1794-10A-01D-0594-02	6	79035891	79079988	3	-0.7559
TCGA-14-1794-10A-01D-0594-02	6	79101978	165640218	12162	-0.0137
TCGA-14-1794-10A-01D-0594-02	6	165645537	165657596	3	0.891
TCGA-14-1794-10A-01D-0594-02	6	165664947	170762955	761	-0.0193
TCGA-14-1794-10A-01D-0594-02	7	140213	141408013	20702	-0.0177
TCGA-14-1794-10A-01D-0594-02	7	141413352	141440184	11	-0.5456
TCGA-14-1794-10A-01D-0594-02	7	141442231	158811268	3015	-0.0276
TCGA-14-1794-10A-01D-0594-02	8	166814	39345557	5581	-0.0204
TCGA-14-1794-10A-01D-0594-02	8	39352361	39505256	29	0.9258
TCGA-14-1794-10A-01D-0594-02	8	39511632	146264846	13171	-0.0167
TCGA-14-1794-10A-01D-0594-02	9	153131	140241876	15588	-0.0237
TCGA-14-1794-10A-01D-0594-02	X	2719027	76998610	5669	-0.0093
TCGA-14-1794-10A-01D-0594-02	X	77008500	77014050	3	0.7998
TCGA-14-1794-10A-01D-0594-02	X	77014496	154037006	5555	-0.0058
TCGA-14-1794-10A-01D-0594-02	X	154050185	154078819	3	0.9507
TCGA-14-1794-10A-01D-0594-02	X	154086636	154582414	44	0.006
TCGA-14-1794-10A-01D-0594-02	Y	2710450	57440809	1356	-0.0338
