barcode	chromosome	start	stop	num.mark	seg.mean
TCGA-14-3477-01A-01D-0914-02	1	554268	8499379	1220	0.1516
TCGA-14-3477-01A-01D-0914-02	1	8508458	8554325	16	0.4779
TCGA-14-3477-01A-01D-0914-02	1	8561187	21016466	2163	0.1015
TCGA-14-3477-01A-01D-0914-02	1	21024114	21231781	89	0.3798
TCGA-14-3477-01A-01D-0914-02	1	21235587	21480421	55	0.6264
TCGA-14-3477-01A-01D-0914-02	1	21482911	21670184	12	0.2048
TCGA-14-3477-01A-01D-0914-02	1	21672718	36795577	2719	0.5139
TCGA-14-3477-01A-01D-0914-02	1	36839948	39859532	472	0.0564
TCGA-14-3477-01A-01D-0914-02	1	39863058	39887898	9	0.4654
TCGA-14-3477-01A-01D-0914-02	1	39892388	40017865	26	0.0192
TCGA-14-3477-01A-01D-0914-02	1	40019296	40716252	163	0.3433
TCGA-14-3477-01A-01D-0914-02	1	40720782	84314643	7673	0.0969
TCGA-14-3477-01A-01D-0914-02	1	84318845	84456219	40	0.6047
TCGA-14-3477-01A-01D-0914-02	1	84464254	84781517	57	0.3367
TCGA-14-3477-01A-01D-0914-02	1	84787053	92029321	1009	0.117
TCGA-14-3477-01A-01D-0914-02	1	92031247	100097122	1275	0.375
TCGA-14-3477-01A-01D-0914-02	1	100098693	103922885	473	0.1383
TCGA-14-3477-01A-01D-0914-02	1	103926458	104429663	21	0.6656
TCGA-14-3477-01A-01D-0914-02	1	104448003	107538991	108	0.1331
TCGA-14-3477-01A-01D-0914-02	1	107544104	107991949	119	0.4255
TCGA-14-3477-01A-01D-0914-02	1	107993581	118078010	1709	0.186
TCGA-14-3477-01A-01D-0914-02	1	118096960	118205848	6	0.7165
TCGA-14-3477-01A-01D-0914-02	1	118214256	118452916	67	0.137
TCGA-14-3477-01A-01D-0914-02	1	118459477	118900919	38	0.3388
TCGA-14-3477-01A-01D-0914-02	1	118949745	194978218	8397	0.1024
TCGA-14-3477-01A-01D-0914-02	1	195005520	195067764	12	-0.7424
TCGA-14-3477-01A-01D-0914-02	1	195091758	247186514	9127	0.0906
TCGA-14-3477-01A-01D-0914-02	10	126361	687398	167	0.4121
TCGA-14-3477-01A-01D-0914-02	10	695819	1646160	196	1.6517
TCGA-14-3477-01A-01D-0914-02	10	1648412	22497393	3295	0.4297
TCGA-14-3477-01A-01D-0914-02	10	22511934	23333076	141	1.795
TCGA-14-3477-01A-01D-0914-02	10	23334286	23886279	65	0.1431
TCGA-14-3477-01A-01D-0914-02	10	23914687	26003893	396	0.4271
TCGA-14-3477-01A-01D-0914-02	10	26007652	27065368	169	-0.1177
TCGA-14-3477-01A-01D-0914-02	10	27068578	27634771	135	0.3799
TCGA-14-3477-01A-01D-0914-02	10	27635976	33578456	864	0.115
TCGA-14-3477-01A-01D-0914-02	10	33580573	35488014	304	-0.1985
TCGA-14-3477-01A-01D-0914-02	10	35492204	41940808	311	0.1911
TCGA-14-3477-01A-01D-0914-02	10	41971605	44746404	239	-0.1597
TCGA-14-3477-01A-01D-0914-02	10	44751621	45183698	58	-0.3716
TCGA-14-3477-01A-01D-0914-02	10	45192009	45360789	41	-0.6348
TCGA-14-3477-01A-01D-0914-02	10	45363389	45554717	36	-0.3959
TCGA-14-3477-01A-01D-0914-02	10	46388078	46568496	34	-0.0918
TCGA-14-3477-01A-01D-0914-02	10	47010385	47172534	20	-0.6338
TCGA-14-3477-01A-01D-0914-02	10	47735472	50625705	312	0.1644
TCGA-14-3477-01A-01D-0914-02	10	50631523	52059934	135	-0.5617
TCGA-14-3477-01A-01D-0914-02	10	52064210	52258030	23	0.1292
TCGA-14-3477-01A-01D-0914-02	10	52265960	52954491	168	-0.5614
TCGA-14-3477-01A-01D-0914-02	10	52956212	56064549	525	0.2266
TCGA-14-3477-01A-01D-0914-02	10	56071056	56331476	49	-0.4926
TCGA-14-3477-01A-01D-0914-02	10	56346408	59634073	141	0.2405
TCGA-14-3477-01A-01D-0914-02	10	59640750	59731590	29	-0.5623
TCGA-14-3477-01A-01D-0914-02	10	59748764	61654000	290	0.2554
TCGA-14-3477-01A-01D-0914-02	10	61655452	61661988	4	-0.6047
TCGA-14-3477-01A-01D-0914-02	10	61670854	62133864	64	0.2131
TCGA-14-3477-01A-01D-0914-02	10	62149945	62377049	36	-0.6111
TCGA-14-3477-01A-01D-0914-02	10	62383471	62588227	17	0.1355
TCGA-14-3477-01A-01D-0914-02	10	62626816	63948557	227	-0.5655
TCGA-14-3477-01A-01D-0914-02	10	63949955	65911047	213	-0.2594
TCGA-14-3477-01A-01D-0914-02	10	65935323	66353823	18	0.2001
TCGA-14-3477-01A-01D-0914-02	10	66367414	73987234	1532	-0.5843
TCGA-14-3477-01A-01D-0914-02	10	73992751	74957303	209	-0.2038
TCGA-14-3477-01A-01D-0914-02	10	74959832	80682897	1050	-0.5913
TCGA-14-3477-01A-01D-0914-02	10	80685574	86103218	625	-0.7992
TCGA-14-3477-01A-01D-0914-02	10	86113437	86494410	54	-0.5584
TCGA-14-3477-01A-01D-0914-02	10	86519025	88854843	362	-0.7837
TCGA-14-3477-01A-01D-0914-02	10	88858473	89178988	7	-0.1122
TCGA-14-3477-01A-01D-0914-02	10	89241227	112369041	4019	-0.7838
TCGA-14-3477-01A-01D-0914-02	10	112395224	112695882	49	-0.4345
TCGA-14-3477-01A-01D-0914-02	10	112701740	112870340	36	0.6542
TCGA-14-3477-01A-01D-0914-02	10	112905095	114614426	193	-0.3824
TCGA-14-3477-01A-01D-0914-02	10	114618768	135286023	3391	-0.792
TCGA-14-3477-01A-01D-0914-02	11	190215	18896166	3430	-0.7624
TCGA-14-3477-01A-01D-0914-02	11	18906505	18915871	5	0.5403
TCGA-14-3477-01A-01D-0914-02	11	18929375	20799632	326	-0.7612
TCGA-14-3477-01A-01D-0914-02	11	20801973	20809631	3	-1.6972
TCGA-14-3477-01A-01D-0914-02	11	20817006	48621072	3736	-0.7487
TCGA-14-3477-01A-01D-0914-02	11	48953023	100293959	7685	-0.4141
TCGA-14-3477-01A-01D-0914-02	11	100296634	100300641	3	-1.3001
TCGA-14-3477-01A-01D-0914-02	11	100308504	106733851	962	-0.4054
TCGA-14-3477-01A-01D-0914-02	11	106744337	106747920	4	-1.1483
TCGA-14-3477-01A-01D-0914-02	11	106758170	134432265	4542	-0.4156
TCGA-14-3477-01A-01D-0914-02	12	59839	10567051	2012	-0.375
TCGA-14-3477-01A-01D-0914-02	12	10594444	10655695	16	3.3555
TCGA-14-3477-01A-01D-0914-02	12	10659679	13679188	497	-0.3683
TCGA-14-3477-01A-01D-0914-02	12	13687220	13738997	12	0.2964
TCGA-14-3477-01A-01D-0914-02	12	13743302	14059255	91	-0.3821
TCGA-14-3477-01A-01D-0914-02	12	14107180	14360189	11	0.3998
TCGA-14-3477-01A-01D-0914-02	12	14393019	14920529	108	-0.3494
TCGA-14-3477-01A-01D-0914-02	12	14926094	15437726	94	0.0257
TCGA-14-3477-01A-01D-0914-02	12	15445792	16079876	144	-0.3964
TCGA-14-3477-01A-01D-0914-02	12	16080922	20008662	379	-0.1102
TCGA-14-3477-01A-01D-0914-02	12	20055631	22891226	489	-0.3751
TCGA-14-3477-01A-01D-0914-02	12	22915706	26431637	616	0.1815
TCGA-14-3477-01A-01D-0914-02	12	26435086	26812217	109	-0.0691
TCGA-14-3477-01A-01D-0914-02	12	26817538	27672681	179	-0.3498
TCGA-14-3477-01A-01D-0914-02	12	27676716	30576539	375	-0.7954
TCGA-14-3477-01A-01D-0914-02	12	30601693	31327151	100	-0.3921
TCGA-14-3477-01A-01D-0914-02	12	31331020	33832934	401	-0.1404
TCGA-14-3477-01A-01D-0914-02	12	33851288	46021216	1485	-0.3861
TCGA-14-3477-01A-01D-0914-02	12	46052663	48865195	512	-0.1132
TCGA-14-3477-01A-01D-0914-02	12	48866360	49040932	53	0.1344
TCGA-14-3477-01A-01D-0914-02	12	49043330	50753127	366	-0.1114
TCGA-14-3477-01A-01D-0914-02	12	50756229	50989163	43	0.425
TCGA-14-3477-01A-01D-0914-02	12	50991034	51219232	56	-0.1037
TCGA-14-3477-01A-01D-0914-02	12	51222593	51919039	174	-0.4555
TCGA-14-3477-01A-01D-0914-02	12	51923916	52178634	60	-0.1631
TCGA-14-3477-01A-01D-0914-02	12	52182565	52241518	17	0.2592
TCGA-14-3477-01A-01D-0914-02	12	52243927	53990680	273	-0.1346
TCGA-14-3477-01A-01D-0914-02	12	53992413	54743195	154	0.2597
TCGA-14-3477-01A-01D-0914-02	12	54753660	56225449	332	-0.1206
TCGA-14-3477-01A-01D-0914-02	12	56230920	68141995	1598	-0.4121
TCGA-14-3477-01A-01D-0914-02	12	68151321	68449754	75	0.3549
TCGA-14-3477-01A-01D-0914-02	12	68460947	86242630	2294	-0.3916
TCGA-14-3477-01A-01D-0914-02	12	86286422	86601684	9	0.2633
TCGA-14-3477-01A-01D-0914-02	12	86651989	132289090	7267	-0.4248
TCGA-14-3477-01A-01D-0914-02	13	18065953	42312014	3654	-0.7139
TCGA-14-3477-01A-01D-0914-02	13	42333033	42407039	12	-0.1535
TCGA-14-3477-01A-01D-0914-02	13	42415144	114114513	8217	-0.7054
TCGA-14-3477-01A-01D-0914-02	14	18149473	19362145	20	-0.2321
TCGA-14-3477-01A-01D-0914-02	14	19380994	21791615	502	-0.7491
TCGA-14-3477-01A-01D-0914-02	14	21793719	22019726	61	-0.3956
TCGA-14-3477-01A-01D-0914-02	14	22022060	105594189	12460	-0.7669
TCGA-14-3477-01A-01D-0914-02	14	105602756	105701420	10	-0.1311
TCGA-14-3477-01A-01D-0914-02	14	105707746	105845658	19	-0.7686
TCGA-14-3477-01A-01D-0914-02	14	105856972	105881677	4	-2.1992
TCGA-14-3477-01A-01D-0914-02	14	105898674	106349756	57	-0.7828
TCGA-14-3477-01A-01D-0914-02	15	18362555	18683110	7	0.3005
TCGA-14-3477-01A-01D-0914-02	15	18741716	20249886	86	1.1524
TCGA-14-3477-01A-01D-0914-02	15	20307869	22633909	171	0.458
TCGA-14-3477-01A-01D-0914-02	15	22643367	23996521	239	0.7585
TCGA-14-3477-01A-01D-0914-02	15	24018422	25071658	156	0.4729
TCGA-14-3477-01A-01D-0914-02	15	25073297	33859348	1276	0.7158
TCGA-14-3477-01A-01D-0914-02	15	33878756	34639543	50	0.2767
TCGA-14-3477-01A-01D-0914-02	15	34645971	35268206	146	-0.0954
TCGA-14-3477-01A-01D-0914-02	15	35302758	35751198	26	0.4441
TCGA-14-3477-01A-01D-0914-02	15	35786032	36433321	67	-0.0921
TCGA-14-3477-01A-01D-0914-02	15	36438988	36837511	67	0.2959
TCGA-14-3477-01A-01D-0914-02	15	36871683	46043100	1618	0.661
TCGA-14-3477-01A-01D-0914-02	15	46051772	95306288	7955	-0.1134
TCGA-14-3477-01A-01D-0914-02	15	95327931	95732491	33	0.3261
TCGA-14-3477-01A-01D-0914-02	15	95740108	95772356	4	-0.3525
TCGA-14-3477-01A-01D-0914-02	15	95787747	100282819	770	0.312
TCGA-14-3477-01A-01D-0914-02	16	36766	14687636	2379	0.303
TCGA-14-3477-01A-01D-0914-02	16	14956177	15023848	11	-0.1145
TCGA-14-3477-01A-01D-0914-02	16	15034210	31974468	2341	0.2979
TCGA-14-3477-01A-01D-0914-02	16	32105104	33539023	33	0.6252
TCGA-14-3477-01A-01D-0914-02	16	33758082	45519392	160	0.2681
TCGA-14-3477-01A-01D-0914-02	16	45520663	47325966	329	0.4995
TCGA-14-3477-01A-01D-0914-02	16	47356334	74088894	3714	0.1421
TCGA-14-3477-01A-01D-0914-02	16	74095899	74129982	9	-0.3731
TCGA-14-3477-01A-01D-0914-02	16	74132901	75093957	131	0.1491
TCGA-14-3477-01A-01D-0914-02	16	75097331	75100865	3	1.4504
TCGA-14-3477-01A-01D-0914-02	16	75102639	76925748	277	0.1102
TCGA-14-3477-01A-01D-0914-02	16	76929598	76938723	7	2.2767
TCGA-14-3477-01A-01D-0914-02	16	76944661	88675835	2004	0.1252
TCGA-14-3477-01A-01D-0914-02	17	29169	15629313	3037	-0.4256
TCGA-14-3477-01A-01D-0914-02	17	15727076	15733964	3	-4.0399
TCGA-14-3477-01A-01D-0914-02	17	15737241	22004936	934	-0.4122
TCGA-14-3477-01A-01D-0914-02	17	22052469	24460020	414	0.3314
TCGA-14-3477-01A-01D-0914-02	17	24461913	25151587	149	0.6308
TCGA-14-3477-01A-01D-0914-02	17	25153107	25641260	134	0.3763
TCGA-14-3477-01A-01D-0914-02	17	25647517	26023960	62	3.3879
TCGA-14-3477-01A-01D-0914-02	17	26095238	27155572	215	0.3726
TCGA-14-3477-01A-01D-0914-02	17	27189460	27209422	6	0.9375
TCGA-14-3477-01A-01D-0914-02	17	27211542	27314024	16	0.3083
TCGA-14-3477-01A-01D-0914-02	17	27317298	27357192	8	0.8676
TCGA-14-3477-01A-01D-0914-02	17	27364248	28072277	145	0.3669
TCGA-14-3477-01A-01D-0914-02	17	28079981	28184012	39	0.7956
TCGA-14-3477-01A-01D-0914-02	17	28185347	31273468	529	0.3928
TCGA-14-3477-01A-01D-0914-02	17	31275635	31451114	37	0.1045
TCGA-14-3477-01A-01D-0914-02	17	31461588	31486540	4	0.7431
TCGA-14-3477-01A-01D-0914-02	17	31891535	35060613	578	0.1037
TCGA-14-3477-01A-01D-0914-02	17	35064859	78636731	7663	0.4569
TCGA-14-3477-01A-01D-0914-02	18	4316	112131	4	-0.5914
TCGA-14-3477-01A-01D-0914-02	18	121700	9850474	1613	-1.2932
TCGA-14-3477-01A-01D-0914-02	18	9857269	10538270	64	0.0351
TCGA-14-3477-01A-01D-0914-02	18	10546179	10718283	17	-0.5331
TCGA-14-3477-01A-01D-0914-02	18	10725390	11574133	52	-0.1939
TCGA-14-3477-01A-01D-0914-02	18	11584789	12997825	249	-0.8256
TCGA-14-3477-01A-01D-0914-02	18	12999490	13051975	15	-0.1673
TCGA-14-3477-01A-01D-0914-02	18	13058044	13446844	78	0.2101
TCGA-14-3477-01A-01D-0914-02	18	13450577	14785965	140	-0.2036
TCGA-14-3477-01A-01D-0914-02	18	14918795	54167690	5339	0.035
TCGA-14-3477-01A-01D-0914-02	18	54169809	54261432	27	0.5394
TCGA-14-3477-01A-01D-0914-02	18	54265326	74849276	2346	0.0507
TCGA-14-3477-01A-01D-0914-02	18	74852457	76110964	233	0.2496
TCGA-14-3477-01A-01D-0914-02	19	210395	18285232	3500	-0.4051
TCGA-14-3477-01A-01D-0914-02	19	18287632	18464393	37	-0.0886
TCGA-14-3477-01A-01D-0914-02	19	18472642	18642220	29	0.5399
TCGA-14-3477-01A-01D-0914-02	19	18656972	34194540	824	-0.1609
TCGA-14-3477-01A-01D-0914-02	19	34223738	34467144	14	0.2452
TCGA-14-3477-01A-01D-0914-02	19	34471332	34553384	19	-0.2247
TCGA-14-3477-01A-01D-0914-02	19	34555519	34674740	32	0.1948
TCGA-14-3477-01A-01D-0914-02	19	34679849	35006331	60	-0.0514
TCGA-14-3477-01A-01D-0914-02	19	35011923	48171931	2280	0.2839
TCGA-14-3477-01A-01D-0914-02	19	48205963	48500241	10	-0.2743
TCGA-14-3477-01A-01D-0914-02	19	48534223	51311413	562	0.3053
TCGA-14-3477-01A-01D-0914-02	19	51316654	51319006	3	-0.8392
TCGA-14-3477-01A-01D-0914-02	19	51322506	63787171	2514	0.4191
TCGA-14-3477-01A-01D-0914-02	2	20341	130680924	16714	0.2715
TCGA-14-3477-01A-01D-0914-02	2	130700489	130867198	22	0.5523
TCGA-14-3477-01A-01D-0914-02	2	131034084	180117780	7790	0.1603
TCGA-14-3477-01A-01D-0914-02	2	180123630	180127415	3	-1.2615
TCGA-14-3477-01A-01D-0914-02	2	180131608	242717016	9467	0.1465
TCGA-14-3477-01A-01D-0914-02	20	18580	1506379	262	-0.7688
TCGA-14-3477-01A-01D-0914-02	20	1511632	1531162	9	-2.8069
TCGA-14-3477-01A-01D-0914-02	20	1544485	4034990	475	-0.7334
TCGA-14-3477-01A-01D-0914-02	20	4042471	4415624	37	-0.4893
TCGA-14-3477-01A-01D-0914-02	20	4440573	4858695	65	-0.7576
TCGA-14-3477-01A-01D-0914-02	20	4859997	5046451	39	-0.5253
TCGA-14-3477-01A-01D-0914-02	20	5049354	9668426	683	-0.7211
TCGA-14-3477-01A-01D-0914-02	20	9671421	9694022	8	-0.1229
TCGA-14-3477-01A-01D-0914-02	20	9695586	9882947	28	-0.6786
TCGA-14-3477-01A-01D-0914-02	20	9916799	13655861	390	-0.3555
TCGA-14-3477-01A-01D-0914-02	20	13661964	13762738	26	0.1955
TCGA-14-3477-01A-01D-0914-02	20	13769638	14429331	188	-0.355
TCGA-14-3477-01A-01D-0914-02	20	14433202	14622372	62	-0.0987
TCGA-14-3477-01A-01D-0914-02	20	14625358	16582240	532	-0.7494
TCGA-14-3477-01A-01D-0914-02	20	16622677	17995829	207	-0.1196
TCGA-14-3477-01A-01D-0914-02	20	18004902	19368236	232	-0.3884
TCGA-14-3477-01A-01D-0914-02	20	19369550	20222162	221	-0.0748
TCGA-14-3477-01A-01D-0914-02	20	20223622	25277826	574	-0.4005
TCGA-14-3477-01A-01D-0914-02	20	25279954	62379059	5612	0.1744
TCGA-14-3477-01A-01D-0914-02	21	9896630	10057408	11	-1.0345
TCGA-14-3477-01A-01D-0914-02	21	10062378	46914686	4902	-0.457
TCGA-14-3477-01A-01D-0914-02	22	14866086	17015797	303	0.0904
TCGA-14-3477-01A-01D-0914-02	22	17021409	17822198	108	-0.1527
TCGA-14-3477-01A-01D-0914-02	22	17828808	17883120	18	0.3977
TCGA-14-3477-01A-01D-0914-02	22	17884978	18378776	72	-0.122
TCGA-14-3477-01A-01D-0914-02	22	18383070	19411260	117	0.21
TCGA-14-3477-01A-01D-0914-02	22	19415499	20138950	99	-0.0573
TCGA-14-3477-01A-01D-0914-02	22	20141979	20690617	113	0.3469
TCGA-14-3477-01A-01D-0914-02	22	20701592	28604329	1493	-0.1277
TCGA-14-3477-01A-01D-0914-02	22	28611261	28615108	3	0.6538
TCGA-14-3477-01A-01D-0914-02	22	28617053	49565816	3836	-0.1263
TCGA-14-3477-01A-01D-0914-02	3	39066	3065367	612	-0.3528
TCGA-14-3477-01A-01D-0914-02	3	3074347	3233069	32	-0.0906
TCGA-14-3477-01A-01D-0914-02	3	3235882	7335736	539	-0.3429
TCGA-14-3477-01A-01D-0914-02	3	7338555	7358869	7	0.292
TCGA-14-3477-01A-01D-0914-02	3	7364396	9134015	325	-0.3247
TCGA-14-3477-01A-01D-0914-02	3	9136699	9493245	87	0.2222
TCGA-14-3477-01A-01D-0914-02	3	9499872	9529109	5	0.8924
TCGA-14-3477-01A-01D-0914-02	3	9530679	10276005	175	0.2079
TCGA-14-3477-01A-01D-0914-02	3	10282904	14614238	688	-0.2576
TCGA-14-3477-01A-01D-0914-02	3	14637092	15385274	167	0.2619
TCGA-14-3477-01A-01D-0914-02	3	15406555	16172441	134	-0.3049
TCGA-14-3477-01A-01D-0914-02	3	16181843	16393139	51	0.0666
TCGA-14-3477-01A-01D-0914-02	3	16398521	17028903	94	-0.3397
TCGA-14-3477-01A-01D-0914-02	3	17035089	17358293	70	0.0683
TCGA-14-3477-01A-01D-0914-02	3	17362700	17519829	46	-0.3712
TCGA-14-3477-01A-01D-0914-02	3	17521317	17656188	39	0.1692
TCGA-14-3477-01A-01D-0914-02	3	17662396	17888345	39	-0.3281
TCGA-14-3477-01A-01D-0914-02	3	17903955	18094484	37	-0.1463
TCGA-14-3477-01A-01D-0914-02	3	18097377	18246447	37	-0.3948
TCGA-14-3477-01A-01D-0914-02	3	18249051	18301371	11	0.463
TCGA-14-3477-01A-01D-0914-02	3	18330650	25102230	792	-0.3154
TCGA-14-3477-01A-01D-0914-02	3	25117689	25370679	28	0.2342
TCGA-14-3477-01A-01D-0914-02	3	25385312	26315718	120	-0.3411
TCGA-14-3477-01A-01D-0914-02	3	26371277	26753738	44	0.2173
TCGA-14-3477-01A-01D-0914-02	3	26782489	35945236	1304	-0.3339
TCGA-14-3477-01A-01D-0914-02	3	35972935	36365000	14	0.4774
TCGA-14-3477-01A-01D-0914-02	3	36378914	37621100	272	-0.2684
TCGA-14-3477-01A-01D-0914-02	3	37627768	37948655	90	0.2219
TCGA-14-3477-01A-01D-0914-02	3	37953375	38169928	47	-0.3204
TCGA-14-3477-01A-01D-0914-02	3	38176421	38721025	115	0.2287
TCGA-14-3477-01A-01D-0914-02	3	38722864	43224507	791	-0.3673
TCGA-14-3477-01A-01D-0914-02	3	43255330	43367596	22	0.2248
TCGA-14-3477-01A-01D-0914-02	3	43378105	47591087	776	-0.3292
TCGA-14-3477-01A-01D-0914-02	3	47593723	47652523	14	0.2183
TCGA-14-3477-01A-01D-0914-02	3	47660306	57460171	2089	-0.3359
TCGA-14-3477-01A-01D-0914-02	3	57462071	57765805	61	0.5763
TCGA-14-3477-01A-01D-0914-02	3	57774768	74512977	2909	-0.3293
TCGA-14-3477-01A-01D-0914-02	3	74515110	74644330	48	0.0055
TCGA-14-3477-01A-01D-0914-02	3	74645979	76300676	74	-0.3009
TCGA-14-3477-01A-01D-0914-02	3	76485893	76775901	21	0.5877
TCGA-14-3477-01A-01D-0914-02	3	76799534	87449941	1117	-0.2862
TCGA-14-3477-01A-01D-0914-02	3	87479672	88250184	44	0.5699
TCGA-14-3477-01A-01D-0914-02	3	88260778	89198982	61	-0.2994
TCGA-14-3477-01A-01D-0914-02	3	89215413	89473678	90	-0.0557
TCGA-14-3477-01A-01D-0914-02	3	89475107	90086651	74	-0.2986
TCGA-14-3477-01A-01D-0914-02	3	90110614	90264118	11	0.2861
TCGA-14-3477-01A-01D-0914-02	3	90284660	95087560	20	-0.1449
TCGA-14-3477-01A-01D-0914-02	3	95088205	116137442	2748	0.1541
TCGA-14-3477-01A-01D-0914-02	3	116140997	116146946	4	-0.6576
TCGA-14-3477-01A-01D-0914-02	3	116155373	119579853	431	0.1745
TCGA-14-3477-01A-01D-0914-02	3	119587373	119786964	42	0.6488
TCGA-14-3477-01A-01D-0914-02	3	119802593	128664756	1775	0.1401
TCGA-14-3477-01A-01D-0914-02	3	128683019	128715124	11	0.7249
TCGA-14-3477-01A-01D-0914-02	3	128724070	129385301	128	0.1083
TCGA-14-3477-01A-01D-0914-02	3	129388584	129536178	47	0.3312
TCGA-14-3477-01A-01D-0914-02	3	129538795	132748551	625	0.1243
TCGA-14-3477-01A-01D-0914-02	3	132753984	132897077	42	0.3363
TCGA-14-3477-01A-01D-0914-02	3	132898337	135729970	581	0.1204
TCGA-14-3477-01A-01D-0914-02	3	135733397	135917277	34	0.8026
TCGA-14-3477-01A-01D-0914-02	3	135951071	136190697	54	0.1115
TCGA-14-3477-01A-01D-0914-02	3	136191943	136276075	29	0.4243
TCGA-14-3477-01A-01D-0914-02	3	136282854	155532818	2618	0.1552
TCGA-14-3477-01A-01D-0914-02	3	155541566	155624811	22	0.8005
TCGA-14-3477-01A-01D-0914-02	3	155627124	163987457	1207	0.1293
TCGA-14-3477-01A-01D-0914-02	3	163997228	164101776	8	1.144
TCGA-14-3477-01A-01D-0914-02	3	164112873	170864438	758	0.1845
TCGA-14-3477-01A-01D-0914-02	3	170874415	171022539	21	0.86
TCGA-14-3477-01A-01D-0914-02	3	171025888	171328741	57	0.1599
TCGA-14-3477-01A-01D-0914-02	3	171337001	171634377	72	0.474
TCGA-14-3477-01A-01D-0914-02	3	171638509	172187468	66	0.1065
TCGA-14-3477-01A-01D-0914-02	3	172197908	172547950	123	0.4254
TCGA-14-3477-01A-01D-0914-02	3	172555318	175515937	618	0.1636
TCGA-14-3477-01A-01D-0914-02	3	175547917	175904669	44	0.4148
TCGA-14-3477-01A-01D-0914-02	3	175923447	180195011	624	0.1445
TCGA-14-3477-01A-01D-0914-02	3	180217892	180496783	43	1.1794
TCGA-14-3477-01A-01D-0914-02	3	180504932	182634083	318	0.1941
TCGA-14-3477-01A-01D-0914-02	3	182658002	182705068	3	1.2362
TCGA-14-3477-01A-01D-0914-02	3	182744062	191109088	1425	0.1397
TCGA-14-3477-01A-01D-0914-02	3	191130770	191393647	62	0.8179
TCGA-14-3477-01A-01D-0914-02	3	191430593	192548135	120	0.2439
TCGA-14-3477-01A-01D-0914-02	3	192549325	192552734	3	-0.5705
TCGA-14-3477-01A-01D-0914-02	3	192554451	195395109	441	0.1889
TCGA-14-3477-01A-01D-0914-02	3	195414045	195753025	47	0.7111
TCGA-14-3477-01A-01D-0914-02	3	195772183	196822133	219	0.1173
TCGA-14-3477-01A-01D-0914-02	3	196904349	196961238	14	-0.4578
TCGA-14-3477-01A-01D-0914-02	3	196966631	198263023	241	0.0965
TCGA-14-3477-01A-01D-0914-02	3	198271958	198714515	69	0.3714
TCGA-14-3477-01A-01D-0914-02	3	198722994	199379566	125	0.0932
TCGA-14-3477-01A-01D-0914-02	4	41413	53781	5	-0.5539
TCGA-14-3477-01A-01D-0914-02	4	62447	25997744	3537	0.1369
TCGA-14-3477-01A-01D-0914-02	4	26005467	28797721	209	0.3573
TCGA-14-3477-01A-01D-0914-02	4	28821517	30749306	175	0.6134
TCGA-14-3477-01A-01D-0914-02	4	30750458	52687926	2249	0.2379
TCGA-14-3477-01A-01D-0914-02	4	52704873	54317543	294	4.1724
TCGA-14-3477-01A-01D-0914-02	4	54326305	54447113	10	4.8691
TCGA-14-3477-01A-01D-0914-02	4	54460773	54946985	69	4.0957
TCGA-14-3477-01A-01D-0914-02	4	54978518	56641143	223	0.5332
TCGA-14-3477-01A-01D-0914-02	4	56681456	56777421	6	4.1083
TCGA-14-3477-01A-01D-0914-02	4	56800419	58024081	190	0.3366
TCGA-14-3477-01A-01D-0914-02	4	58060118	58698315	21	4.2212
TCGA-14-3477-01A-01D-0914-02	4	58743543	59499362	26	4.5128
TCGA-14-3477-01A-01D-0914-02	4	59520048	59750976	8	4.2044
TCGA-14-3477-01A-01D-0914-02	4	59774961	80882790	2546	0.2193
TCGA-14-3477-01A-01D-0914-02	4	80926692	81091963	26	2.5043
TCGA-14-3477-01A-01D-0914-02	4	81095683	81314382	34	0.461
TCGA-14-3477-01A-01D-0914-02	4	81321422	86274644	818	0.199
TCGA-14-3477-01A-01D-0914-02	4	86295816	86801086	71	0.6325
TCGA-14-3477-01A-01D-0914-02	4	86809549	86965599	52	0.3383
TCGA-14-3477-01A-01D-0914-02	4	86967281	87123967	47	0.6438
TCGA-14-3477-01A-01D-0914-02	4	87126438	87349381	63	0.3528
TCGA-14-3477-01A-01D-0914-02	4	87356933	144098212	7297	0.1454
TCGA-14-3477-01A-01D-0914-02	4	144118911	145062038	157	0.3443
TCGA-14-3477-01A-01D-0914-02	4	145082784	169576299	3351	0.1482
TCGA-14-3477-01A-01D-0914-02	4	169581533	170023227	129	0.43
TCGA-14-3477-01A-01D-0914-02	4	170026147	190719354	2704	0.1838
TCGA-14-3477-01A-01D-0914-02	4	190730982	190907865	12	-0.5723
TCGA-14-3477-01A-01D-0914-02	4	190924564	191133609	21	0.0262
TCGA-14-3477-01A-01D-0914-02	5	75149	725954	106	0.0195
TCGA-14-3477-01A-01D-0914-02	5	763494	826044	7	-0.6308
TCGA-14-3477-01A-01D-0914-02	5	848744	175280317	22548	-0.1081
TCGA-14-3477-01A-01D-0914-02	5	175491949	175563657	13	0.4357
TCGA-14-3477-01A-01D-0914-02	5	175590732	180342860	813	-0.1626
TCGA-14-3477-01A-01D-0914-02	5	180351118	180358977	5	-1.163
TCGA-14-3477-01A-01D-0914-02	5	180365950	180644810	50	-0.1982
TCGA-14-3477-01A-01D-0914-02	6	97634	174815	9	-0.1757
TCGA-14-3477-01A-01D-0914-02	6	204528	314420	35	0.2658
TCGA-14-3477-01A-01D-0914-02	6	320890	32586131	5136	-0.1274
TCGA-14-3477-01A-01D-0914-02	6	32593151	32631315	6	-2.2257
TCGA-14-3477-01A-01D-0914-02	6	32634977	32713363	11	-0.1298
TCGA-14-3477-01A-01D-0914-02	6	32716255	32728487	4	-1.5797
TCGA-14-3477-01A-01D-0914-02	6	32732764	49611997	3071	-0.1256
TCGA-14-3477-01A-01D-0914-02	6	49617468	54001882	649	0.2593
TCGA-14-3477-01A-01D-0914-02	6	54003372	56266821	384	0.5099
TCGA-14-3477-01A-01D-0914-02	6	56285681	66370877	801	0.2869
TCGA-14-3477-01A-01D-0914-02	6	66381912	102034306	4184	-0.0543
TCGA-14-3477-01A-01D-0914-02	6	102041299	102044331	3	-0.9625
TCGA-14-3477-01A-01D-0914-02	6	102046884	108228393	777	-0.0805
TCGA-14-3477-01A-01D-0914-02	6	108241465	108374425	29	0.2559
TCGA-14-3477-01A-01D-0914-02	6	108375819	111750412	662	-0.0888
TCGA-14-3477-01A-01D-0914-02	6	111751679	111765853	7	0.4441
TCGA-14-3477-01A-01D-0914-02	6	111767806	114201162	306	-0.0645
TCGA-14-3477-01A-01D-0914-02	6	114203151	114332541	32	0.2176
TCGA-14-3477-01A-01D-0914-02	6	114337309	146903780	4826	-0.0935
TCGA-14-3477-01A-01D-0914-02	6	146907212	147867199	228	0.1588
TCGA-14-3477-01A-01D-0914-02	6	147873544	152567542	848	-0.0902
TCGA-14-3477-01A-01D-0914-02	6	152570471	152622970	22	0.4557
TCGA-14-3477-01A-01D-0914-02	6	152625165	169685274	2695	-0.1116
TCGA-14-3477-01A-01D-0914-02	6	169692273	170012485	71	0.1917
TCGA-14-3477-01A-01D-0914-02	6	170171921	170509378	46	-0.1676
TCGA-14-3477-01A-01D-0914-02	6	170517931	170568662	9	0.529
TCGA-14-3477-01A-01D-0914-02	6	170576660	170663028	8	-0.344
TCGA-14-3477-01A-01D-0914-02	6	170674357	170762955	23	0.1973
TCGA-14-3477-01A-01D-0914-02	7	140213	4032841	676	-0.3083
TCGA-14-3477-01A-01D-0914-02	7	4034050	4049103	3	-1.3134
TCGA-14-3477-01A-01D-0914-02	7	4057983	34858743	4792	-0.2754
TCGA-14-3477-01A-01D-0914-02	7	34862989	34881900	3	-1.0921
TCGA-14-3477-01A-01D-0914-02	7	34881914	56267008	2983	-0.2975
TCGA-14-3477-01A-01D-0914-02	7	56304574	111723162	7849	-0.0164
TCGA-14-3477-01A-01D-0914-02	7	111729122	111745499	8	-0.9993
TCGA-14-3477-01A-01D-0914-02	7	111751162	141687978	4860	0.0074
TCGA-14-3477-01A-01D-0914-02	7	141705163	141714168	4	0.9134
TCGA-14-3477-01A-01D-0914-02	7	141720324	142009000	38	0.0153
TCGA-14-3477-01A-01D-0914-02	7	142021348	142192030	19	0.2807
TCGA-14-3477-01A-01D-0914-02	7	142202274	158811268	2959	-0.0514
TCGA-14-3477-01A-01D-0914-02	8	166814	7226901	1220	0.1027
TCGA-14-3477-01A-01D-0914-02	8	7256229	7789937	5	-0.5437
TCGA-14-3477-01A-01D-0914-02	8	8117271	11903901	710	0.1084
TCGA-14-3477-01A-01D-0914-02	8	11943616	12511855	6	-0.6514
TCGA-14-3477-01A-01D-0914-02	8	12600375	39345557	3742	0.2149
TCGA-14-3477-01A-01D-0914-02	8	39352361	39505256	29	1.2233
TCGA-14-3477-01A-01D-0914-02	8	39511632	63377340	2545	0.2809
TCGA-14-3477-01A-01D-0914-02	8	63379224	63381898	3	-0.832
TCGA-14-3477-01A-01D-0914-02	8	63388204	93486236	3801	0.1529
TCGA-14-3477-01A-01D-0914-02	8	93538147	95219513	298	2.6043
TCGA-14-3477-01A-01D-0914-02	8	95227278	143694547	6458	0.1275
TCGA-14-3477-01A-01D-0914-02	8	143705671	143815295	14	3.2822
TCGA-14-3477-01A-01D-0914-02	8	143824980	144473324	66	0.1274
TCGA-14-3477-01A-01D-0914-02	8	144477690	144486604	6	0.75
TCGA-14-3477-01A-01D-0914-02	8	144499298	145000462	77	0.1303
TCGA-14-3477-01A-01D-0914-02	8	145005840	145011923	3	3.3182
TCGA-14-3477-01A-01D-0914-02	8	145013881	146264846	181	0.1409
TCGA-14-3477-01A-01D-0914-02	9	153131	6893166	1103	-0.0533
TCGA-14-3477-01A-01D-0914-02	9	6895696	7107342	63	0.6616
TCGA-14-3477-01A-01D-0914-02	9	7108730	12313439	479	-0.0215
TCGA-14-3477-01A-01D-0914-02	9	12332481	12414341	5	3.4205
TCGA-14-3477-01A-01D-0914-02	9	12445191	15802255	442	-0.0201
TCGA-14-3477-01A-01D-0914-02	9	15805300	15813356	3	-2.4007
TCGA-14-3477-01A-01D-0914-02	9	15813954	27166137	1410	-0.0653
TCGA-14-3477-01A-01D-0914-02	9	27168649	27414822	59	0.468
TCGA-14-3477-01A-01D-0914-02	9	27421853	27504367	22	-0.2686
TCGA-14-3477-01A-01D-0914-02	9	27510099	27562119	11	0.6076
TCGA-14-3477-01A-01D-0914-02	9	27569493	28425170	162	-0.0301
TCGA-14-3477-01A-01D-0914-02	9	28433076	30347226	143	0.4806
TCGA-14-3477-01A-01D-0914-02	9	30374457	30650176	48	1.0665
TCGA-14-3477-01A-01D-0914-02	9	30684198	38731378	1235	0.5794
TCGA-14-3477-01A-01D-0914-02	9	38758232	126112986	8139	0.069
TCGA-14-3477-01A-01D-0914-02	9	126119201	128491580	489	0.5021
TCGA-14-3477-01A-01D-0914-02	9	128494767	140241876	2065	0.0357
TCGA-14-3477-01A-01D-0914-02	X	2719027	2832157	13	0.621
TCGA-14-3477-01A-01D-0914-02	X	2836003	2850957	4	-0.2791
TCGA-14-3477-01A-01D-0914-02	X	2859072	61980262	4594	0.6893
TCGA-14-3477-01A-01D-0914-02	X	62018861	66638330	269	1.0889
TCGA-14-3477-01A-01D-0914-02	X	66645359	86265223	1372	0.6778
TCGA-14-3477-01A-01D-0914-02	X	86315191	90668528	140	0.9232
TCGA-14-3477-01A-01D-0914-02	X	90707498	91540190	38	0.664
TCGA-14-3477-01A-01D-0914-02	X	91570242	91688147	7	-0.0226
TCGA-14-3477-01A-01D-0914-02	X	91712654	94122919	92	0.8299
TCGA-14-3477-01A-01D-0914-02	X	94164306	105581312	911	1.1466
TCGA-14-3477-01A-01D-0914-02	X	105614678	154037006	3849	0.6829
TCGA-14-3477-01A-01D-0914-02	X	154050185	154078819	3	1.6133
TCGA-14-3477-01A-01D-0914-02	X	154086636	154582414	44	0.7689
TCGA-14-3477-01A-01D-0914-02	Y	2710450	3223585	52	-4.2751
TCGA-14-3477-01A-01D-0914-02	Y	3318461	3448671	5	1.6467
TCGA-14-3477-01A-01D-0914-02	Y	3503369	6577257	79	-1.0853
TCGA-14-3477-01A-01D-0914-02	Y	6652868	7631265	117	-3.9151
TCGA-14-3477-01A-01D-0914-02	Y	7645171	7679075	9	-1.8842
TCGA-14-3477-01A-01D-0914-02	Y	7682695	7734410	13	-3.8545
TCGA-14-3477-01A-01D-0914-02	Y	7735274	7799614	11	-1.9847
TCGA-14-3477-01A-01D-0914-02	Y	7802397	10511255	199	-4.2251
TCGA-14-3477-01A-01D-0914-02	Y	10578072	12593244	21	-1.2147
TCGA-14-3477-01A-01D-0914-02	Y	12598397	12997864	32	-3.7891
TCGA-14-3477-01A-01D-0914-02	Y	12999095	13035511	12	-1.6695
TCGA-14-3477-01A-01D-0914-02	Y	13052633	22930737	688	-4.2626
TCGA-14-3477-01A-01D-0914-02	Y	23283689	57440809	32	-1.6187
