barcode	chromosome	start	stop	num.mark	seg.mean
TCGA-12-3653-10A-01D-0914-02	1	554268	12789063	2083	-0.0863
TCGA-12-3653-10A-01D-0914-02	1	12822189	12840011	4	-1.752
TCGA-12-3653-10A-01D-0914-02	1	13101056	16877283	584	-0.105
TCGA-12-3653-10A-01D-0914-02	1	16884678	17124554	13	-0.5583
TCGA-12-3653-10A-01D-0914-02	1	17130528	72533856	10408	-0.062
TCGA-12-3653-10A-01D-0914-02	1	72550248	72574479	3	2.4077
TCGA-12-3653-10A-01D-0914-02	1	72602597	108533257	4751	-0.0189
TCGA-12-3653-10A-01D-0914-02	1	108535814	108538662	3	0.6818
TCGA-12-3653-10A-01D-0914-02	1	108541074	146294654	2299	-0.0549
TCGA-12-3653-10A-01D-0914-02	1	147134175	147510532	19	-0.6053
TCGA-12-3653-10A-01D-0914-02	1	147644831	150823073	633	-0.0903
TCGA-12-3653-10A-01D-0914-02	1	150839754	150848509	3	-1.8227
TCGA-12-3653-10A-01D-0914-02	1	150857070	167483267	2981	-0.0625
TCGA-12-3653-10A-01D-0914-02	1	167493768	167507898	8	0.4681
TCGA-12-3653-10A-01D-0914-02	1	167523140	247186514	13279	-0.0473
TCGA-12-3653-10A-01D-0914-02	10	126361	46396163	6419	-0.0585
TCGA-12-3653-10A-01D-0914-02	10	46404919	47060942	34	-0.4857
TCGA-12-3653-10A-01D-0914-02	10	47063200	47172534	17	-1.0977
TCGA-12-3653-10A-01D-0914-02	10	47735472	135286023	13779	-0.053
TCGA-12-3653-10A-01D-0914-02	11	190215	43726194	6586	-0.0444
TCGA-12-3653-10A-01D-0914-02	11	43728976	43738972	4	-0.9382
TCGA-12-3653-10A-01D-0914-02	11	43748046	55118214	1122	-0.0712
TCGA-12-3653-10A-01D-0914-02	11	55124730	55207305	16	-0.7441
TCGA-12-3653-10A-01D-0914-02	11	55225136	107157031	8508	-0.0462
TCGA-12-3653-10A-01D-0914-02	11	107167153	107176389	6	0.4459
TCGA-12-3653-10A-01D-0914-02	11	107177546	134432265	4450	-0.0604
TCGA-12-3653-10A-01D-0914-02	12	59839	736988	141	-0.083
TCGA-12-3653-10A-01D-0914-02	12	738240	745410	5	0.4425
TCGA-12-3653-10A-01D-0914-02	12	747365	9523923	1668	-0.0707
TCGA-12-3653-10A-01D-0914-02	12	9528590	9590351	9	0.472
TCGA-12-3653-10A-01D-0914-02	12	9599999	10464018	176	-0.0464
TCGA-12-3653-10A-01D-0914-02	12	10465787	10484956	5	-0.6873
TCGA-12-3653-10A-01D-0914-02	12	10491341	11069829	105	-0.0435
TCGA-12-3653-10A-01D-0914-02	12	11077272	11121204	3	-0.7884
TCGA-12-3653-10A-01D-0914-02	12	11203096	81689864	10514	-0.037
TCGA-12-3653-10A-01D-0914-02	12	81697251	81732314	11	-1.0692
TCGA-12-3653-10A-01D-0914-02	12	81740575	132289090	7763	-0.0569
TCGA-12-3653-10A-01D-0914-02	13	18065953	56650373	5514	-0.0489
TCGA-12-3653-10A-01D-0914-02	13	56658479	56673183	3	0.7786
TCGA-12-3653-10A-01D-0914-02	13	56691355	114114513	6368	-0.0224
TCGA-12-3653-10A-01D-0914-02	14	18149473	19154992	8	0.0411
TCGA-12-3653-10A-01D-0914-02	14	19268776	19490630	31	-0.7199
TCGA-12-3653-10A-01D-0914-02	14	19497023	21497838	406	-0.0603
TCGA-12-3653-10A-01D-0914-02	14	21498439	22031369	142	0.1675
TCGA-12-3653-10A-01D-0914-02	14	22032374	34665545	1793	-0.0406
TCGA-12-3653-10A-01D-0914-02	14	34666996	34683810	4	-0.7436
TCGA-12-3653-10A-01D-0914-02	14	34685308	105946993	10701	-0.0519
TCGA-12-3653-10A-01D-0914-02	14	105962305	106002179	6	-0.7359
TCGA-12-3653-10A-01D-0914-02	14	106017453	106349756	43	-0.0583
TCGA-12-3653-10A-01D-0914-02	15	18362555	18683110	7	0.0132
TCGA-12-3653-10A-01D-0914-02	15	18741716	19162213	22	-0.5365
TCGA-12-3653-10A-01D-0914-02	15	19171383	19465359	32	-0.2534
TCGA-12-3653-10A-01D-0914-02	15	19537035	20079935	31	-0.5807
TCGA-12-3653-10A-01D-0914-02	15	20249886	21876892	137	-0.0738
TCGA-12-3653-10A-01D-0914-02	15	21901565	21982746	3	-1.087
TCGA-12-3653-10A-01D-0914-02	15	22055553	25770000	530	-0.038
TCGA-12-3653-10A-01D-0914-02	15	25778695	26120293	83	0.4866
TCGA-12-3653-10A-01D-0914-02	15	26126921	100282819	11825	-0.0591
TCGA-12-3653-10A-01D-0914-02	16	36766	4154623	762	-0.0916
TCGA-12-3653-10A-01D-0914-02	16	4168180	4189117	5	-1.0573
TCGA-12-3653-10A-01D-0914-02	16	4192873	74095899	8201	-0.0697
TCGA-12-3653-10A-01D-0914-02	16	74097511	74129982	8	-0.5228
TCGA-12-3653-10A-01D-0914-02	16	74132901	75093957	131	-0.029
TCGA-12-3653-10A-01D-0914-02	16	75097331	75100865	3	-2.4908
TCGA-12-3653-10A-01D-0914-02	16	75102639	76925748	277	-0.0659
TCGA-12-3653-10A-01D-0914-02	16	76929598	76938723	7	1.2798
TCGA-12-3653-10A-01D-0914-02	16	76944661	88675835	2004	-0.0768
TCGA-12-3653-10A-01D-0914-02	17	29169	78636731	13973	-0.0746
TCGA-12-3653-10A-01D-0914-02	18	4316	76110964	10177	-0.0416
TCGA-12-3653-10A-01D-0914-02	19	210395	63787171	9885	-0.0876
TCGA-12-3653-10A-01D-0914-02	2	20341	38801777	5315	-0.0583
TCGA-12-3653-10A-01D-0914-02	2	38810280	38824461	4	0.6907
TCGA-12-3653-10A-01D-0914-02	2	38826550	167878095	16905	-0.0362
TCGA-12-3653-10A-01D-0914-02	2	167882675	167899155	3	-0.7834
TCGA-12-3653-10A-01D-0914-02	2	167909241	227941887	9324	-0.0329
TCGA-12-3653-10A-01D-0914-02	2	227946001	227964962	4	0.5089
TCGA-12-3653-10A-01D-0914-02	2	227973265	242717016	2440	-0.0701
TCGA-12-3653-10A-01D-0914-02	20	18580	1499034	261	-0.0893
TCGA-12-3653-10A-01D-0914-02	20	1506379	1531162	9	-2.8565
TCGA-12-3653-10A-01D-0914-02	20	1544485	60494594	9059	-0.0669
TCGA-12-3653-10A-01D-0914-02	20	60508515	60560625	4	0.5576
TCGA-12-3653-10A-01D-0914-02	20	60563826	62379059	316	-0.1186
TCGA-12-3653-10A-01D-0914-02	21	9896630	46914686	4913	-0.0535
TCGA-12-3653-10A-01D-0914-02	22	14866086	22642519	1205	-0.0966
TCGA-12-3653-10A-01D-0914-02	22	22677959	22720195	13	0.8651
TCGA-12-3653-10A-01D-0914-02	22	22736990	49565816	4944	-0.0836
TCGA-12-3653-10A-01D-0914-02	3	39066	89475107	14138	-0.0429
TCGA-12-3653-10A-01D-0914-02	3	89477163	89500935	7	-0.9898
TCGA-12-3653-10A-01D-0914-02	3	89502757	196933317	15575	-0.0354
TCGA-12-3653-10A-01D-0914-02	3	196940125	196961238	6	-0.5714
TCGA-12-3653-10A-01D-0914-02	3	196966631	199379566	435	-0.0895
TCGA-12-3653-10A-01D-0914-02	4	41413	69057735	7782	-0.0381
TCGA-12-3653-10A-01D-0914-02	4	69069563	69165814	13	0.6835
TCGA-12-3653-10A-01D-0914-02	4	69643272	70159690	62	-0.0391
TCGA-12-3653-10A-01D-0914-02	4	70184190	70237778	8	-0.7028
TCGA-12-3653-10A-01D-0914-02	4	70255674	91529627	3553	-0.0221
TCGA-12-3653-10A-01D-0914-02	4	91532154	91535617	3	-1.0617
TCGA-12-3653-10A-01D-0914-02	4	91537581	191133609	12931	-0.0176
TCGA-12-3653-10A-01D-0914-02	5	75149	32144814	3571	-0.0376
TCGA-12-3653-10A-01D-0914-02	5	32146491	32203336	9	0.4923
TCGA-12-3653-10A-01D-0914-02	5	32209048	68868713	4617	-0.0315
TCGA-12-3653-10A-01D-0914-02	5	68885350	70693444	10	-0.4759
TCGA-12-3653-10A-01D-0914-02	5	70698794	140196482	9394	-0.0319
TCGA-12-3653-10A-01D-0914-02	5	140203440	140216524	4	-5.1598
TCGA-12-3653-10A-01D-0914-02	5	140221835	180342860	5879	-0.0601
TCGA-12-3653-10A-01D-0914-02	5	180351118	180358977	5	-0.8517
TCGA-12-3653-10A-01D-0914-02	5	180365950	180644810	50	-0.1439
TCGA-12-3653-10A-01D-0914-02	6	97634	32519935	5178	-0.054
TCGA-12-3653-10A-01D-0914-02	6	32567382	32631315	8	-1.6417
TCGA-12-3653-10A-01D-0914-02	6	32634977	32711957	10	-0.1979
TCGA-12-3653-10A-01D-0914-02	6	32713363	32739800	9	-1.0034
TCGA-12-3653-10A-01D-0914-02	6	32745036	54035000	3724	-0.0544
TCGA-12-3653-10A-01D-0914-02	6	54037199	54042734	3	-4.6549
TCGA-12-3653-10A-01D-0914-02	6	54045472	78983276	2787	-0.0151
TCGA-12-3653-10A-01D-0914-02	6	79024557	79091850	8	-0.9811
TCGA-12-3653-10A-01D-0914-02	6	79101978	165640218	12386	-0.03
TCGA-12-3653-10A-01D-0914-02	6	165645537	165657596	3	0.8759
TCGA-12-3653-10A-01D-0914-02	6	165664947	170762955	770	-0.0791
TCGA-12-3653-10A-01D-0914-02	7	140213	158811268	24194	-0.0413
TCGA-12-3653-10A-01D-0914-02	8	166814	25120552	3650	-0.0507
TCGA-12-3653-10A-01D-0914-02	8	25124428	25129043	3	0.9131
TCGA-12-3653-10A-01D-0914-02	8	25130780	125335264	12796	-0.0318
TCGA-12-3653-10A-01D-0914-02	8	125337199	125343380	5	-0.5467
TCGA-12-3653-10A-01D-0914-02	8	125344637	146264846	2709	-0.0666
TCGA-12-3653-10A-01D-0914-02	9	153131	140241876	15878	-0.0515
TCGA-12-3653-10A-01D-0914-02	X	2719027	91425227	6427	0.8942
TCGA-12-3653-10A-01D-0914-02	X	91445574	92184315	22	0.3273
TCGA-12-3653-10A-01D-0914-02	X	92263775	111587586	1568	0.913
TCGA-12-3653-10A-01D-0914-02	X	111598647	111613676	3	-0.1806
TCGA-12-3653-10A-01D-0914-02	X	111659917	154582414	3318	0.8998
TCGA-12-3653-10A-01D-0914-02	Y	2710450	3223585	56	-4.2776
TCGA-12-3653-10A-01D-0914-02	Y	3318461	6717936	88	-1.236
TCGA-12-3653-10A-01D-0914-02	Y	6735310	7832896	159	-3.801
TCGA-12-3653-10A-01D-0914-02	Y	7843823	8158234	50	-5.0205
TCGA-12-3653-10A-01D-0914-02	Y	8161536	10511255	156	-4.037
TCGA-12-3653-10A-01D-0914-02	Y	10578072	12593244	21	-1.2432
TCGA-12-3653-10A-01D-0914-02	Y	12598397	12999095	34	-3.6742
TCGA-12-3653-10A-01D-0914-02	Y	13002006	13035511	11	-1.3432
TCGA-12-3653-10A-01D-0914-02	Y	13052633	22930737	712	-4.2922
TCGA-12-3653-10A-01D-0914-02	Y	23283689	57440809	31	-2.1012
