barcode	chromosome	start	stop	num.mark	seg.mean
TCGA-14-0736-10C-01D-0520-02	1	554268	16877283	2671	-0.106
TCGA-14-0736-10C-01D-0520-02	1	16884678	16923767	4	-0.8602
TCGA-14-0736-10C-01D-0520-02	1	16926444	72533856	10418	-0.0786
TCGA-14-0736-10C-01D-0520-02	1	72550248	72574479	3	1.3753
TCGA-14-0736-10C-01D-0520-02	1	72602597	120331193	6695	-0.0386
TCGA-14-0736-10C-01D-0520-02	1	120333077	120474101	8	-0.5189
TCGA-14-0736-10C-01D-0520-02	1	120495425	143659690	47	-0.1732
TCGA-14-0736-10C-01D-0520-02	1	143697723	143784932	37	-0.4675
TCGA-14-0736-10C-01D-0520-02	1	143786234	150816180	917	-0.0839
TCGA-14-0736-10C-01D-0520-02	1	150823073	150848509	4	2.0066
TCGA-14-0736-10C-01D-0520-02	1	150857070	246794522	16214	-0.0629
TCGA-14-0736-10C-01D-0520-02	1	246794552	246862029	15	-0.8123
TCGA-14-0736-10C-01D-0520-02	1	246874992	247186514	41	-0.1139
TCGA-14-0736-10C-01D-0520-02	10	126361	5598642	812	-0.0812
TCGA-14-0736-10C-01D-0520-02	10	5622655	5750954	14	0.4917
TCGA-14-0736-10C-01D-0520-02	10	5760826	27038538	3595	-0.0635
TCGA-14-0736-10C-01D-0520-02	10	27040181	27045226	3	0.8255
TCGA-14-0736-10C-01D-0520-02	10	27054002	77917893	6665	-0.0588
TCGA-14-0736-10C-01D-0520-02	10	77926390	77936034	3	1.2647
TCGA-14-0736-10C-01D-0520-02	10	77940201	135286023	9160	-0.0753
TCGA-14-0736-10C-01D-0520-02	11	190215	7757329	1250	-0.0814
TCGA-14-0736-10C-01D-0520-02	11	7774067	7783344	3	-6.9129
TCGA-14-0736-10C-01D-0520-02	11	7797993	18865243	2175	-0.0727
TCGA-14-0736-10C-01D-0520-02	11	18882806	18915871	7	-0.6224
TCGA-14-0736-10C-01D-0520-02	11	18929375	36602180	2690	-0.0456
TCGA-14-0736-10C-01D-0520-02	11	36604988	36611027	5	-1.0095
TCGA-14-0736-10C-01D-0520-02	11	36613602	55118214	1584	-0.0686
TCGA-14-0736-10C-01D-0520-02	11	55124730	55197848	14	-0.4669
TCGA-14-0736-10C-01D-0520-02	11	55200744	134432265	12967	-0.0671
TCGA-14-0736-10C-01D-0520-02	12	59839	9523923	1814	-0.089
TCGA-14-0736-10C-01D-0520-02	12	9528590	9590351	9	0.7849
TCGA-14-0736-10C-01D-0520-02	12	9599999	10464018	176	-0.073
TCGA-14-0736-10C-01D-0520-02	12	10465787	10484956	5	-0.6555
TCGA-14-0736-10C-01D-0520-02	12	10491341	132289090	18398	-0.0569
TCGA-14-0736-10C-01D-0520-02	13	18065953	56650373	5514	-0.0586
TCGA-14-0736-10C-01D-0520-02	13	56658479	56673183	3	-0.8638
TCGA-14-0736-10C-01D-0520-02	13	56691355	65784382	531	0.015
TCGA-14-0736-10C-01D-0520-02	13	65793131	65796412	3	-0.8528
TCGA-14-0736-10C-01D-0520-02	13	65799238	75259306	1101	-0.0023
TCGA-14-0736-10C-01D-0520-02	13	75261438	75265264	3	-1.0286
TCGA-14-0736-10C-01D-0520-02	13	75273109	114114513	4730	-0.0451
TCGA-14-0736-10C-01D-0520-02	14	18149473	21569676	460	-0.0827
TCGA-14-0736-10C-01D-0520-02	14	21575909	22038206	131	-0.7011
TCGA-14-0736-10C-01D-0520-02	14	22040315	37054000	2223	-0.0512
TCGA-14-0736-10C-01D-0520-02	14	37055067	37062074	6	-1
TCGA-14-0736-10C-01D-0520-02	14	37064796	61031519	2991	-0.0421
TCGA-14-0736-10C-01D-0520-02	14	61040013	61052748	3	-1.0619
TCGA-14-0736-10C-01D-0520-02	14	61059352	105594189	7230	-0.071
TCGA-14-0736-10C-01D-0520-02	14	105602756	105625010	4	-0.8064
TCGA-14-0736-10C-01D-0520-02	14	105630089	106349756	86	-0.1181
TCGA-14-0736-10C-01D-0520-02	15	18362555	22656552	271	-0.083
TCGA-14-0736-10C-01D-0520-02	15	22658454	22660035	3	-0.9869
TCGA-14-0736-10C-01D-0520-02	15	22665033	32511475	1429	-0.0698
TCGA-14-0736-10C-01D-0520-02	15	32514939	32578483	11	0.686
TCGA-14-0736-10C-01D-0520-02	15	32590643	74669752	7281	-0.064
TCGA-14-0736-10C-01D-0520-02	15	74671626	74680439	4	0.7488
TCGA-14-0736-10C-01D-0520-02	15	74696127	100282819	3674	-0.0798
TCGA-14-0736-10C-01D-0520-02	16	36766	75093957	9106	-0.0862
TCGA-14-0736-10C-01D-0520-02	16	75097331	75100865	3	1.6245
TCGA-14-0736-10C-01D-0520-02	16	75102639	76925748	277	-0.0674
TCGA-14-0736-10C-01D-0520-02	16	76929598	76938723	7	0.8881
TCGA-14-0736-10C-01D-0520-02	16	76944661	88675835	2004	-0.0915
TCGA-14-0736-10C-01D-0520-02	17	29169	15591952	3033	-0.0929
TCGA-14-0736-10C-01D-0520-02	17	15618812	15733964	7	-0.757
TCGA-14-0736-10C-01D-0520-02	17	15737241	41558893	4530	-0.093
TCGA-14-0736-10C-01D-0520-02	17	41566540	42049540	36	-0.534
TCGA-14-0736-10C-01D-0520-02	17	42142363	78636731	6366	-0.0855
TCGA-14-0736-10C-01D-0520-02	18	4316	76110964	10178	-0.0524
TCGA-14-0736-10C-01D-0520-02	19	210395	63787171	9885	-0.11
TCGA-14-0736-10C-01D-0520-02	2	20341	154572629	20158	-0.0596
TCGA-14-0736-10C-01D-0520-02	2	154580852	154611228	12	0.3627
TCGA-14-0736-10C-01D-0520-02	2	154612441	242717016	13825	-0.0457
TCGA-14-0736-10C-01D-0520-02	20	18580	1506379	262	-0.1006
TCGA-14-0736-10C-01D-0520-02	20	1511632	1531162	9	-4.1639
TCGA-14-0736-10C-01D-0520-02	20	1544485	62379059	9379	-0.0805
TCGA-14-0736-10C-01D-0520-02	21	9896630	46914686	4914	-0.0674
TCGA-14-0736-10C-01D-0520-02	22	14866086	22677959	1206	-0.1147
TCGA-14-0736-10C-01D-0520-02	22	22686690	22720195	12	-5.5084
TCGA-14-0736-10C-01D-0520-02	22	22736990	23984069	263	-0.081
TCGA-14-0736-10C-01D-0520-02	22	23994618	24233484	32	-0.938
TCGA-14-0736-10C-01D-0520-02	22	24254026	49565816	4649	-0.0935
TCGA-14-0736-10C-01D-0520-02	3	39066	46761824	7445	-0.0645
TCGA-14-0736-10C-01D-0520-02	3	46771035	46823673	4	-3.4868
TCGA-14-0736-10C-01D-0520-02	3	46827727	75787094	5324	-0.061
TCGA-14-0736-10C-01D-0520-02	3	75798154	75875904	12	-0.6139
TCGA-14-0736-10C-01D-0520-02	3	75945890	116137442	4206	-0.0178
TCGA-14-0736-10C-01D-0520-02	3	116140997	116146946	4	-6.7598
TCGA-14-0736-10C-01D-0520-02	3	116155373	196822133	12719	-0.0506
TCGA-14-0736-10C-01D-0520-02	3	196904349	196933317	8	-0.6812
TCGA-14-0736-10C-01D-0520-02	3	196940125	199379566	441	-0.0977
TCGA-14-0736-10C-01D-0520-02	4	41413	191133609	24351	-0.0407
TCGA-14-0736-10C-01D-0520-02	5	75149	763494	107	-0.1421
TCGA-14-0736-10C-01D-0520-02	5	771310	873416	11	0.6253
TCGA-14-0736-10C-01D-0520-02	5	905462	180342860	23369	-0.051
TCGA-14-0736-10C-01D-0520-02	5	180351118	180358977	5	0.5673
TCGA-14-0736-10C-01D-0520-02	5	180365950	180644810	50	-0.1243
TCGA-14-0736-10C-01D-0520-02	6	97634	32586131	5180	-0.0685
TCGA-14-0736-10C-01D-0520-02	6	32593151	32654861	9	0.7082
TCGA-14-0736-10C-01D-0520-02	6	32659328	32713363	8	-0.0751
TCGA-14-0736-10C-01D-0520-02	6	32716255	32739800	8	0.429
TCGA-14-0736-10C-01D-0520-02	6	32745036	54035000	3725	-0.0711
TCGA-14-0736-10C-01D-0520-02	6	54037199	54042734	3	1.4884
TCGA-14-0736-10C-01D-0520-02	6	54045472	78930885	2786	-0.0265
TCGA-14-0736-10C-01D-0520-02	6	78983276	79079988	8	0.5675
TCGA-14-0736-10C-01D-0520-02	6	79091850	102034306	2566	-0.0274
TCGA-14-0736-10C-01D-0520-02	6	102041299	102044331	3	-0.8289
TCGA-14-0736-10C-01D-0520-02	6	102046884	150452212	7303	-0.0384
TCGA-14-0736-10C-01D-0520-02	6	150477635	150528196	8	0.393
TCGA-14-0736-10C-01D-0520-02	6	150535085	170762955	3280	-0.0734
TCGA-14-0736-10C-01D-0520-02	7	140213	38259147	6018	-0.053
TCGA-14-0736-10C-01D-0520-02	7	38262701	38349033	27	-0.7618
TCGA-14-0736-10C-01D-0520-02	7	38360187	48437894	1613	-0.0626
TCGA-14-0736-10C-01D-0520-02	7	48443511	48450802	3	-1.183
TCGA-14-0736-10C-01D-0520-02	7	48452957	141385063	13448	-0.0518
TCGA-14-0736-10C-01D-0520-02	7	141387458	141442231	17	0.3115
TCGA-14-0736-10C-01D-0520-02	7	141443577	143501811	296	-0.1079
TCGA-14-0736-10C-01D-0520-02	7	143582864	143584350	3	-0.83
TCGA-14-0736-10C-01D-0520-02	7	143705425	158811268	2769	-0.0828
TCGA-14-0736-10C-01D-0520-02	8	166814	39345557	5682	-0.0661
TCGA-14-0736-10C-01D-0520-02	8	39352361	39505256	29	0.801
TCGA-14-0736-10C-01D-0520-02	8	39511632	63377340	2545	-0.056
TCGA-14-0736-10C-01D-0520-02	8	63379224	63381898	3	-0.9377
TCGA-14-0736-10C-01D-0520-02	8	63388204	146264846	10904	-0.0495
TCGA-14-0736-10C-01D-0520-02	9	153131	12064176	1627	-0.0469
TCGA-14-0736-10C-01D-0520-02	9	12091078	12153230	11	-0.9158
TCGA-14-0736-10C-01D-0520-02	9	12186142	71215009	3785	-0.0559
TCGA-14-0736-10C-01D-0520-02	9	71225514	71239115	3	1.0659
TCGA-14-0736-10C-01D-0520-02	9	71245672	140241876	10451	-0.0731
TCGA-14-0736-10C-01D-0520-02	X	2719027	76998610	5702	-0.051
TCGA-14-0736-10C-01D-0520-02	X	77008500	77014050	3	1.7094
TCGA-14-0736-10C-01D-0520-02	X	77014496	154582414	5634	-0.0379
TCGA-14-0736-10C-01D-0520-02	Y	2710450	10068094	509	-0.1007
TCGA-14-0736-10C-01D-0520-02	Y	10251061	10260135	4	-3.6613
TCGA-14-0736-10C-01D-0520-02	Y	10379512	57440809	847	-0.0612
