barcode	chromosome	start	stop	num.mark	seg.mean
TCGA-27-1834-10A-01D-0594-02	1	554268	12762774	2076	0.0011
TCGA-27-1834-10A-01D-0594-02	1	12776479	12840011	6	-0.6636
TCGA-27-1834-10A-01D-0594-02	1	13101056	16678605	576	-0.0093
TCGA-27-1834-10A-01D-0594-02	1	16799334	16926444	11	-0.4271
TCGA-27-1834-10A-01D-0594-02	1	16960984	40613251	4208	-0.0052
TCGA-27-1834-10A-01D-0594-02	1	40614542	40641358	10	-0.8033
TCGA-27-1834-10A-01D-0594-02	1	40644854	109369942	11016	-0.0031
TCGA-27-1834-10A-01D-0594-02	1	109373255	109376249	3	-0.6651
TCGA-27-1834-10A-01D-0594-02	1	109383196	121013177	1816	0.0019
TCGA-27-1834-10A-01D-0594-02	1	121052394	143783358	54	-0.13
TCGA-27-1834-10A-01D-0594-02	1	143784932	147203277	268	0.0045
TCGA-27-1834-10A-01D-0594-02	1	147306304	147644831	18	-0.4695
TCGA-27-1834-10A-01D-0594-02	1	147946905	167483267	3596	-0.0074
TCGA-27-1834-10A-01D-0594-02	1	167493768	167507898	8	0.4171
TCGA-27-1834-10A-01D-0594-02	1	167523140	173060997	1041	0.0014
TCGA-27-1834-10A-01D-0594-02	1	173063537	173067337	3	-0.8359
TCGA-27-1834-10A-01D-0594-02	1	173069821	223305782	7787	-0.0033
TCGA-27-1834-10A-01D-0594-02	1	223309669	223340325	7	-0.8174
TCGA-27-1834-10A-01D-0594-02	1	223351067	247186514	4376	-0.002
TCGA-27-1834-10A-01D-0594-02	10	126361	135286023	20170	-0.0021
TCGA-27-1834-10A-01D-0594-02	11	190215	5738494	866	-0.0042
TCGA-27-1834-10A-01D-0594-02	11	5742476	5762182	4	-0.6074
TCGA-27-1834-10A-01D-0594-02	11	5766615	55118214	6816	-0.0051
TCGA-27-1834-10A-01D-0594-02	11	55124730	55197848	13	-2.5496
TCGA-27-1834-10A-01D-0594-02	11	55200744	134432265	12912	-0.0012
TCGA-27-1834-10A-01D-0594-02	12	59839	132289090	20315	-0.0016
TCGA-27-1834-10A-01D-0594-02	13	18065953	51734466	5198	-0.0042
TCGA-27-1834-10A-01D-0594-02	13	51783311	51791812	3	-0.7968
TCGA-27-1834-10A-01D-0594-02	13	51818203	56650373	284	0.0035
TCGA-27-1834-10A-01D-0594-02	13	56658479	56673183	3	0.8312
TCGA-27-1834-10A-01D-0594-02	13	56691355	114114513	6325	0.0026
TCGA-27-1834-10A-01D-0594-02	14	18149473	18537177	4	-0.1355
TCGA-27-1834-10A-01D-0594-02	14	18624383	19388122	18	-0.381
TCGA-27-1834-10A-01D-0594-02	14	19397709	19490630	16	-0.7058
TCGA-27-1834-10A-01D-0594-02	14	19497023	21426967	386	-0.0024
TCGA-27-1834-10A-01D-0594-02	14	21428282	22052799	170	0.0847
TCGA-27-1834-10A-01D-0594-02	14	22054604	79174722	8862	-0.0037
TCGA-27-1834-10A-01D-0594-02	14	79176037	79180204	3	-2.8389
TCGA-27-1834-10A-01D-0594-02	14	79188009	105945006	3567	-6e-04
TCGA-27-1834-10A-01D-0594-02	14	105946993	106002179	7	-0.572
TCGA-27-1834-10A-01D-0594-02	14	106017453	106216726	23	-0.0332
TCGA-27-1834-10A-01D-0594-02	14	106219784	106251081	7	0.2967
TCGA-27-1834-10A-01D-0594-02	14	106260876	106349756	13	-0.0528
TCGA-27-1834-10A-01D-0594-02	15	18362555	18886649	22	-0.0052
TCGA-27-1834-10A-01D-0594-02	15	19109124	20079935	65	0.2647
TCGA-27-1834-10A-01D-0594-02	15	20249886	100207245	12519	-0.0028
TCGA-27-1834-10A-01D-0594-02	15	100217283	100282819	2	-0.7623
TCGA-27-1834-10A-01D-0594-02	16	36766	2592859	460	0.0032
TCGA-27-1834-10A-01D-0594-02	16	2600740	2639798	4	0.7338
TCGA-27-1834-10A-01D-0594-02	16	2660804	14687636	1905	0.001
TCGA-27-1834-10A-01D-0594-02	16	14956177	15023848	11	-0.2945
TCGA-27-1834-10A-01D-0594-02	16	15034210	31854837	2330	-0.0059
TCGA-27-1834-10A-01D-0594-02	16	31862577	33527454	34	-0.1987
TCGA-27-1834-10A-01D-0594-02	16	33539023	74095899	4186	-0.0016
TCGA-27-1834-10A-01D-0594-02	16	74097511	74134999	11	-0.318
TCGA-27-1834-10A-01D-0594-02	16	74141966	76925748	405	-0.0131
TCGA-27-1834-10A-01D-0594-02	16	76929598	76935880	5	0.8936
TCGA-27-1834-10A-01D-0594-02	16	76937156	88675835	1996	-0.0022
TCGA-27-1834-10A-01D-0594-02	17	29169	19450870	3656	-0.0037
TCGA-27-1834-10A-01D-0594-02	17	19455507	19478144	8	-0.7606
TCGA-27-1834-10A-01D-0594-02	17	19486276	41553226	3886	-0.0058
TCGA-27-1834-10A-01D-0594-02	17	41558893	42049540	37	-0.291
TCGA-27-1834-10A-01D-0594-02	17	42142363	78636731	6348	-0.0028
TCGA-27-1834-10A-01D-0594-02	18	4316	76110964	10135	-0.0017
TCGA-27-1834-10A-01D-0594-02	19	210395	4156366	679	-0.0044
TCGA-27-1834-10A-01D-0594-02	19	4158387	4171470	3	0.5939
TCGA-27-1834-10A-01D-0594-02	19	4197606	63787171	9168	-0.0035
TCGA-27-1834-10A-01D-0594-02	2	29193	37789939	5116	0.0051
TCGA-27-1834-10A-01D-0594-02	2	37818455	37854350	15	-0.4141
TCGA-27-1834-10A-01D-0594-02	2	37858379	150013803	14332	-9e-04
TCGA-27-1834-10A-01D-0594-02	2	150020372	150028880	3	0.6407
TCGA-27-1834-10A-01D-0594-02	2	150030767	242717016	14361	1e-04
TCGA-27-1834-10A-01D-0594-02	20	18580	1506379	260	-0.0064
TCGA-27-1834-10A-01D-0594-02	20	1511632	1531162	9	0.5804
TCGA-27-1834-10A-01D-0594-02	20	1544485	62379059	9353	0.0013
TCGA-27-1834-10A-01D-0594-02	21	9896630	46914686	4875	0.002
TCGA-27-1834-10A-01D-0594-02	22	14866086	49565816	6128	-0.0012
TCGA-27-1834-10A-01D-0594-02	3	39066	46761824	7420	-0.0015
TCGA-27-1834-10A-01D-0594-02	3	46771035	46823673	4	-0.599
TCGA-27-1834-10A-01D-0594-02	3	46827727	174721900	18609	-0.0015
TCGA-27-1834-10A-01D-0594-02	3	174722441	174767241	15	0.5017
TCGA-27-1834-10A-01D-0594-02	3	174775059	199379566	3996	0.002
TCGA-27-1834-10A-01D-0594-02	4	41413	69057735	7755	0.0011
TCGA-27-1834-10A-01D-0594-02	4	69069563	69165814	13	0.5235
TCGA-27-1834-10A-01D-0594-02	4	69643272	191133609	16497	-3e-04
TCGA-27-1834-10A-01D-0594-02	5	75149	725954	106	0.0096
TCGA-27-1834-10A-01D-0594-02	5	763494	859176	9	-0.4237
TCGA-27-1834-10A-01D-0594-02	5	870657	9319917	949	0.0125
TCGA-27-1834-10A-01D-0594-02	5	9321816	9333177	3	-0.6166
TCGA-27-1834-10A-01D-0594-02	5	9335287	69741318	7104	-8e-04
TCGA-27-1834-10A-01D-0594-02	5	69767948	70345552	3	-0.7476
TCGA-27-1834-10A-01D-0594-02	5	70405656	180342860	15217	-0.0019
TCGA-27-1834-10A-01D-0594-02	5	180351118	180358977	5	-0.738
TCGA-27-1834-10A-01D-0594-02	5	180365950	180644810	50	-0.0191
TCGA-27-1834-10A-01D-0594-02	6	97634	29950805	4657	0.0019
TCGA-27-1834-10A-01D-0594-02	6	29962849	30010234	7	0.4108
TCGA-27-1834-10A-01D-0594-02	6	30026699	32586131	495	-0.0059
TCGA-27-1834-10A-01D-0594-02	6	32593151	32631315	6	-1.0164
TCGA-27-1834-10A-01D-0594-02	6	32634977	54035000	3727	-3e-04
TCGA-27-1834-10A-01D-0594-02	6	54037199	54042734	3	-2.9653
TCGA-27-1834-10A-01D-0594-02	6	54045472	165640218	15103	-9e-04
TCGA-27-1834-10A-01D-0594-02	6	165645537	165657596	3	1.5177
TCGA-27-1834-10A-01D-0594-02	6	165664947	170762955	768	0.0111
TCGA-27-1834-10A-01D-0594-02	7	140213	141408013	21020	-6e-04
TCGA-27-1834-10A-01D-0594-02	7	141413352	141440184	11	-0.4426
TCGA-27-1834-10A-01D-0594-02	7	141442231	158811268	3050	0.0015
TCGA-27-1834-10A-01D-0594-02	8	166814	11943616	1928	0.0018
TCGA-27-1834-10A-01D-0594-02	8	12276178	12285464	3	-0.6385
TCGA-27-1834-10A-01D-0594-02	8	12448374	39345557	3727	0.0019
TCGA-27-1834-10A-01D-0594-02	8	39352361	39505256	29	0.8205
TCGA-27-1834-10A-01D-0594-02	8	39511632	146264846	13383	5e-04
TCGA-27-1834-10A-01D-0594-02	9	153131	39131835	5168	-0.0014
TCGA-27-1834-10A-01D-0594-02	9	39141696	44199401	17	-0.2849
TCGA-27-1834-10A-01D-0594-02	9	44810117	140241876	10621	-0.0018
TCGA-27-1834-10A-01D-0594-02	X	2719027	38236965	2963	0.0138
TCGA-27-1834-10A-01D-0594-02	X	38259086	38293309	3	-0.6032
TCGA-27-1834-10A-01D-0594-02	X	38304133	76992219	2726	-0.003
TCGA-27-1834-10A-01D-0594-02	X	76998610	77010018	3	0.6644
TCGA-27-1834-10A-01D-0594-02	X	77014050	89326357	655	0.0181
TCGA-27-1834-10A-01D-0594-02	X	89351337	90003509	10	0.3976
TCGA-27-1834-10A-01D-0594-02	X	90031437	90865947	29	-0.0367
TCGA-27-1834-10A-01D-0594-02	X	90917565	92184315	51	0.2441
TCGA-27-1834-10A-01D-0594-02	X	92263775	154037006	4841	0.0071
TCGA-27-1834-10A-01D-0594-02	X	154050185	154078819	3	0.7835
TCGA-27-1834-10A-01D-0594-02	X	154086636	154582414	44	0.054
TCGA-27-1834-10A-01D-0594-02	Y	2710450	10511255	524	0.6624
TCGA-27-1834-10A-01D-0594-02	Y	10578072	10645500	10	0.0864
TCGA-27-1834-10A-01D-0594-02	Y	10646662	22930737	790	0.6989
TCGA-27-1834-10A-01D-0594-02	Y	23283689	57440809	32	0.4829
