barcode	chromosome	start	stop	num.mark	seg.mean
TCGA-12-1094-10A-01D-0520-02	1	554268	150823073	20801	-0.0586
TCGA-12-1094-10A-01D-0520-02	1	150839754	150848509	3	1.7527
TCGA-12-1094-10A-01D-0520-02	1	150857070	167483267	2981	-0.0576
TCGA-12-1094-10A-01D-0520-02	1	167493768	167507898	8	-0.6463
TCGA-12-1094-10A-01D-0520-02	1	167523140	194978218	4142	-0.0322
TCGA-12-1094-10A-01D-0520-02	1	195005520	195062024	11	-3.4933
TCGA-12-1094-10A-01D-0520-02	1	195067764	246442698	9030	-0.0563
TCGA-12-1094-10A-01D-0520-02	1	246448361	246794552	41	0.1492
TCGA-12-1094-10A-01D-0520-02	1	246795223	246862029	14	-0.7465
TCGA-12-1094-10A-01D-0520-02	1	246874992	247186514	41	-0.1204
TCGA-12-1094-10A-01D-0520-02	10	126361	44521469	6268	-0.0557
TCGA-12-1094-10A-01D-0520-02	10	44567691	44679038	9	0.5808
TCGA-12-1094-10A-01D-0520-02	10	44691262	45554717	141	-0.0512
TCGA-12-1094-10A-01D-0520-02	10	46388078	46558272	32	0.2643
TCGA-12-1094-10A-01D-0520-02	10	46561216	56114489	1200	-0.0316
TCGA-12-1094-10A-01D-0520-02	10	56118633	56135384	5	1.023
TCGA-12-1094-10A-01D-0520-02	10	56142414	77917893	3434	-0.0474
TCGA-12-1094-10A-01D-0520-02	10	77926390	77936034	3	0.8035
TCGA-12-1094-10A-01D-0520-02	10	77940201	135286023	9158	-0.0587
TCGA-12-1094-10A-01D-0520-02	11	190215	55112329	7714	-0.0574
TCGA-12-1094-10A-01D-0520-02	11	55118214	55225136	18	0.2917
TCGA-12-1094-10A-01D-0520-02	11	55230765	134432265	12962	-0.0577
TCGA-12-1094-10A-01D-0520-02	12	59839	9523923	1814	-0.0806
TCGA-12-1094-10A-01D-0520-02	12	9528590	9554149	4	-6.3088
TCGA-12-1094-10A-01D-0520-02	12	9555181	9610054	7	-0.9449
TCGA-12-1094-10A-01D-0520-02	12	9626736	10464018	174	-0.0648
TCGA-12-1094-10A-01D-0520-02	12	10465787	10484956	5	-0.8202
TCGA-12-1094-10A-01D-0520-02	12	10491341	11393473	124	-0.0526
TCGA-12-1094-10A-01D-0520-02	12	11404653	11430887	4	-1.2379
TCGA-12-1094-10A-01D-0520-02	12	11444721	132289090	18268	-0.0474
TCGA-12-1094-10A-01D-0520-02	13	18065953	56650373	5514	-0.0495
TCGA-12-1094-10A-01D-0520-02	13	56658479	56673183	3	-0.923
TCGA-12-1094-10A-01D-0520-02	13	56691355	114114513	6368	-0.0259
TCGA-12-1094-10A-01D-0520-02	14	18149473	19490630	39	-0.6164
TCGA-12-1094-10A-01D-0520-02	14	19497023	106349756	13092	-0.0473
TCGA-12-1094-10A-01D-0520-02	15	18362555	18657388	6	0.0079
TCGA-12-1094-10A-01D-0520-02	15	18683110	19465359	54	-0.3953
TCGA-12-1094-10A-01D-0520-02	15	19537035	20307869	33	-0.6358
TCGA-12-1094-10A-01D-0520-02	15	20316992	20636478	63	-0.0568
TCGA-12-1094-10A-01D-0520-02	15	20646176	20719140	9	-0.6995
TCGA-12-1094-10A-01D-0520-02	15	20735821	100282819	12506	-0.0595
TCGA-12-1094-10A-01D-0520-02	16	36766	31854837	4729	-0.0752
TCGA-12-1094-10A-01D-0520-02	16	31862577	33507497	31	-0.3793
TCGA-12-1094-10A-01D-0520-02	16	33517367	88675835	6638	-0.0604
TCGA-12-1094-10A-01D-0520-02	17	29169	41515622	7559	-0.0745
TCGA-12-1094-10A-01D-0520-02	17	41521544	41566540	10	0.564
TCGA-12-1094-10A-01D-0520-02	17	41568539	78636731	6401	-0.0664
TCGA-12-1094-10A-01D-0520-02	18	4316	76110964	10178	-0.0437
TCGA-12-1094-10A-01D-0520-02	19	210395	63787171	9883	-0.0931
TCGA-12-1094-10A-01D-0520-02	2	20341	87178812	12394	-0.0545
TCGA-12-1094-10A-01D-0520-02	2	87229588	87786474	10	0.4666
TCGA-12-1094-10A-01D-0520-02	2	87968898	242717016	21589	-0.0405
TCGA-12-1094-10A-01D-0520-02	20	18580	1506379	262	-0.0929
TCGA-12-1094-10A-01D-0520-02	20	1511632	1531162	9	0.5555
TCGA-12-1094-10A-01D-0520-02	20	1544485	62379059	9377	-0.062
TCGA-12-1094-10A-01D-0520-02	21	9896630	46914686	4914	-0.0539
TCGA-12-1094-10A-01D-0520-02	22	14866086	22642519	1204	-0.0869
TCGA-12-1094-10A-01D-0520-02	22	22677959	22720195	13	-0.588
TCGA-12-1094-10A-01D-0520-02	22	22736990	49565816	4943	-0.0769
TCGA-12-1094-10A-01D-0520-02	3	39066	189911039	28599	-0.0426
TCGA-12-1094-10A-01D-0520-02	3	189912492	189915187	4	-1.1428
TCGA-12-1094-10A-01D-0520-02	3	189922377	192548135	402	-0.0457
TCGA-12-1094-10A-01D-0520-02	3	192549325	192552734	3	-0.9855
TCGA-12-1094-10A-01D-0520-02	3	192554451	199379566	1155	-0.0528
TCGA-12-1094-10A-01D-0520-02	4	41413	91067941	11343	-0.0409
TCGA-12-1094-10A-01D-0520-02	4	91075254	91156685	11	-0.999
TCGA-12-1094-10A-01D-0520-02	4	91189499	191133609	12995	-0.0296
TCGA-12-1094-10A-01D-0520-02	5	75149	180644810	23543	-0.0426
TCGA-12-1094-10A-01D-0520-02	6	97634	237952	15	-0.0669
TCGA-12-1094-10A-01D-0520-02	6	240119	320890	30	-0.426
TCGA-12-1094-10A-01D-0520-02	6	334423	29950805	4631	-0.0576
TCGA-12-1094-10A-01D-0520-02	6	29962849	30040917	12	-0.696
TCGA-12-1094-10A-01D-0520-02	6	30045533	32586131	492	-0.1013
TCGA-12-1094-10A-01D-0520-02	6	32593151	32600962	3	0.8889
TCGA-12-1094-10A-01D-0520-02	6	32605300	54035000	3746	-0.0591
TCGA-12-1094-10A-01D-0520-02	6	54037199	54042734	3	-6.5808
TCGA-12-1094-10A-01D-0520-02	6	54045472	78983276	2787	-0.0211
TCGA-12-1094-10A-01D-0520-02	6	79024557	79091850	8	-6.141
TCGA-12-1094-10A-01D-0520-02	6	79101978	170762955	13159	-0.0327
TCGA-12-1094-10A-01D-0520-02	7	140213	141385063	21109	-0.0436
TCGA-12-1094-10A-01D-0520-02	7	141387458	141440184	16	0.3398
TCGA-12-1094-10A-01D-0520-02	7	141442231	158811268	3069	-0.0607
TCGA-12-1094-10A-01D-0520-02	8	166814	146264846	19162	-0.0445
TCGA-12-1094-10A-01D-0520-02	9	153131	140241876	15877	-0.0534
TCGA-12-1094-10A-01D-0520-02	X	2719027	76998610	5701	-0.1024
TCGA-12-1094-10A-01D-0520-02	X	77008500	77014050	3	1.5774
TCGA-12-1094-10A-01D-0520-02	X	77014496	154582414	5633	-0.1
TCGA-12-1094-10A-01D-0520-02	Y	2710450	57440809	1360	-0.1438
