barcode	chromosome	start	stop	num.mark	seg.mean
TCGA-06-2561-01A-02D-0787-02	1	554268	16659021	2656	-0.0127
TCGA-06-2561-01A-02D-0787-02	1	16666760	17130528	22	0.9361
TCGA-06-2561-01A-02D-0787-02	1	17148592	17232195	19	-0.0205
TCGA-06-2561-01A-02D-0787-02	1	17234407	17439109	37	-0.5071
TCGA-06-2561-01A-02D-0787-02	1	17445038	21694754	814	0.0213
TCGA-06-2561-01A-02D-0787-02	1	21704737	27053714	971	-0.5685
TCGA-06-2561-01A-02D-0787-02	1	27069203	48295036	3881	7e-04
TCGA-06-2561-01A-02D-0787-02	1	48296984	52476120	794	-0.5315
TCGA-06-2561-01A-02D-0787-02	1	52477440	115067337	9680	0.009
TCGA-06-2561-01A-02D-0787-02	1	115070346	115083903	3	1.6036
TCGA-06-2561-01A-02D-0787-02	1	115085989	120333077	815	0.0098
TCGA-06-2561-01A-02D-0787-02	1	120361983	120808459	9	0.6997
TCGA-06-2561-01A-02D-0787-02	1	120826826	121052394	28	0.0897
TCGA-06-2561-01A-02D-0787-02	1	142719230	144003055	71	0.5895
TCGA-06-2561-01A-02D-0787-02	1	144099712	241410403	15936	0.0099
TCGA-06-2561-01A-02D-0787-02	1	241424282	242682337	298	1.3692
TCGA-06-2561-01A-02D-0787-02	1	242692737	243085216	90	0.0248
TCGA-06-2561-01A-02D-0787-02	1	243086517	243090242	3	1.9816
TCGA-06-2561-01A-02D-0787-02	1	243092211	247186514	759	-0.0201
TCGA-06-2561-01A-02D-0787-02	10	126361	38659036	6012	-0.5764
TCGA-06-2561-01A-02D-0787-02	10	38659048	42150759	10	0.2542
TCGA-06-2561-01A-02D-0787-02	10	42175348	45520815	369	-0.5908
TCGA-06-2561-01A-02D-0787-02	10	45554717	47735472	55	-0.289
TCGA-06-2561-01A-02D-0787-02	10	47954413	68102951	2489	-0.5802
TCGA-06-2561-01A-02D-0787-02	10	68108381	68155556	17	-1.1071
TCGA-06-2561-01A-02D-0787-02	10	68161228	127563278	10066	-0.5771
TCGA-06-2561-01A-02D-0787-02	10	127575540	127607438	7	0.3449
TCGA-06-2561-01A-02D-0787-02	10	127608087	135286023	1141	-0.6216
TCGA-06-2561-01A-02D-0787-02	11	190215	14466736	2581	-0.0185
TCGA-06-2561-01A-02D-0787-02	11	14468710	14495747	5	0.7601
TCGA-06-2561-01A-02D-0787-02	11	14500937	35226491	3180	-0.021
TCGA-06-2561-01A-02D-0787-02	11	35233516	35236237	3	2.4272
TCGA-06-2561-01A-02D-0787-02	11	35240161	54789837	1881	-0.004
TCGA-06-2561-01A-02D-0787-02	11	54807283	54847841	4	0.8553
TCGA-06-2561-01A-02D-0787-02	11	54850040	62032955	1224	-0.0086
TCGA-06-2561-01A-02D-0787-02	11	62041308	62057889	5	1.2355
TCGA-06-2561-01A-02D-0787-02	11	62066100	67966619	1125	-0.0215
TCGA-06-2561-01A-02D-0787-02	11	67973278	70971958	508	-0.5933
TCGA-06-2561-01A-02D-0787-02	11	71081930	71215617	3	0.903
TCGA-06-2561-01A-02D-0787-02	11	71253712	72214180	202	-0.5439
TCGA-06-2561-01A-02D-0787-02	11	72216764	85408747	2302	-0.0014
TCGA-06-2561-01A-02D-0787-02	11	85411058	85421806	3	1.4208
TCGA-06-2561-01A-02D-0787-02	11	85423862	88207267	417	-0.0284
TCGA-06-2561-01A-02D-0787-02	11	88231091	88722902	78	0.1544
TCGA-06-2561-01A-02D-0787-02	11	88727301	94532079	840	-0.0206
TCGA-06-2561-01A-02D-0787-02	11	94538888	94566295	8	0.711
TCGA-06-2561-01A-02D-0787-02	11	94569150	106733851	1721	-0.011
TCGA-06-2561-01A-02D-0787-02	11	106744337	106747920	4	-0.8959
TCGA-06-2561-01A-02D-0787-02	11	106758170	114590396	1240	-0.045
TCGA-06-2561-01A-02D-0787-02	11	114599179	114614479	3	1.0897
TCGA-06-2561-01A-02D-0787-02	11	114621159	134432265	3279	-0.0248
TCGA-06-2561-01A-02D-0787-02	12	59839	7884886	1583	0.448
TCGA-06-2561-01A-02D-0787-02	12	7890143	8009244	26	1.3929
TCGA-06-2561-01A-02D-0787-02	12	8036400	9531133	203	0.4658
TCGA-06-2561-01A-02D-0787-02	12	9550789	9610054	9	1.3173
TCGA-06-2561-01A-02D-0787-02	12	9626736	20724852	1654	0.4593
TCGA-06-2561-01A-02D-0787-02	12	20732961	21225785	84	0.8972
TCGA-06-2561-01A-02D-0787-02	12	21241119	29239553	1359	1.1893
TCGA-06-2561-01A-02D-0787-02	12	29249554	29378020	36	0.7894
TCGA-06-2561-01A-02D-0787-02	12	29385146	33604425	640	1.1481
TCGA-06-2561-01A-02D-0787-02	12	33631063	37298809	69	0.7727
TCGA-06-2561-01A-02D-0787-02	12	37315482	37967279	82	0.4337
TCGA-06-2561-01A-02D-0787-02	12	37974355	38037413	13	1.1473
TCGA-06-2561-01A-02D-0787-02	12	38039023	38468889	95	0.4892
TCGA-06-2561-01A-02D-0787-02	12	38468974	38862318	94	0.7814
TCGA-06-2561-01A-02D-0787-02	12	38879316	40104529	235	0.3982
TCGA-06-2561-01A-02D-0787-02	12	40112739	40328788	45	0.7917
TCGA-06-2561-01A-02D-0787-02	12	40373082	52902442	2236	0.3953
TCGA-06-2561-01A-02D-0787-02	12	52915103	52928875	3	1.5603
TCGA-06-2561-01A-02D-0787-02	12	52931750	132289090	11850	0.3915
TCGA-06-2561-01A-02D-0787-02	13	18065953	31981684	2082	-0.0287
TCGA-06-2561-01A-02D-0787-02	13	31990097	31999629	4	0.8915
TCGA-06-2561-01A-02D-0787-02	13	32001649	42058786	1529	-0.0045
TCGA-06-2561-01A-02D-0787-02	13	42065781	42663797	74	-0.2373
TCGA-06-2561-01A-02D-0787-02	13	42673344	46247209	604	-0.012
TCGA-06-2561-01A-02D-0787-02	13	46252135	46265512	3	1.0244
TCGA-06-2561-01A-02D-0787-02	13	46272694	66670696	1950	0.001
TCGA-06-2561-01A-02D-0787-02	13	66674567	66702209	11	1.1481
TCGA-06-2561-01A-02D-0787-02	13	66709085	76351009	904	-0.0199
TCGA-06-2561-01A-02D-0787-02	13	76353171	76356750	4	0.9732
TCGA-06-2561-01A-02D-0787-02	13	76360352	97635836	2313	-0.006
TCGA-06-2561-01A-02D-0787-02	13	97640026	97943357	86	-0.6431
TCGA-06-2561-01A-02D-0787-02	13	97946953	114114513	2248	-0.0282
TCGA-06-2561-01A-02D-0787-02	14	18149473	19273289	10	0.5688
TCGA-06-2561-01A-02D-0787-02	14	19284254	21698018	483	-0.5272
TCGA-06-2561-01A-02D-0787-02	14	21705879	22052799	101	-0.3459
TCGA-06-2561-01A-02D-0787-02	14	22054604	68323843	6634	-0.5785
TCGA-06-2561-01A-02D-0787-02	14	68324299	68327581	3	0.9506
TCGA-06-2561-01A-02D-0787-02	14	68329278	105602756	5760	-0.5771
TCGA-06-2561-01A-02D-0787-02	14	105609466	105701420	8	0.2129
TCGA-06-2561-01A-02D-0787-02	14	105707746	106349756	78	-0.5979
TCGA-06-2561-01A-02D-0787-02	15	18362555	18454050	5	0.2642
TCGA-06-2561-01A-02D-0787-02	15	18657388	18886649	17	1.1512
TCGA-06-2561-01A-02D-0787-02	15	19109124	19786655	38	1.4099
TCGA-06-2561-01A-02D-0787-02	15	19805960	20249886	28	0.9436
TCGA-06-2561-01A-02D-0787-02	15	20307869	27796328	860	-0.0573
TCGA-06-2561-01A-02D-0787-02	15	27797782	27813818	3	1.127
TCGA-06-2561-01A-02D-0787-02	15	27822075	43432417	2724	-0.0274
TCGA-06-2561-01A-02D-0787-02	15	43441053	43448804	3	1.411
TCGA-06-2561-01A-02D-0787-02	15	43453389	100282819	8932	-0.0263
TCGA-06-2561-01A-02D-0787-02	16	36766	31862577	4713	-0.009
TCGA-06-2561-01A-02D-0787-02	16	31974468	33758082	35	0.8577
TCGA-06-2561-01A-02D-0787-02	16	33875313	54336421	1325	-0.0127
TCGA-06-2561-01A-02D-0787-02	16	54343465	54379834	7	-0.743
TCGA-06-2561-01A-02D-0787-02	16	54399890	54410800	5	1.0417
TCGA-06-2561-01A-02D-0787-02	16	54437553	68649801	1977	-0.0096
TCGA-06-2561-01A-02D-0787-02	16	68667006	68861601	17	0.4559
TCGA-06-2561-01A-02D-0787-02	16	68868545	69397102	126	-0.0107
TCGA-06-2561-01A-02D-0787-02	16	69409493	69758635	72	0.4529
TCGA-06-2561-01A-02D-0787-02	16	69761372	75093957	795	0.0113
TCGA-06-2561-01A-02D-0787-02	16	75097331	75100865	3	1.654
TCGA-06-2561-01A-02D-0787-02	16	75102639	76925748	275	-0.0201
TCGA-06-2561-01A-02D-0787-02	16	76929598	76938723	7	1.6565
TCGA-06-2561-01A-02D-0787-02	16	76944661	88675835	1993	-0.0164
TCGA-06-2561-01A-02D-0787-02	17	29169	21737780	3955	-0.5269
TCGA-06-2561-01A-02D-0787-02	17	21748031	23974637	301	-0.0549
TCGA-06-2561-01A-02D-0787-02	17	23979594	23994004	3	1.3555
TCGA-06-2561-01A-02D-0787-02	17	23999724	31451114	1454	-0.023
TCGA-06-2561-01A-02D-0787-02	17	31461588	31486540	4	1.6575
TCGA-06-2561-01A-02D-0787-02	17	31891535	41521544	1827	-0.0169
TCGA-06-2561-01A-02D-0787-02	17	41527705	41708551	42	-0.6265
TCGA-06-2561-01A-02D-0787-02	17	41983407	59917358	3161	-0.0222
TCGA-06-2561-01A-02D-0787-02	17	59926580	59929841	3	2.8821
TCGA-06-2561-01A-02D-0787-02	17	59931435	78636731	3187	-0.0371
TCGA-06-2561-01A-02D-0787-02	18	4316	3705492	582	-0.0083
TCGA-06-2561-01A-02D-0787-02	18	3714325	4426130	160	-0.5429
TCGA-06-2561-01A-02D-0787-02	18	4435208	4497889	6	-0.0638
TCGA-06-2561-01A-02D-0787-02	18	4511099	5454620	104	-0.5087
TCGA-06-2561-01A-02D-0787-02	18	5455880	14196224	1352	-0.0458
TCGA-06-2561-01A-02D-0787-02	18	14210766	14501898	6	0.783
TCGA-06-2561-01A-02D-0787-02	18	14537587	22684552	884	-0.0288
TCGA-06-2561-01A-02D-0787-02	18	22686949	22690074	3	2.0331
TCGA-06-2561-01A-02D-0787-02	18	22692498	76110964	7037	-0.0353
TCGA-06-2561-01A-02D-0787-02	19	210395	3929461	641	-0.0413
TCGA-06-2561-01A-02D-0787-02	19	3931625	3933515	3	3.4362
TCGA-06-2561-01A-02D-0787-02	19	3935557	8395699	917	-0.0201
TCGA-06-2561-01A-02D-0787-02	19	8402035	10344476	354	-0.4879
TCGA-06-2561-01A-02D-0787-02	19	10350303	20426875	1942	-0.0239
TCGA-06-2561-01A-02D-0787-02	19	20429162	20493401	9	-1.1985
TCGA-06-2561-01A-02D-0787-02	19	20510787	22497114	230	-0.0073
TCGA-06-2561-01A-02D-0787-02	19	22511167	47895271	2675	-0.5062
TCGA-06-2561-01A-02D-0787-02	19	47952689	48449548	14	0.1435
TCGA-06-2561-01A-02D-0787-02	19	48500241	56822197	1655	-0.4747
TCGA-06-2561-01A-02D-0787-02	19	56825794	56831724	3	-3.9707
TCGA-06-2561-01A-02D-0787-02	19	56840346	63787171	1405	-0.5137
TCGA-06-2561-01A-02D-0787-02	2	20341	46978312	6630	-0.0065
TCGA-06-2561-01A-02D-0787-02	2	46983233	46988575	4	0.9141
TCGA-06-2561-01A-02D-0787-02	2	46991703	55326931	1248	0.0061
TCGA-06-2561-01A-02D-0787-02	2	55328340	55718202	86	0.2834
TCGA-06-2561-01A-02D-0787-02	2	55723767	86902979	4342	-0.006
TCGA-06-2561-01A-02D-0787-02	2	86907282	88087945	23	0.3483
TCGA-06-2561-01A-02D-0787-02	2	88096859	89895566	209	0.0477
TCGA-06-2561-01A-02D-0787-02	2	90982930	94882087	17	0.8587
TCGA-06-2561-01A-02D-0787-02	2	94892170	97092174	295	0.0354
TCGA-06-2561-01A-02D-0787-02	2	97121705	97379946	9	0.6035
TCGA-06-2561-01A-02D-0787-02	2	97387672	132061245	3883	-0.0086
TCGA-06-2561-01A-02D-0787-02	2	132079307	132830527	31	0.3713
TCGA-06-2561-01A-02D-0787-02	2	132844051	133243501	103	-0.0093
TCGA-06-2561-01A-02D-0787-02	2	133252699	133561485	76	-0.5385
TCGA-06-2561-01A-02D-0787-02	2	133563093	178207068	7017	0.004
TCGA-06-2561-01A-02D-0787-02	2	178215073	178724298	138	-0.5465
TCGA-06-2561-01A-02D-0787-02	2	178740357	242717016	9715	-0.0011
TCGA-06-2561-01A-02D-0787-02	20	18580	26130512	4135	-0.0104
TCGA-06-2561-01A-02D-0787-02	20	26156026	28266113	9	0.6528
TCGA-06-2561-01A-02D-0787-02	20	29297270	62379059	5477	-0.0137
TCGA-06-2561-01A-02D-0787-02	21	9896630	14385206	52	0.3968
TCGA-06-2561-01A-02D-0787-02	21	14399547	46914686	4823	-0.0143
TCGA-06-2561-01A-02D-0787-02	22	14866086	37685496	4057	-0.0174
TCGA-06-2561-01A-02D-0787-02	22	37689058	37709300	4	-1.0832
TCGA-06-2561-01A-02D-0787-02	22	37710756	49565816	2068	-0.0355
TCGA-06-2561-01A-02D-0787-02	3	39066	9022705	1476	-0.0046
TCGA-06-2561-01A-02D-0787-02	3	9023350	9815740	183	-0.4551
TCGA-06-2561-01A-02D-0787-02	3	9823131	10485694	172	-0.0127
TCGA-06-2561-01A-02D-0787-02	3	10496197	11017475	47	-0.5052
TCGA-06-2561-01A-02D-0787-02	3	11020583	25624190	2170	0.0032
TCGA-06-2561-01A-02D-0787-02	3	25625772	25649223	5	1.4351
TCGA-06-2561-01A-02D-0787-02	3	25653598	47862058	3597	-0.0035
TCGA-06-2561-01A-02D-0787-02	3	47866639	47869027	3	1.2839
TCGA-06-2561-01A-02D-0787-02	3	47869549	75469606	5072	0.0085
TCGA-06-2561-01A-02D-0787-02	3	75554518	75971233	18	0.4979
TCGA-06-2561-01A-02D-0787-02	3	76019295	145152538	9523	0.012
TCGA-06-2561-01A-02D-0787-02	3	145167387	145329204	13	-0.6374
TCGA-06-2561-01A-02D-0787-02	3	145345483	145605984	12	-0.1671
TCGA-06-2561-01A-02D-0787-02	3	145617981	147183002	59	-0.5559
TCGA-06-2561-01A-02D-0787-02	3	147196504	147289073	13	0.1996
TCGA-06-2561-01A-02D-0787-02	3	147294615	155454258	942	0.0116
TCGA-06-2561-01A-02D-0787-02	3	155456266	155501566	11	0.4336
TCGA-06-2561-01A-02D-0787-02	3	155505881	163987457	1233	0.0021
TCGA-06-2561-01A-02D-0787-02	3	164023502	164101776	3	-3.0334
TCGA-06-2561-01A-02D-0787-02	3	164112873	182142888	2706	0.0154
TCGA-06-2561-01A-02D-0787-02	3	182144293	183101563	58	0.2834
TCGA-06-2561-01A-02D-0787-02	3	183131013	193470844	1659	0.0032
TCGA-06-2561-01A-02D-0787-02	3	193472185	193478807	5	0.7216
TCGA-06-2561-01A-02D-0787-02	3	193482349	196822133	617	0.0326
TCGA-06-2561-01A-02D-0787-02	3	196904349	196933317	8	0.6808
TCGA-06-2561-01A-02D-0787-02	3	196940125	199379566	439	0.0223
TCGA-06-2561-01A-02D-0787-02	4	41413	53781	5	0.8427
TCGA-06-2561-01A-02D-0787-02	4	62447	9296946	1617	-0.0409
TCGA-06-2561-01A-02D-0787-02	4	9366217	9410429	5	0.8307
TCGA-06-2561-01A-02D-0787-02	4	9416436	15233740	542	-0.0129
TCGA-06-2561-01A-02D-0787-02	4	15236294	15241421	3	1.3159
TCGA-06-2561-01A-02D-0787-02	4	15243782	68905670	5579	-0.0136
TCGA-06-2561-01A-02D-0787-02	4	69057735	69165814	11	-3.1034
TCGA-06-2561-01A-02D-0787-02	4	69643272	70130975	60	-2e-04
TCGA-06-2561-01A-02D-0787-02	4	70150576	70299545	14	0.463
TCGA-06-2561-01A-02D-0787-02	4	70327740	77287452	1014	-0.017
TCGA-06-2561-01A-02D-0787-02	4	77299107	77315991	4	0.9812
TCGA-06-2561-01A-02D-0787-02	4	77317217	88613821	2051	-0.0181
TCGA-06-2561-01A-02D-0787-02	4	88620584	88622666	3	4.3151
TCGA-06-2561-01A-02D-0787-02	4	88630007	191027816	13337	-0.0123
TCGA-06-2561-01A-02D-0787-02	4	191053785	191133609	9	0.5645
TCGA-06-2561-01A-02D-0787-02	5	75149	4067702	468	-0.0556
TCGA-06-2561-01A-02D-0787-02	5	4092575	5372903	139	-0.5376
TCGA-06-2561-01A-02D-0787-02	5	5388977	16712953	1554	-0.0108
TCGA-06-2561-01A-02D-0787-02	5	16719123	16734582	3	1.2307
TCGA-06-2561-01A-02D-0787-02	5	16740670	38508334	2454	-0.0047
TCGA-06-2561-01A-02D-0787-02	5	38512935	38577986	23	0.5169
TCGA-06-2561-01A-02D-0787-02	5	38581888	133526865	11660	-6e-04
TCGA-06-2561-01A-02D-0787-02	5	133530798	133542032	3	1.7016
TCGA-06-2561-01A-02D-0787-02	5	133551348	140673989	1335	-0.0031
TCGA-06-2561-01A-02D-0787-02	5	140678504	140679403	3	1.6345
TCGA-06-2561-01A-02D-0787-02	5	140687487	180644810	5804	-0.0064
TCGA-06-2561-01A-02D-0787-02	6	97634	174815	9	-0.6774
TCGA-06-2561-01A-02D-0787-02	6	204528	320890	34	0.138
TCGA-06-2561-01A-02D-0787-02	6	334423	29950805	4615	-0.5781
TCGA-06-2561-01A-02D-0787-02	6	29962849	30010234	5	-2.8929
TCGA-06-2561-01A-02D-0787-02	6	30026699	32519935	493	-0.5487
TCGA-06-2561-01A-02D-0787-02	6	32567382	32634977	9	0.4675
TCGA-06-2561-01A-02D-0787-02	6	32654432	34322146	288	-0.5497
TCGA-06-2561-01A-02D-0787-02	6	34337866	34371373	5	0.2882
TCGA-06-2561-01A-02D-0787-02	6	34372567	54035000	3431	-0.5705
TCGA-06-2561-01A-02D-0787-02	6	54037199	54042734	3	0.9477
TCGA-06-2561-01A-02D-0787-02	6	54045472	57468298	634	-0.5242
TCGA-06-2561-01A-02D-0787-02	6	57477427	57683389	54	0.1292
TCGA-06-2561-01A-02D-0787-02	6	57704050	76015187	1766	-0.5752
TCGA-06-2561-01A-02D-0787-02	6	76019791	76031664	3	0.818
TCGA-06-2561-01A-02D-0787-02	6	76038306	82297224	629	-0.5786
TCGA-06-2561-01A-02D-0787-02	6	82305832	82320963	3	-2.8927
TCGA-06-2561-01A-02D-0787-02	6	82329945	102365957	2332	-0.5589
TCGA-06-2561-01A-02D-0787-02	6	102373010	102485318	32	-1.3185
TCGA-06-2561-01A-02D-0787-02	6	102486941	168065659	10040	-0.5758
TCGA-06-2561-01A-02D-0787-02	6	168068481	168611559	78	-0.1092
TCGA-06-2561-01A-02D-0787-02	6	168616766	170762955	304	-0.6175
TCGA-06-2561-01A-02D-0787-02	7	140213	107573682	15617	0.4159
TCGA-06-2561-01A-02D-0787-02	7	107577503	107625691	12	1.1287
TCGA-06-2561-01A-02D-0787-02	7	107627724	141687978	5452	0.4009
TCGA-06-2561-01A-02D-0787-02	7	141705163	141720324	3	-1.6835
TCGA-06-2561-01A-02D-0787-02	7	141727147	148326857	1157	0.3718
TCGA-06-2561-01A-02D-0787-02	7	148331855	148349028	4	1.6512
TCGA-06-2561-01A-02D-0787-02	7	148357469	151489214	554	0.3945
TCGA-06-2561-01A-02D-0787-02	7	151490492	151512287	6	1.1017
TCGA-06-2561-01A-02D-0787-02	7	151513999	151728811	46	0.5097
TCGA-06-2561-01A-02D-0787-02	7	151732266	151743145	7	1.1906
TCGA-06-2561-01A-02D-0787-02	7	151747905	158811268	1223	0.3979
TCGA-06-2561-01A-02D-0787-02	8	166814	17959630	2701	-0.025
TCGA-06-2561-01A-02D-0787-02	8	17961351	17971592	3	1.7293
TCGA-06-2561-01A-02D-0787-02	8	17977271	39345557	2952	-0.0277
TCGA-06-2561-01A-02D-0787-02	8	39352361	39505256	29	0.8253
TCGA-06-2561-01A-02D-0787-02	8	39511632	146264846	13381	-0.0089
TCGA-06-2561-01A-02D-0787-02	9	153131	21698371	3076	-0.3491
TCGA-06-2561-01A-02D-0787-02	9	21702877	22076798	63	-1.5202
TCGA-06-2561-01A-02D-0787-02	9	22115405	22453166	22	-0.3558
TCGA-06-2561-01A-02D-0787-02	9	22462725	23550029	87	-1.4944
TCGA-06-2561-01A-02D-0787-02	9	23559089	25573028	105	-0.3601
TCGA-06-2561-01A-02D-0787-02	9	25606019	25692847	9	-1.4132
TCGA-06-2561-01A-02D-0787-02	9	25703810	44199401	1821	-0.3618
TCGA-06-2561-01A-02D-0787-02	9	44810117	69214232	16	0.5879
TCGA-06-2561-01A-02D-0787-02	9	70174301	140241876	10601	-0.3523
TCGA-06-2561-01A-02D-0787-02	X	2719027	91570242	6428	0.7485
TCGA-06-2561-01A-02D-0787-02	X	91587780	91716738	7	-0.0799
TCGA-06-2561-01A-02D-0787-02	X	91767271	154582414	4896	0.7774
TCGA-06-2561-01A-02D-0787-02	Y	2710450	3219184	43	-3.348
TCGA-06-2561-01A-02D-0787-02	Y	3318461	5890530	73	-1.4195
TCGA-06-2561-01A-02D-0787-02	Y	5967419	10473791	278	-3.0416
TCGA-06-2561-01A-02D-0787-02	Y	10578072	10646662	11	1.0055
TCGA-06-2561-01A-02D-0787-02	Y	11673476	13035511	44	-2.052
TCGA-06-2561-01A-02D-0787-02	Y	13052633	22833148	456	-3.1493
TCGA-06-2561-01A-02D-0787-02	Y	22866520	57440809	28	-0.8562
