barcode	chromosome	start	stop	num.mark	seg.mean
TCGA-28-1752-10A-01D-0594-02	1	554268	1606745	78	-0.0591
TCGA-28-1752-10A-01D-0594-02	1	1637771	1654026	5	-0.6707
TCGA-28-1752-10A-01D-0594-02	1	1677600	16877283	2518	-0.0419
TCGA-28-1752-10A-01D-0594-02	1	16884678	16923767	4	-0.8239
TCGA-28-1752-10A-01D-0594-02	1	16926444	109369942	14804	-0.026
TCGA-28-1752-10A-01D-0594-02	1	109373255	109376249	3	-4.0129
TCGA-28-1752-10A-01D-0594-02	1	109383196	150816180	2715	-0.0225
TCGA-28-1752-10A-01D-0594-02	1	150823073	150848509	3	0.8961
TCGA-28-1752-10A-01D-0594-02	1	150857070	167483267	2899	-0.027
TCGA-28-1752-10A-01D-0594-02	1	167493768	167507898	8	0.5248
TCGA-28-1752-10A-01D-0594-02	1	167523140	247186514	12812	-0.02
TCGA-28-1752-10A-01D-0594-02	10	126361	46389734	6225	-0.0253
TCGA-28-1752-10A-01D-0594-02	10	46396163	46568496	32	-0.4394
TCGA-28-1752-10A-01D-0594-02	10	47010385	47172534	19	-0.9945
TCGA-28-1752-10A-01D-0594-02	10	47735472	77917870	4475	-0.0251
TCGA-28-1752-10A-01D-0594-02	10	77917893	77928669	3	-1.7831
TCGA-28-1752-10A-01D-0594-02	10	77936034	127563278	7764	-0.0164
TCGA-28-1752-10A-01D-0594-02	10	127575540	127607438	6	-0.4621
TCGA-28-1752-10A-01D-0594-02	10	127608087	135286023	1102	0.0068
TCGA-28-1752-10A-01D-0594-02	11	190215	9220416	1516	-0.0143
TCGA-28-1752-10A-01D-0594-02	11	9229578	9542371	67	-0.1431
TCGA-28-1752-10A-01D-0594-02	11	9550890	18896166	1731	-0.0108
TCGA-28-1752-10A-01D-0594-02	11	18906505	18909903	3	0.6073
TCGA-28-1752-10A-01D-0594-02	11	18912587	134432265	16721	-0.0173
TCGA-28-1752-10A-01D-0594-02	12	59839	736988	140	-0.0277
TCGA-28-1752-10A-01D-0594-02	12	738240	743223	4	0.4938
TCGA-28-1752-10A-01D-0594-02	12	745410	2802910	509	-0.0133
TCGA-28-1752-10A-01D-0594-02	12	2805914	2917331	32	-0.1914
TCGA-28-1752-10A-01D-0594-02	12	2919877	9523923	1083	-0.0223
TCGA-28-1752-10A-01D-0594-02	12	9528590	9590351	9	0.4888
TCGA-28-1752-10A-01D-0594-02	12	9599999	10462211	173	-0.018
TCGA-28-1752-10A-01D-0594-02	12	10464018	10484956	6	-0.4995
TCGA-28-1752-10A-01D-0594-02	12	10491341	132289090	17752	-0.0259
TCGA-28-1752-10A-01D-0594-02	13	18065953	18854263	91	-0.0356
TCGA-28-1752-10A-01D-0594-02	13	18855665	19447255	70	-0.1607
TCGA-28-1752-10A-01D-0594-02	13	19452286	56650373	5157	-0.0192
TCGA-28-1752-10A-01D-0594-02	13	56658479	56673183	3	0.8596
TCGA-28-1752-10A-01D-0594-02	13	56691355	114114513	6147	-0.0027
TCGA-28-1752-10A-01D-0594-02	14	18149473	19490630	36	-0.6874
TCGA-28-1752-10A-01D-0594-02	14	19497023	21406288	371	-0.0443
TCGA-28-1752-10A-01D-0594-02	14	21412148	22052799	170	0.2141
TCGA-28-1752-10A-01D-0594-02	14	22054604	73060301	7380	-0.0219
TCGA-28-1752-10A-01D-0594-02	14	73071404	73091980	4	0.3503
TCGA-28-1752-10A-01D-0594-02	14	73092018	73960496	186	-0.1147
TCGA-28-1752-10A-01D-0594-02	14	73961541	105594189	4495	-0.0207
TCGA-28-1752-10A-01D-0594-02	14	105602756	105630089	4	-3.3366
TCGA-28-1752-10A-01D-0594-02	14	105643293	106349756	79	-0.0095
TCGA-28-1752-10A-01D-0594-02	15	18362555	18683110	7	-0.0112
TCGA-28-1752-10A-01D-0594-02	15	18741716	20249886	82	-0.3977
TCGA-28-1752-10A-01D-0594-02	15	20307869	100282819	12163	-0.0248
TCGA-28-1752-10A-01D-0594-02	16	36766	2592859	453	-0.0522
TCGA-28-1752-10A-01D-0594-02	16	2600740	2639798	4	0.5062
TCGA-28-1752-10A-01D-0594-02	16	2660804	31795480	4155	-0.0492
TCGA-28-1752-10A-01D-0594-02	16	31799313	31862577	11	0.053
TCGA-28-1752-10A-01D-0594-02	16	31974468	32553402	11	0.4059
TCGA-28-1752-10A-01D-0594-02	16	32561819	33424939	14	-0.0691
TCGA-28-1752-10A-01D-0594-02	16	33433058	33539023	9	0.3811
TCGA-28-1752-10A-01D-0594-02	16	33758082	34273991	36	-0.0377
TCGA-28-1752-10A-01D-0594-02	16	34285301	34634686	14	0.4212
TCGA-28-1752-10A-01D-0594-02	16	34685270	68528794	3169	-0.0318
TCGA-28-1752-10A-01D-0594-02	16	68531989	68751390	18	0.3172
TCGA-28-1752-10A-01D-0594-02	16	68838368	74095899	831	-0.0507
TCGA-28-1752-10A-01D-0594-02	16	74097511	74133203	9	-0.4129
TCGA-28-1752-10A-01D-0594-02	16	74141966	75093957	126	-0.0212
TCGA-28-1752-10A-01D-0594-02	16	75097331	75100865	3	-3.3845
TCGA-28-1752-10A-01D-0594-02	16	75102639	76925748	267	-0.0235
TCGA-28-1752-10A-01D-0594-02	16	76929598	76938723	7	2.3053
TCGA-28-1752-10A-01D-0594-02	16	76944661	88675835	1957	-0.0136
TCGA-28-1752-10A-01D-0594-02	17	29169	78636731	13619	-0.0487
TCGA-28-1752-10A-01D-0594-02	18	4316	76110964	9859	-0.0115
TCGA-28-1752-10A-01D-0594-02	19	210395	63787171	9654	-0.0723
TCGA-28-1752-10A-01D-0594-02	2	20341	242717016	32859	-0.0129
TCGA-28-1752-10A-01D-0594-02	20	18580	1506379	254	-0.0369
TCGA-28-1752-10A-01D-0594-02	20	1511632	1531162	9	-3.4369
TCGA-28-1752-10A-01D-0594-02	20	1544485	62379059	9096	-0.0216
TCGA-28-1752-10A-01D-0594-02	21	9896630	13435755	21	-0.4724
TCGA-28-1752-10A-01D-0594-02	21	13562263	46914686	4720	-0.0144
TCGA-28-1752-10A-01D-0594-02	22	14866086	22642519	1168	-0.0472
TCGA-28-1752-10A-01D-0594-02	22	22677959	22720195	13	0.9344
TCGA-28-1752-10A-01D-0594-02	22	22736990	49565816	4807	-0.0408
TCGA-28-1752-10A-01D-0594-02	3	39066	75554518	12363	-0.0148
TCGA-28-1752-10A-01D-0594-02	3	75653844	76042344	17	-0.3194
TCGA-28-1752-10A-01D-0594-02	3	76057688	164023502	11463	-0.0079
TCGA-28-1752-10A-01D-0594-02	3	164038917	164101776	6	-5.2297
TCGA-28-1752-10A-01D-0594-02	3	164112873	192546280	4200	-0.0129
TCGA-28-1752-10A-01D-0594-02	3	192548135	192552734	4	-1.123
TCGA-28-1752-10A-01D-0594-02	3	192554451	197993509	862	-0.0193
TCGA-28-1752-10A-01D-0594-02	3	197994326	198064543	20	-0.2577
TCGA-28-1752-10A-01D-0594-02	3	198080299	199379566	228	-0.0725
TCGA-28-1752-10A-01D-0594-02	4	41413	185965288	22782	-0.0099
TCGA-28-1752-10A-01D-0594-02	4	185971416	185976386	4	-0.9765
TCGA-28-1752-10A-01D-0594-02	4	185979652	191133609	678	-0.0078
TCGA-28-1752-10A-01D-0594-02	5	75149	725954	105	-0.0145
TCGA-28-1752-10A-01D-0594-02	5	763494	826044	7	-0.6337
TCGA-28-1752-10A-01D-0594-02	5	848744	68358031	7701	-0.0026
TCGA-28-1752-10A-01D-0594-02	5	68364359	70931240	141	-0.1441
TCGA-28-1752-10A-01D-0594-02	5	70936014	113883869	5415	-0.0073
TCGA-28-1752-10A-01D-0594-02	5	113901177	114071157	12	-0.9269
TCGA-28-1752-10A-01D-0594-02	5	114093232	125954917	1156	-0.0013
TCGA-28-1752-10A-01D-0594-02	5	125958381	126173563	59	-0.1516
TCGA-28-1752-10A-01D-0594-02	5	126175635	132287014	952	-0.0139
TCGA-28-1752-10A-01D-0594-02	5	132288803	132468163	42	-0.1726
TCGA-28-1752-10A-01D-0594-02	5	132474680	140196482	1405	-0.0278
TCGA-28-1752-10A-01D-0594-02	5	140203440	140216524	4	0.5173
TCGA-28-1752-10A-01D-0594-02	5	140221835	140526960	60	0.0146
TCGA-28-1752-10A-01D-0594-02	5	140533456	140538666	3	1.0527
TCGA-28-1752-10A-01D-0594-02	5	140540083	180644810	5688	-0.015
TCGA-28-1752-10A-01D-0594-02	6	108083	347016	44	-0.1354
TCGA-28-1752-10A-01D-0594-02	6	352463	20594190	3049	-0.0097
TCGA-28-1752-10A-01D-0594-02	6	20595690	20654594	9	-0.3276
TCGA-28-1752-10A-01D-0594-02	6	20659928	29941766	1406	-0.0179
TCGA-28-1752-10A-01D-0594-02	6	29962849	30004636	6	0.4361
TCGA-28-1752-10A-01D-0594-02	6	30010234	32519935	483	-0.06
TCGA-28-1752-10A-01D-0594-02	6	32567382	32654432	10	1.0036
TCGA-28-1752-10A-01D-0594-02	6	32654861	32713363	9	0.0598
TCGA-28-1752-10A-01D-0594-02	6	32716255	32739800	8	0.6306
TCGA-28-1752-10A-01D-0594-02	6	32745036	35122129	442	-0.0393
TCGA-28-1752-10A-01D-0594-02	6	35130424	35153910	4	0.5305
TCGA-28-1752-10A-01D-0594-02	6	35155694	74029263	5328	-0.0144
TCGA-28-1752-10A-01D-0594-02	6	74037978	74493911	89	-0.1376
TCGA-28-1752-10A-01D-0594-02	6	74495098	124469271	5861	-0.0116
TCGA-28-1752-10A-01D-0594-02	6	124478061	124509956	8	0.5888
TCGA-28-1752-10A-01D-0594-02	6	124513895	165640218	6478	-0.0074
TCGA-28-1752-10A-01D-0594-02	6	165645537	165657596	3	1.6447
TCGA-28-1752-10A-01D-0594-02	6	165664947	170762955	756	0.0114
TCGA-28-1752-10A-01D-0594-02	7	140213	23367221	3283	-0.0131
TCGA-28-1752-10A-01D-0594-02	7	23368576	23802515	106	-0.1144
TCGA-28-1752-10A-01D-0594-02	7	23809398	32300981	1471	0.0067
TCGA-28-1752-10A-01D-0594-02	7	32306117	33101878	97	-0.0933
TCGA-28-1752-10A-01D-0594-02	7	33105543	38276237	871	0.0108
TCGA-28-1752-10A-01D-0594-02	7	38277728	38347160	22	0.223
TCGA-28-1752-10A-01D-0594-02	7	38349033	158811268	17517	-0.0195
TCGA-28-1752-10A-01D-0594-02	8	166814	39345557	5490	-0.0132
TCGA-28-1752-10A-01D-0594-02	8	39352361	39378051	9	-5.3065
TCGA-28-1752-10A-01D-0594-02	8	39379539	39435320	8	-6.7268
TCGA-28-1752-10A-01D-0594-02	8	39441842	39505256	11	-4.9097
TCGA-28-1752-10A-01D-0594-02	8	39511632	146264846	12982	-0.0111
TCGA-28-1752-10A-01D-0594-02	9	153131	15802255	2034	-0.0125
TCGA-28-1752-10A-01D-0594-02	9	15805300	15813356	3	1.0344
TCGA-28-1752-10A-01D-0594-02	9	15813954	140241876	13327	-0.0205
TCGA-28-1752-10A-01D-0594-02	X	2719027	2832157	13	0.8414
TCGA-28-1752-10A-01D-0594-02	X	2836003	2850957	4	0.2512
TCGA-28-1752-10A-01D-0594-02	X	2859072	89066572	6163	0.9555
TCGA-28-1752-10A-01D-0594-02	X	89081631	92184315	93	0.6981
TCGA-28-1752-10A-01D-0594-02	X	92263775	126476808	2504	0.9627
TCGA-28-1752-10A-01D-0594-02	X	126497861	126732799	11	0.0567
TCGA-28-1752-10A-01D-0594-02	X	126761053	154037006	2184	0.9677
TCGA-28-1752-10A-01D-0594-02	X	154050185	154078819	3	1.8782
TCGA-28-1752-10A-01D-0594-02	X	154086636	154582414	44	0.9929
TCGA-28-1752-10A-01D-0594-02	Y	2713809	3223585	54	-5.1106
TCGA-28-1752-10A-01D-0594-02	Y	3318461	6474449	84	-1.3289
TCGA-28-1752-10A-01D-0594-02	Y	6518097	7866716	164	-4.5067
TCGA-28-1752-10A-01D-0594-02	Y	7870400	8121402	37	-5.7919
TCGA-28-1752-10A-01D-0594-02	Y	8140996	8601952	69	-4.5958
TCGA-28-1752-10A-01D-0594-02	Y	8614217	8685756	13	-2.9826
TCGA-28-1752-10A-01D-0594-02	Y	8690572	9196773	46	-5.1023
TCGA-28-1752-10A-01D-0594-02	Y	9208277	10254943	15	-3.697
TCGA-28-1752-10A-01D-0594-02	Y	10257096	10511255	15	-5.6015
TCGA-28-1752-10A-01D-0594-02	Y	10578072	12486140	14	-0.8872
TCGA-28-1752-10A-01D-0594-02	Y	12502304	12999095	38	-3.927
TCGA-28-1752-10A-01D-0594-02	Y	13002006	13035511	11	-1.6049
TCGA-28-1752-10A-01D-0594-02	Y	13052633	22930737	699	-5.0453
TCGA-28-1752-10A-01D-0594-02	Y	23283689	57440809	29	-2.7479
