barcode	chromosome	start	stop	num.mark	seg.mean
TCGA-12-1598-10A-01D-0594-02	1	554268	147306304	20057	-0.0077
TCGA-12-1598-10A-01D-0594-02	1	147307637	147510532	16	-1.3474
TCGA-12-1598-10A-01D-0594-02	1	147644831	150823073	630	-0.0144
TCGA-12-1598-10A-01D-0594-02	1	150839754	150848509	3	1.7435
TCGA-12-1598-10A-01D-0594-02	1	150857070	167483267	2964	-0.0111
TCGA-12-1598-10A-01D-0594-02	1	167493768	167507898	8	-0.6076
TCGA-12-1598-10A-01D-0594-02	1	167523140	194978218	4116	-0.002
TCGA-12-1598-10A-01D-0594-02	1	195005520	195046932	9	-0.8959
TCGA-12-1598-10A-01D-0594-02	1	195048208	244881779	8713	-0.0094
TCGA-12-1598-10A-01D-0594-02	1	244883813	244887735	3	-0.9002
TCGA-12-1598-10A-01D-0594-02	1	244891841	246433956	286	-0.0123
TCGA-12-1598-10A-01D-0594-02	1	246442698	246874992	52	0.1734
TCGA-12-1598-10A-01D-0594-02	1	246880850	247186514	40	-0.0766
TCGA-12-1598-10A-01D-0594-02	10	126361	135286023	20174	-0.0095
TCGA-12-1598-10A-01D-0594-02	11	190215	5738494	866	-0.0205
TCGA-12-1598-10A-01D-0594-02	11	5742476	5762182	4	-0.7783
TCGA-12-1598-10A-01D-0594-02	11	5766615	55118214	6816	-0.013
TCGA-12-1598-10A-01D-0594-02	11	55124730	55207305	16	-0.4352
TCGA-12-1598-10A-01D-0594-02	11	55225136	134432265	12917	-0.0088
TCGA-12-1598-10A-01D-0594-02	12	59839	736988	141	-0.0169
TCGA-12-1598-10A-01D-0594-02	12	738240	743223	4	-0.9135
TCGA-12-1598-10A-01D-0594-02	12	745410	9523923	1665	-0.0053
TCGA-12-1598-10A-01D-0594-02	12	9528590	9554149	4	-3.6581
TCGA-12-1598-10A-01D-0594-02	12	9555181	9599999	6	-0.8969
TCGA-12-1598-10A-01D-0594-02	12	9610054	132289090	18504	-0.0079
TCGA-12-1598-10A-01D-0594-02	13	18065953	114114513	11814	-0.0063
TCGA-12-1598-10A-01D-0594-02	14	18149473	18504575	3	-0.1867
TCGA-12-1598-10A-01D-0594-02	14	18537177	19490630	35	-0.6131
TCGA-12-1598-10A-01D-0594-02	14	19497023	21518235	409	-3e-04
TCGA-12-1598-10A-01D-0594-02	14	21518584	21821954	83	0.1429
TCGA-12-1598-10A-01D-0594-02	14	21825583	22013306	48	0.3185
TCGA-12-1598-10A-01D-0594-02	14	22015312	105945006	12451	-0.0052
TCGA-12-1598-10A-01D-0594-02	14	105946993	106002179	7	-0.6157
TCGA-12-1598-10A-01D-0594-02	14	106017453	106349756	43	-0.0184
TCGA-12-1598-10A-01D-0594-02	15	18362555	18657388	6	0.0739
TCGA-12-1598-10A-01D-0594-02	15	18683110	20065525	82	-0.3516
TCGA-12-1598-10A-01D-0594-02	15	20079935	74669752	8869	-0.0104
TCGA-12-1598-10A-01D-0594-02	15	74671626	74680338	3	-2.7602
TCGA-12-1598-10A-01D-0594-02	15	74696127	100282819	3653	-0.0107
TCGA-12-1598-10A-01D-0594-02	16	36766	75093957	9072	-0.0073
TCGA-12-1598-10A-01D-0594-02	16	75097331	75100865	3	-3.5343
TCGA-12-1598-10A-01D-0594-02	16	75102639	86514911	1885	-0.0109
TCGA-12-1598-10A-01D-0594-02	16	86516733	86535010	4	-0.7118
TCGA-12-1598-10A-01D-0594-02	16	86543328	88675835	388	-0.0107
TCGA-12-1598-10A-01D-0594-02	17	29169	41515622	7544	-0.0113
TCGA-12-1598-10A-01D-0594-02	17	41521544	41708551	43	0.4782
TCGA-12-1598-10A-01D-0594-02	17	41983407	78636731	6350	-0.0088
TCGA-12-1598-10A-01D-0594-02	18	4316	76110964	10137	-0.0082
TCGA-12-1598-10A-01D-0594-02	19	210395	59414645	8972	-0.0152
TCGA-12-1598-10A-01D-0594-02	19	59427018	59440262	3	-0.7677
TCGA-12-1598-10A-01D-0594-02	19	59440274	63787171	878	-0.0214
TCGA-12-1598-10A-01D-0594-02	2	20341	242717016	33834	-0.0061
TCGA-12-1598-10A-01D-0594-02	20	18580	1506379	260	-0.0335
TCGA-12-1598-10A-01D-0594-02	20	1511632	1531162	9	-3.0399
TCGA-12-1598-10A-01D-0594-02	20	1544485	62379059	9356	-0.0093
TCGA-12-1598-10A-01D-0594-02	21	9896630	46914686	4876	-0.0055
TCGA-12-1598-10A-01D-0594-02	22	14866086	22642519	1201	-0.0258
TCGA-12-1598-10A-01D-0594-02	22	22677959	22696162	3	-1.6743
TCGA-12-1598-10A-01D-0594-02	22	22701123	22720195	10	-4.4818
TCGA-12-1598-10A-01D-0594-02	22	22736990	49565816	4918	-0.012
TCGA-12-1598-10A-01D-0594-02	3	39066	17514137	3018	-0.0099
TCGA-12-1598-10A-01D-0594-02	3	17516200	17519829	3	-1.0352
TCGA-12-1598-10A-01D-0594-02	3	17521317	89475107	11073	-0.01
TCGA-12-1598-10A-01D-0594-02	3	89477163	89500935	7	-0.8828
TCGA-12-1598-10A-01D-0594-02	3	89502757	199379566	15955	-0.0051
TCGA-12-1598-10A-01D-0594-02	4	41413	68905670	7754	-0.0042
TCGA-12-1598-10A-01D-0594-02	4	69057735	69165814	14	-0.784
TCGA-12-1598-10A-01D-0594-02	4	69643272	173224400	14155	-0.0054
TCGA-12-1598-10A-01D-0594-02	4	173226562	173229983	3	1.2557
TCGA-12-1598-10A-01D-0594-02	4	173231156	191133609	2340	0.0013
TCGA-12-1598-10A-01D-0594-02	5	75149	140196482	17541	-0.0044
TCGA-12-1598-10A-01D-0594-02	5	140203440	140216524	4	-0.9045
TCGA-12-1598-10A-01D-0594-02	5	140221835	180644810	5907	-0.0144
TCGA-12-1598-10A-01D-0594-02	6	97634	32519935	5158	-0.0048
TCGA-12-1598-10A-01D-0594-02	6	32567382	32600962	5	-1.8475
TCGA-12-1598-10A-01D-0594-02	6	32605300	170762955	19608	-0.0039
TCGA-12-1598-10A-01D-0594-02	7	140213	158811268	24086	-0.0073
TCGA-12-1598-10A-01D-0594-02	8	166814	9533226	1421	-0.0138
TCGA-12-1598-10A-01D-0594-02	8	9535456	9536893	3	-0.8958
TCGA-12-1598-10A-01D-0594-02	8	9542225	11943616	503	-0.0092
TCGA-12-1598-10A-01D-0594-02	8	12276178	12285464	3	-0.7623
TCGA-12-1598-10A-01D-0594-02	8	12448374	71764822	7554	-0.0049
TCGA-12-1598-10A-01D-0594-02	8	71776307	71789866	7	-0.8333
TCGA-12-1598-10A-01D-0594-02	8	71807501	146264846	9580	-0.0051
TCGA-12-1598-10A-01D-0594-02	9	153131	140241876	15805	-0.0063
TCGA-12-1598-10A-01D-0594-02	X	2719027	2850957	17	0.6528
TCGA-12-1598-10A-01D-0594-02	X	2859072	76998610	5685	0.9163
TCGA-12-1598-10A-01D-0594-02	X	77008500	77014050	3	2.0177
TCGA-12-1598-10A-01D-0594-02	X	77014496	90577837	684	0.9349
TCGA-12-1598-10A-01D-0594-02	X	90578954	92184315	60	0.6396
TCGA-12-1598-10A-01D-0594-02	X	92263775	154582414	4890	0.9215
TCGA-12-1598-10A-01D-0594-02	Y	2710450	3034907	53	-4.1111
TCGA-12-1598-10A-01D-0594-02	Y	3087348	3894117	21	-0.4723
TCGA-12-1598-10A-01D-0594-02	Y	3944956	4431486	16	-1.2436
TCGA-12-1598-10A-01D-0594-02	Y	4511076	4763381	5	-3.1464
TCGA-12-1598-10A-01D-0594-02	Y	4767488	6652868	46	-1.1254
TCGA-12-1598-10A-01D-0594-02	Y	6696721	7832896	162	-3.5975
TCGA-12-1598-10A-01D-0594-02	Y	7843823	8176058	51	-4.9956
TCGA-12-1598-10A-01D-0594-02	Y	8193270	10511255	153	-3.8726
TCGA-12-1598-10A-01D-0594-02	Y	10578072	12502304	16	-0.7912
TCGA-12-1598-10A-01D-0594-02	Y	12532441	12999095	38	-3.2722
TCGA-12-1598-10A-01D-0594-02	Y	13002006	13035511	11	-1.3054
TCGA-12-1598-10A-01D-0594-02	Y	13052633	22930737	708	-4.129
TCGA-12-1598-10A-01D-0594-02	Y	23283689	57440809	32	-1.821
