barcode	chromosome	start	stop	num.mark	seg.mean
TCGA-28-2514-01A-02D-0787-02	1	554268	16659021	2654	-0.0756
TCGA-28-2514-01A-02D-0787-02	1	16666760	17094475	18	0.6957
TCGA-28-2514-01A-02D-0787-02	1	17104345	23725213	1242	-0.0378
TCGA-28-2514-01A-02D-0787-02	1	23729413	24065911	57	-0.8607
TCGA-28-2514-01A-02D-0787-02	1	24074956	24127989	17	-0.1133
TCGA-28-2514-01A-02D-0787-02	1	24235982	24671916	77	-0.7604
TCGA-28-2514-01A-02D-0787-02	1	24682509	25135496	81	-0.0533
TCGA-28-2514-01A-02D-0787-02	1	25138484	25457903	31	-0.3594
TCGA-28-2514-01A-02D-0787-02	1	25482036	25697345	43	-0.8318
TCGA-28-2514-01A-02D-0787-02	1	25744197	25786073	10	-0.1664
TCGA-28-2514-01A-02D-0787-02	1	25799508	25949819	42	-0.8093
TCGA-28-2514-01A-02D-0787-02	1	25955576	26122716	44	-0.0875
TCGA-28-2514-01A-02D-0787-02	1	26132413	26706142	134	-0.7813
TCGA-28-2514-01A-02D-0787-02	1	26721924	27676247	185	-0.1771
TCGA-28-2514-01A-02D-0787-02	1	27679250	27685560	4	-1.244
TCGA-28-2514-01A-02D-0787-02	1	27694238	48536468	3791	-0.045
TCGA-28-2514-01A-02D-0787-02	1	48544089	48563379	3	0.9249
TCGA-28-2514-01A-02D-0787-02	1	48567751	48983582	94	0.0215
TCGA-28-2514-01A-02D-0787-02	1	48989473	49563601	122	-0.6875
TCGA-28-2514-01A-02D-0787-02	1	49577858	50215710	52	0.0766
TCGA-28-2514-01A-02D-0787-02	1	50230949	50355437	13	-0.815
TCGA-28-2514-01A-02D-0787-02	1	50357046	50589909	31	-0.0091
TCGA-28-2514-01A-02D-0787-02	1	50606427	50685270	9	-0.6615
TCGA-28-2514-01A-02D-0787-02	1	50687258	50783310	33	0.0294
TCGA-28-2514-01A-02D-0787-02	1	50785548	50872000	35	-0.7995
TCGA-28-2514-01A-02D-0787-02	1	50873574	51014080	44	0.0239
TCGA-28-2514-01A-02D-0787-02	1	51021218	51506326	90	-0.7188
TCGA-28-2514-01A-02D-0787-02	1	51510252	51678640	44	-0.0187
TCGA-28-2514-01A-02D-0787-02	1	51685217	52800262	266	-0.7233
TCGA-28-2514-01A-02D-0787-02	1	52802474	53175764	90	-0.0674
TCGA-28-2514-01A-02D-0787-02	1	53179361	53269246	27	-0.8393
TCGA-28-2514-01A-02D-0787-02	1	53271360	53505106	51	-0.1119
TCGA-28-2514-01A-02D-0787-02	1	53506783	53581000	22	-0.7228
TCGA-28-2514-01A-02D-0787-02	1	53597566	53752287	17	0.0098
TCGA-28-2514-01A-02D-0787-02	1	53754018	53918453	41	-0.7834
TCGA-28-2514-01A-02D-0787-02	1	53930138	53965058	12	-0.0085
TCGA-28-2514-01A-02D-0787-02	1	53972380	54778801	172	-0.7888
TCGA-28-2514-01A-02D-0787-02	1	54785153	55103646	71	-0.1039
TCGA-28-2514-01A-02D-0787-02	1	55111319	56202183	141	-0.7324
TCGA-28-2514-01A-02D-0787-02	1	56222783	57054116	96	0.052
TCGA-28-2514-01A-02D-0787-02	1	57056335	57067503	3	-0.9624
TCGA-28-2514-01A-02D-0787-02	1	57075321	86823770	5021	0.038
TCGA-28-2514-01A-02D-0787-02	1	86836202	89259034	258	-0.6994
TCGA-28-2514-01A-02D-0787-02	1	89265732	108533257	2459	0.0488
TCGA-28-2514-01A-02D-0787-02	1	108535814	108538662	3	-1.6378
TCGA-28-2514-01A-02D-0787-02	1	108541074	120327958	1934	0.0099
TCGA-28-2514-01A-02D-0787-02	1	120331193	120808459	11	0.8053
TCGA-28-2514-01A-02D-0787-02	1	120826826	143697723	46	0.2361
TCGA-28-2514-01A-02D-0787-02	1	143700072	144003055	53	0.67
TCGA-28-2514-01A-02D-0787-02	1	144099712	145851085	238	0.0082
TCGA-28-2514-01A-02D-0787-02	1	145860827	148145932	43	0.3113
TCGA-28-2514-01A-02D-0787-02	1	148150279	173060997	4632	0.0023
TCGA-28-2514-01A-02D-0787-02	1	173063537	173067337	3	-1.0137
TCGA-28-2514-01A-02D-0787-02	1	173069821	242624385	11304	0.0153
TCGA-28-2514-01A-02D-0787-02	1	242638598	242876771	66	0.5157
TCGA-28-2514-01A-02D-0787-02	1	242884207	243085216	37	0.0822
TCGA-28-2514-01A-02D-0787-02	1	243086517	243090242	3	1.3261
TCGA-28-2514-01A-02D-0787-02	1	243092211	247186514	761	-0.0079
TCGA-28-2514-01A-02D-0787-02	10	126361	38643804	6010	-0.7481
TCGA-28-2514-01A-02D-0787-02	10	38651940	42175348	13	0.3184
TCGA-28-2514-01A-02D-0787-02	10	42184626	70032920	3399	-0.7171
TCGA-28-2514-01A-02D-0787-02	10	70041778	70059659	4	0.5566
TCGA-28-2514-01A-02D-0787-02	10	70065964	127563278	9593	-0.7506
TCGA-28-2514-01A-02D-0787-02	10	127575540	127603523	6	0.2429
TCGA-28-2514-01A-02D-0787-02	10	127607438	135286023	1142	-0.8195
TCGA-28-2514-01A-02D-0787-02	11	190215	48290093	7447	0.0025
TCGA-28-2514-01A-02D-0787-02	11	48297770	54914500	216	0.2015
TCGA-28-2514-01A-02D-0787-02	11	54926643	55118214	20	-0.0465
TCGA-28-2514-01A-02D-0787-02	11	55124730	55187282	10	-3.1423
TCGA-28-2514-01A-02D-0787-02	11	55190146	88258072	5752	-0.0167
TCGA-28-2514-01A-02D-0787-02	11	88258151	88794713	88	0.2531
TCGA-28-2514-01A-02D-0787-02	11	88796337	134432265	7077	0.0085
TCGA-28-2514-01A-02D-0787-02	12	59839	21197909	3549	-0.7453
TCGA-28-2514-01A-02D-0787-02	12	21201200	22341728	218	0.034
TCGA-28-2514-01A-02D-0787-02	12	22343211	30326850	1335	-0.7062
TCGA-28-2514-01A-02D-0787-02	12	30385111	31140219	84	0.0315
TCGA-28-2514-01A-02D-0787-02	12	31169263	31242528	10	-0.495
TCGA-28-2514-01A-02D-0787-02	12	31245432	120579182	13489	0.015
TCGA-28-2514-01A-02D-0787-02	12	120585906	120604581	6	-1.0334
TCGA-28-2514-01A-02D-0787-02	12	120615088	132289090	1622	-0.0717
TCGA-28-2514-01A-02D-0787-02	13	18065953	114114513	11810	-0.0494
TCGA-28-2514-01A-02D-0787-02	14	18149473	19154992	8	0.1272
TCGA-28-2514-01A-02D-0787-02	14	19268776	19490630	30	-1.2487
TCGA-28-2514-01A-02D-0787-02	14	19497023	21654727	444	-0.7193
TCGA-28-2514-01A-02D-0787-02	14	21662700	22005835	93	-0.4509
TCGA-28-2514-01A-02D-0787-02	14	22007978	29422759	827	-0.7204
TCGA-28-2514-01A-02D-0787-02	14	29430980	30311486	116	0.0081
TCGA-28-2514-01A-02D-0787-02	14	30331253	33493010	676	-0.7178
TCGA-28-2514-01A-02D-0787-02	14	33501003	33771244	32	0.082
TCGA-28-2514-01A-02D-0787-02	14	33791107	34125323	42	-0.7146
TCGA-28-2514-01A-02D-0787-02	14	34131984	34844393	151	-0.0397
TCGA-28-2514-01A-02D-0787-02	14	34850415	45708105	1087	-0.7277
TCGA-28-2514-01A-02D-0787-02	14	45712673	105623070	9482	-0.1689
TCGA-28-2514-01A-02D-0787-02	14	105630089	105845658	24	0.0873
TCGA-28-2514-01A-02D-0787-02	14	105856972	105881677	4	-1.3967
TCGA-28-2514-01A-02D-0787-02	14	105898674	106349756	56	-0.2072
TCGA-28-2514-01A-02D-0787-02	15	18362555	19465359	58	0.1266
TCGA-28-2514-01A-02D-0787-02	15	19537035	19982333	19	-0.5649
TCGA-28-2514-01A-02D-0787-02	15	19985258	28441169	920	0.0017
TCGA-28-2514-01A-02D-0787-02	15	28719136	34720087	984	-0.7099
TCGA-28-2514-01A-02D-0787-02	15	34724726	35751198	161	0.0614
TCGA-28-2514-01A-02D-0787-02	15	35786032	41546455	1146	-0.7567
TCGA-28-2514-01A-02D-0787-02	15	41549566	43487392	400	0.0146
TCGA-28-2514-01A-02D-0787-02	15	43492484	43782212	65	-0.8447
TCGA-28-2514-01A-02D-0787-02	15	43792267	100282819	8857	0.0033
TCGA-28-2514-01A-02D-0787-02	16	36766	20313999	3055	-0.073
TCGA-28-2514-01A-02D-0787-02	16	20320241	20751896	78	0.1428
TCGA-28-2514-01A-02D-0787-02	16	20759437	31862577	1580	-0.0872
TCGA-28-2514-01A-02D-0787-02	16	31974468	33758082	35	0.704
TCGA-28-2514-01A-02D-0787-02	16	33875313	49114539	708	-0.0225
TCGA-28-2514-01A-02D-0787-02	16	49122584	49279995	32	-0.274
TCGA-28-2514-01A-02D-0787-02	16	49287804	54343465	586	0.0049
TCGA-28-2514-01A-02D-0787-02	16	54353978	54379834	6	-1.4551
TCGA-28-2514-01A-02D-0787-02	16	54399890	54410800	5	0.9484
TCGA-28-2514-01A-02D-0787-02	16	54437553	69417987	2122	-0.0525
TCGA-28-2514-01A-02D-0787-02	16	69423957	69758635	70	0.3813
TCGA-28-2514-01A-02D-0787-02	16	69761372	75093957	795	-0.0299
TCGA-28-2514-01A-02D-0787-02	16	75097331	75100865	3	1.082
TCGA-28-2514-01A-02D-0787-02	16	75102639	76925748	275	-0.0252
TCGA-28-2514-01A-02D-0787-02	16	76929598	76938723	7	1.2171
TCGA-28-2514-01A-02D-0787-02	16	76944661	88675835	1994	-0.0807
TCGA-28-2514-01A-02D-0787-02	17	29169	21430710	3943	-0.0474
TCGA-28-2514-01A-02D-0787-02	17	21435308	22414320	30	0.3087
TCGA-28-2514-01A-02D-0787-02	17	22418006	41515622	3567	-0.0343
TCGA-28-2514-01A-02D-0787-02	17	41521544	41706870	42	-0.5537
TCGA-28-2514-01A-02D-0787-02	17	41708551	59917358	3160	-0.0178
TCGA-28-2514-01A-02D-0787-02	17	59926580	59929841	3	1.3826
TCGA-28-2514-01A-02D-0787-02	17	59931435	78636731	3184	-0.058
TCGA-28-2514-01A-02D-0787-02	18	4316	22684552	3093	-0.1349
TCGA-28-2514-01A-02D-0787-02	18	22686949	22690074	3	0.9124
TCGA-28-2514-01A-02D-0787-02	18	22692498	76110964	7036	-0.1246
TCGA-28-2514-01A-02D-0787-02	19	210395	3929461	641	0.2971
TCGA-28-2514-01A-02D-0787-02	19	3931625	3933515	3	2.795
TCGA-28-2514-01A-02D-0787-02	19	3935557	19745908	3127	0.3724
TCGA-28-2514-01A-02D-0787-02	19	19758395	20426875	83	0.6331
TCGA-28-2514-01A-02D-0787-02	19	20429162	20493401	9	-0.895
TCGA-28-2514-01A-02D-0787-02	19	20510787	45189975	2390	0.4474
TCGA-28-2514-01A-02D-0787-02	19	45196122	45308908	23	0.7646
TCGA-28-2514-01A-02D-0787-02	19	45319229	48433091	503	0.3824
TCGA-28-2514-01A-02D-0787-02	19	48449548	50407455	374	-0.0508
TCGA-28-2514-01A-02D-0787-02	19	50410587	51675576	247	0.3751
TCGA-28-2514-01A-02D-0787-02	19	51680987	57532622	1200	-0.1064
TCGA-28-2514-01A-02D-0787-02	19	57544029	63787171	1242	0.4175
TCGA-28-2514-01A-02D-0787-02	2	20341	37789939	5115	-0.0052
TCGA-28-2514-01A-02D-0787-02	2	37818455	37854350	15	0.4114
TCGA-28-2514-01A-02D-0787-02	2	37858379	57742405	3066	0.0301
TCGA-28-2514-01A-02D-0787-02	2	57749049	61151035	486	-0.7451
TCGA-28-2514-01A-02D-0787-02	2	61157786	61254223	23	-0.0678
TCGA-28-2514-01A-02D-0787-02	2	61259359	61592776	94	0.1286
TCGA-28-2514-01A-02D-0787-02	2	61596077	62239161	106	-0.096
TCGA-28-2514-01A-02D-0787-02	2	62256799	65474304	477	-0.7227
TCGA-28-2514-01A-02D-0787-02	2	65480675	65727253	78	-0.0309
TCGA-28-2514-01A-02D-0787-02	2	65730872	66849206	159	-0.7705
TCGA-28-2514-01A-02D-0787-02	2	66886494	88041852	2710	0.0048
TCGA-28-2514-01A-02D-0787-02	2	88078497	88842084	118	-0.7478
TCGA-28-2514-01A-02D-0787-02	2	88851132	88898748	7	0.1118
TCGA-28-2514-01A-02D-0787-02	2	88903639	89895566	86	-0.6209
TCGA-28-2514-01A-02D-0787-02	2	90982930	91158269	8	0.188
TCGA-28-2514-01A-02D-0787-02	2	91167361	94892170	10	0.6941
TCGA-28-2514-01A-02D-0787-02	2	94892766	97026541	289	-0.0054
TCGA-28-2514-01A-02D-0787-02	2	97041917	97221198	11	0.5378
TCGA-28-2514-01A-02D-0787-02	2	97231582	132227025	3897	3e-04
TCGA-28-2514-01A-02D-0787-02	2	132327839	132830527	19	0.4636
TCGA-28-2514-01A-02D-0787-02	2	132844051	224150753	14033	0.0419
TCGA-28-2514-01A-02D-0787-02	2	224161299	224171525	3	0.9641
TCGA-28-2514-01A-02D-0787-02	2	224172888	242717016	3012	-0.0247
TCGA-28-2514-01A-02D-0787-02	20	18580	1506379	260	-0.0507
TCGA-28-2514-01A-02D-0787-02	20	1511632	1531162	8	-2.0363
TCGA-28-2514-01A-02D-0787-02	20	1544485	25671534	3838	3e-04
TCGA-28-2514-01A-02D-0787-02	20	25673560	26130512	25	0.2859
TCGA-28-2514-01A-02D-0787-02	20	26156026	28266113	9	0.7271
TCGA-28-2514-01A-02D-0787-02	20	29297270	29374470	10	0.261
TCGA-28-2514-01A-02D-0787-02	20	29383688	62379059	5468	-0.0596
TCGA-28-2514-01A-02D-0787-02	21	9896630	10167413	22	0.5518
TCGA-28-2514-01A-02D-0787-02	21	13334960	14047236	18	0.1022
TCGA-28-2514-01A-02D-0787-02	21	14092232	14258259	4	0.7042
TCGA-28-2514-01A-02D-0787-02	21	14294323	46914686	4829	-0.1689
TCGA-28-2514-01A-02D-0787-02	22	14866086	22696162	1203	-0.0588
TCGA-28-2514-01A-02D-0787-02	22	22701123	22720195	9	-2.8291
TCGA-28-2514-01A-02D-0787-02	22	22736990	30807918	1599	-0.0638
TCGA-28-2514-01A-02D-0787-02	22	30814938	31158509	66	0.1059
TCGA-28-2514-01A-02D-0787-02	22	31159747	49565816	3248	-0.0751
TCGA-28-2514-01A-02D-0787-02	3	39066	586636	98	0.0475
TCGA-28-2514-01A-02D-0787-02	3	592415	635754	9	0.583
TCGA-28-2514-01A-02D-0787-02	3	641257	17514137	2908	-3e-04
TCGA-28-2514-01A-02D-0787-02	3	17516200	17519829	3	-1.0621
TCGA-28-2514-01A-02D-0787-02	3	17521317	25624190	1029	0.0336
TCGA-28-2514-01A-02D-0787-02	3	25625772	25649223	5	0.8301
TCGA-28-2514-01A-02D-0787-02	3	25653598	163997228	20491	0.0237
TCGA-28-2514-01A-02D-0787-02	3	164023502	164101776	5	-2.4074
TCGA-28-2514-01A-02D-0787-02	3	164112873	199379566	5490	0.0335
TCGA-28-2514-01A-02D-0787-02	4	41413	53781	5	0.6955
TCGA-28-2514-01A-02D-0787-02	4	62447	9237042	1614	-0.2774
TCGA-28-2514-01A-02D-0787-02	4	9296946	9410429	6	0.4735
TCGA-28-2514-01A-02D-0787-02	4	9416436	68905670	6121	-0.1641
TCGA-28-2514-01A-02D-0787-02	4	69057735	69144974	10	-2.2239
TCGA-28-2514-01A-02D-0787-02	4	69153675	70007700	44	-0.1719
TCGA-28-2514-01A-02D-0787-02	4	70010651	70355124	33	0.2036
TCGA-28-2514-01A-02D-0787-02	4	70365088	88607880	3065	-0.164
TCGA-28-2514-01A-02D-0787-02	4	88613821	88630007	5	0.8121
TCGA-28-2514-01A-02D-0787-02	4	88631524	190607767	13298	-0.1605
TCGA-28-2514-01A-02D-0787-02	4	190618203	190907865	23	0.2849
TCGA-28-2514-01A-02D-0787-02	4	190924564	191027816	12	-0.2951
TCGA-28-2514-01A-02D-0787-02	4	191053785	191133609	9	0.5604
TCGA-28-2514-01A-02D-0787-02	5	75149	859176	114	-0.0882
TCGA-28-2514-01A-02D-0787-02	5	870657	873416	3	0.896
TCGA-28-2514-01A-02D-0787-02	5	905462	180644810	23328	0.027
TCGA-28-2514-01A-02D-0787-02	6	97634	174815	9	-0.272
TCGA-28-2514-01A-02D-0787-02	6	204528	314420	33	0.2384
TCGA-28-2514-01A-02D-0787-02	6	320890	44578148	7486	-0.1703
TCGA-28-2514-01A-02D-0787-02	6	44617499	52213760	1022	-0.7063
TCGA-28-2514-01A-02D-0787-02	6	52214893	54035000	337	-0.1369
TCGA-28-2514-01A-02D-0787-02	6	54037199	54042734	3	1.4668
TCGA-28-2514-01A-02D-0787-02	6	54045472	57405486	619	-0.0656
TCGA-28-2514-01A-02D-0787-02	6	57412538	57869378	76	0.304
TCGA-28-2514-01A-02D-0787-02	6	57891371	83982340	2557	-0.1143
TCGA-28-2514-01A-02D-0787-02	6	83983586	83988990	3	-1.18
TCGA-28-2514-01A-02D-0787-02	6	83995314	165640218	11843	-0.1287
TCGA-28-2514-01A-02D-0787-02	6	165645537	165657596	3	1.3413
TCGA-28-2514-01A-02D-0787-02	6	165664947	170762955	769	-0.2059
TCGA-28-2514-01A-02D-0787-02	7	140213	6517829	1087	-0.0667
TCGA-28-2514-01A-02D-0787-02	7	6523608	6703727	31	-0.234
TCGA-28-2514-01A-02D-0787-02	7	6712035	11808289	634	0.0657
TCGA-28-2514-01A-02D-0787-02	7	11809763	11858653	17	-0.7446
TCGA-28-2514-01A-02D-0787-02	7	11873625	26197082	1994	0.0541
TCGA-28-2514-01A-02D-0787-02	7	26198045	26203975	4	0.8527
TCGA-28-2514-01A-02D-0787-02	7	26204004	32957020	1313	0.0237
TCGA-28-2514-01A-02D-0787-02	7	32978585	33011069	4	2.116
TCGA-28-2514-01A-02D-0787-02	7	33014140	35851021	453	0.0349
TCGA-28-2514-01A-02D-0787-02	7	35852181	35863893	8	1.088
TCGA-28-2514-01A-02D-0787-02	7	35872646	54673962	2654	0.0239
TCGA-28-2514-01A-02D-0787-02	7	54705682	54816762	17	3.535
TCGA-28-2514-01A-02D-0787-02	7	54839438	55230340	65	5.2718
TCGA-28-2514-01A-02D-0787-02	7	55236945	55641775	67	4.5743
TCGA-28-2514-01A-02D-0787-02	7	55680713	57562083	154	3.0556
TCGA-28-2514-01A-02D-0787-02	7	57581256	62480276	32	0.3189
TCGA-28-2514-01A-02D-0787-02	7	62622879	62965907	11	1.6569
TCGA-28-2514-01A-02D-0787-02	7	62990060	64854540	201	0.1728
TCGA-28-2514-01A-02D-0787-02	7	64860758	64998208	8	1.2279
TCGA-28-2514-01A-02D-0787-02	7	65008476	127974318	9703	0.0315
TCGA-28-2514-01A-02D-0787-02	7	127989338	128069357	3	1.0059
TCGA-28-2514-01A-02D-0787-02	7	128099754	141408013	2548	0.0122
TCGA-28-2514-01A-02D-0787-02	7	141413352	141440184	11	-0.5385
TCGA-28-2514-01A-02D-0787-02	7	141442231	143501811	293	0.0329
TCGA-28-2514-01A-02D-0787-02	7	143582864	143584350	3	0.9744
TCGA-28-2514-01A-02D-0787-02	7	143705425	158811268	2751	-0.0191
TCGA-28-2514-01A-02D-0787-02	8	166814	355821	20	-1.2349
TCGA-28-2514-01A-02D-0787-02	8	369418	390008	6	-0.0258
TCGA-28-2514-01A-02D-0787-02	8	391354	11897919	1898	-1.3308
TCGA-28-2514-01A-02D-0787-02	8	11903901	12600375	8	-0.4006
TCGA-28-2514-01A-02D-0787-02	8	12602139	22872472	1429	-1.2812
TCGA-28-2514-01A-02D-0787-02	8	22884231	39345557	2293	-0.5064
TCGA-28-2514-01A-02D-0787-02	8	39352361	39505256	29	0.4012
TCGA-28-2514-01A-02D-0787-02	8	39511632	146264846	13375	-0.4763
TCGA-28-2514-01A-02D-0787-02	9	153131	18494511	2476	0.0514
TCGA-28-2514-01A-02D-0787-02	9	18496411	20976739	497	-0.7304
TCGA-28-2514-01A-02D-0787-02	9	20978259	22406549	181	-2.5853
TCGA-28-2514-01A-02D-0787-02	9	22421085	30958682	792	-0.7201
TCGA-28-2514-01A-02D-0787-02	9	30982433	38758232	1216	-0.0237
TCGA-28-2514-01A-02D-0787-02	9	38805416	69214232	36	0.547
TCGA-28-2514-01A-02D-0787-02	9	70174301	140241876	10597	-0.0063
TCGA-28-2514-01A-02D-0787-02	X	2719027	152451321	11054	-0.1114
TCGA-28-2514-01A-02D-0787-02	X	152467502	153667834	167	-0.3209
TCGA-28-2514-01A-02D-0787-02	X	153672618	154582414	97	-0.0395
TCGA-28-2514-01A-02D-0787-02	Y	2710450	10511255	519	-0.1556
TCGA-28-2514-01A-02D-0787-02	Y	10578072	11673476	12	0.7734
TCGA-28-2514-01A-02D-0787-02	Y	12452734	19265164	493	-0.1984
TCGA-28-2514-01A-02D-0787-02	Y	19266245	19495756	11	0.6489
TCGA-28-2514-01A-02D-0787-02	Y	19497191	57440809	317	-0.1673
