barcode	chromosome	start	stop	num.mark	seg.mean
TCGA-28-1750-10A-01D-0594-02	1	554268	9237111	1363	-0.0374
TCGA-28-1750-10A-01D-0594-02	1	9244086	9324247	20	0.5018
TCGA-28-1750-10A-01D-0594-02	1	9326760	16678605	1275	-0.0423
TCGA-28-1750-10A-01D-0594-02	1	16799334	17130528	20	-0.375
TCGA-28-1750-10A-01D-0594-02	1	17148592	72523186	10357	-0.0289
TCGA-28-1750-10A-01D-0594-02	1	72533856	72568009	3	1.7001
TCGA-28-1750-10A-01D-0594-02	1	72602597	146294654	7012	-0.0176
TCGA-28-1750-10A-01D-0594-02	1	147134175	147499046	17	-0.55
TCGA-28-1750-10A-01D-0594-02	1	147508217	150823073	632	-0.0509
TCGA-28-1750-10A-01D-0594-02	1	150839754	150848509	3	0.9718
TCGA-28-1750-10A-01D-0594-02	1	150857070	151026228	29	-0.0304
TCGA-28-1750-10A-01D-0594-02	1	151033188	151040463	3	0.5749
TCGA-28-1750-10A-01D-0594-02	1	151044659	167481271	2930	-0.0331
TCGA-28-1750-10A-01D-0594-02	1	167483267	167507898	9	0.4833
TCGA-28-1750-10A-01D-0594-02	1	167523140	173060997	1041	-0.0106
TCGA-28-1750-10A-01D-0594-02	1	173063537	173067337	3	-6.2272
TCGA-28-1750-10A-01D-0594-02	1	173069821	179014530	1156	-0.0309
TCGA-28-1750-10A-01D-0594-02	1	179017844	179021834	3	-1.0649
TCGA-28-1750-10A-01D-0594-02	1	179023488	200629099	2847	-0.0129
TCGA-28-1750-10A-01D-0594-02	1	200632278	200659076	5	-0.5211
TCGA-28-1750-10A-01D-0594-02	1	200667381	247186514	8159	-0.0257
TCGA-28-1750-10A-01D-0594-02	10	126361	45554717	6394	-0.0277
TCGA-28-1750-10A-01D-0594-02	10	46388078	47735472	54	0.4364
TCGA-28-1750-10A-01D-0594-02	10	47954413	135286023	13725	-0.0253
TCGA-28-1750-10A-01D-0594-02	11	190215	7757329	1243	-0.0293
TCGA-28-1750-10A-01D-0594-02	11	7774067	7797993	4	-0.7261
TCGA-28-1750-10A-01D-0594-02	11	7803570	55118214	6437	-0.0258
TCGA-28-1750-10A-01D-0594-02	11	55124730	55197848	14	-0.7294
TCGA-28-1750-10A-01D-0594-02	11	55200744	134432265	12916	-0.0238
TCGA-28-1750-10A-01D-0594-02	12	59839	736988	141	-0.0249
TCGA-28-1750-10A-01D-0594-02	12	738240	743223	4	-0.4721
TCGA-28-1750-10A-01D-0594-02	12	745410	9523923	1665	-0.0311
TCGA-28-1750-10A-01D-0594-02	12	9528590	9554149	4	-5.5939
TCGA-28-1750-10A-01D-0594-02	12	9555181	9610054	7	-1.0927
TCGA-28-1750-10A-01D-0594-02	12	9626736	11393473	303	-0.0189
TCGA-28-1750-10A-01D-0594-02	12	11404653	11430887	4	-0.7709
TCGA-28-1750-10A-01D-0594-02	12	11444721	31140219	3060	-0.0127
TCGA-28-1750-10A-01D-0594-02	12	31169263	31242528	10	-0.5445
TCGA-28-1750-10A-01D-0594-02	12	31245432	132289090	15123	-0.0253
TCGA-28-1750-10A-01D-0594-02	13	18065953	56650373	5483	-0.0252
TCGA-28-1750-10A-01D-0594-02	13	56658479	56673183	3	0.8498
TCGA-28-1750-10A-01D-0594-02	13	56691355	114114513	6323	-0.0149
TCGA-28-1750-10A-01D-0594-02	14	18149473	19490630	38	-0.2257
TCGA-28-1750-10A-01D-0594-02	14	19497023	21497838	405	-0.0327
TCGA-28-1750-10A-01D-0594-02	14	21498439	22032374	143	0.201
TCGA-28-1750-10A-01D-0594-02	14	22034704	49785082	3364	-0.0199
TCGA-28-1750-10A-01D-0594-02	14	49790812	49796327	3	-0.9203
TCGA-28-1750-10A-01D-0594-02	14	49801923	105594189	9036	-0.0257
TCGA-28-1750-10A-01D-0594-02	14	105602756	105623070	3	-2.9211
TCGA-28-1750-10A-01D-0594-02	14	105630089	106349756	85	-0.049
TCGA-28-1750-10A-01D-0594-02	15	18362555	18454050	5	-0.0224
TCGA-28-1750-10A-01D-0594-02	15	18657388	19786655	57	-0.7438
TCGA-28-1750-10A-01D-0594-02	15	19805960	20079935	27	-0.445
TCGA-28-1750-10A-01D-0594-02	15	20249886	41637456	3225	-0.0295
TCGA-28-1750-10A-01D-0594-02	15	41676219	41729085	13	-0.8583
TCGA-28-1750-10A-01D-0594-02	15	41776053	100282819	9284	-0.0288
TCGA-28-1750-10A-01D-0594-02	16	36766	32745412	4724	-0.0361
TCGA-28-1750-10A-01D-0594-02	16	32748349	33320529	9	-0.4232
TCGA-28-1750-10A-01D-0594-02	16	33373002	54343465	1338	-0.0261
TCGA-28-1750-10A-01D-0594-02	16	54353978	54379834	6	-0.7527
TCGA-28-1750-10A-01D-0594-02	16	54399890	68710277	1985	-0.031
TCGA-28-1750-10A-01D-0594-02	16	68726557	68751390	6	-0.6861
TCGA-28-1750-10A-01D-0594-02	16	68838368	74088894	861	-0.0325
TCGA-28-1750-10A-01D-0594-02	16	74095899	74134999	12	-0.3891
TCGA-28-1750-10A-01D-0594-02	16	74141966	75092501	127	-0.0126
TCGA-28-1750-10A-01D-0594-02	16	75093957	75100865	3	-1.4988
TCGA-28-1750-10A-01D-0594-02	16	75102639	76925748	275	-0.0361
TCGA-28-1750-10A-01D-0594-02	16	76929598	76938723	7	1.3893
TCGA-28-1750-10A-01D-0594-02	16	76944661	88675835	1994	-0.0325
TCGA-28-1750-10A-01D-0594-02	17	29169	363169	51	-0.9468
TCGA-28-1750-10A-01D-0594-02	17	373539	32846618	5854	-0.0395
TCGA-28-1750-10A-01D-0594-02	17	32850723	32854956	3	-0.7008
TCGA-28-1750-10A-01D-0594-02	17	32857473	78636731	8030	-0.0346
TCGA-28-1750-10A-01D-0594-02	18	4316	76110964	10131	-0.023
TCGA-28-1750-10A-01D-0594-02	19	210395	20420327	3854	-0.0401
TCGA-28-1750-10A-01D-0594-02	19	20422576	20493401	12	-0.8249
TCGA-28-1750-10A-01D-0594-02	19	20510787	47895271	2907	-0.0484
TCGA-28-1750-10A-01D-0594-02	19	47952689	48449548	14	-0.4998
TCGA-28-1750-10A-01D-0594-02	19	48500241	63787171	3065	-0.042
TCGA-28-1750-10A-01D-0594-02	2	20341	34539740	4790	-0.025
TCGA-28-1750-10A-01D-0594-02	2	34556434	34608979	3	0.7211
TCGA-28-1750-10A-01D-0594-02	2	34627348	37789939	322	-0.0054
TCGA-28-1750-10A-01D-0594-02	2	37818455	37854350	15	0.2621
TCGA-28-1750-10A-01D-0594-02	2	37858379	242717016	28693	-0.0199
TCGA-28-1750-10A-01D-0594-02	20	18580	1506379	260	-0.0429
TCGA-28-1750-10A-01D-0594-02	20	1511632	1531162	9	-2.7847
TCGA-28-1750-10A-01D-0594-02	20	1544485	62379059	9351	-0.0317
TCGA-28-1750-10A-01D-0594-02	21	9896630	46914686	4876	-0.0265
TCGA-28-1750-10A-01D-0594-02	22	14866086	22677959	1202	-0.0476
TCGA-28-1750-10A-01D-0594-02	22	22686690	22720195	12	-3.7158
TCGA-28-1750-10A-01D-0594-02	22	22736990	49565816	4915	-0.04
TCGA-28-1750-10A-01D-0594-02	3	39066	199379566	30047	-0.0199
TCGA-28-1750-10A-01D-0594-02	4	41413	191133609	24260	-0.0163
TCGA-28-1750-10A-01D-0594-02	5	75149	763494	107	-0.0443
TCGA-28-1750-10A-01D-0594-02	5	771310	826044	6	-0.6706
TCGA-28-1750-10A-01D-0594-02	5	848744	180644810	23330	-0.0203
TCGA-28-1750-10A-01D-0594-02	6	97634	237952	13	-0.0574
TCGA-28-1750-10A-01D-0594-02	6	240119	341386	32	-0.2674
TCGA-28-1750-10A-01D-0594-02	6	347016	29950805	4612	-0.0199
TCGA-28-1750-10A-01D-0594-02	6	29962849	30004636	6	0.4314
TCGA-28-1750-10A-01D-0594-02	6	30010234	32586131	496	-0.0567
TCGA-28-1750-10A-01D-0594-02	6	32593151	32600962	3	-1.9941
TCGA-28-1750-10A-01D-0594-02	6	32605300	32739800	22	-0.3997
TCGA-28-1750-10A-01D-0594-02	6	32745036	54035000	3707	-0.0276
TCGA-28-1750-10A-01D-0594-02	6	54037199	54042734	3	-5.2302
TCGA-28-1750-10A-01D-0594-02	6	54045472	162488927	14592	-0.0166
TCGA-28-1750-10A-01D-0594-02	6	162496225	162505819	3	-0.7579
TCGA-28-1750-10A-01D-0594-02	6	162508430	165640218	507	-0.0225
TCGA-28-1750-10A-01D-0594-02	6	165645537	165657596	3	1.603
TCGA-28-1750-10A-01D-0594-02	6	165664947	170762955	768	-0.0236
TCGA-28-1750-10A-01D-0594-02	7	140213	38270942	5999	-0.0175
TCGA-28-1750-10A-01D-0594-02	7	38276237	38341239	21	0.2661
TCGA-28-1750-10A-01D-0594-02	7	38343026	141402937	14996	-0.0221
TCGA-28-1750-10A-01D-0594-02	7	141408013	141431668	10	0.3417
TCGA-28-1750-10A-01D-0594-02	7	141438504	143501811	295	-0.0083
TCGA-28-1750-10A-01D-0594-02	7	143582864	143584350	3	-0.7875
TCGA-28-1750-10A-01D-0594-02	7	143705425	158811268	2754	-0.0366
TCGA-28-1750-10A-01D-0594-02	8	166814	3416246	601	-0.0376
TCGA-28-1750-10A-01D-0594-02	8	3419577	3424080	3	-0.6061
TCGA-28-1750-10A-01D-0594-02	8	3426487	39345557	5053	-0.0237
TCGA-28-1750-10A-01D-0594-02	8	39352361	39505256	29	0.9304
TCGA-28-1750-10A-01D-0594-02	8	39511632	146264846	13382	-0.0184
TCGA-28-1750-10A-01D-0594-02	9	153131	270255	13	0.5567
TCGA-28-1750-10A-01D-0594-02	9	278161	140241876	15788	-0.0262
TCGA-28-1750-10A-01D-0594-02	X	2719027	3226228	53	0.7859
TCGA-28-1750-10A-01D-0594-02	X	3233859	88297542	6291	0.9408
TCGA-28-1750-10A-01D-0594-02	X	88340209	90865947	53	0.7871
TCGA-28-1750-10A-01D-0594-02	X	90917565	92184315	51	0.5578
TCGA-28-1750-10A-01D-0594-02	X	92263775	154037006	4839	0.9438
TCGA-28-1750-10A-01D-0594-02	X	154050185	154078819	3	1.8308
TCGA-28-1750-10A-01D-0594-02	X	154086636	154582414	44	0.9901
TCGA-28-1750-10A-01D-0594-02	Y	2710450	2985564	52	-4.5519
TCGA-28-1750-10A-01D-0594-02	Y	2993931	6652868	91	-1.1707
TCGA-28-1750-10A-01D-0594-02	Y	6717936	6878602	29	-2.9057
TCGA-28-1750-10A-01D-0594-02	Y	6882950	7601763	87	-3.8278
TCGA-28-1750-10A-01D-0594-02	Y	7603458	7631265	4	-7.9776
TCGA-28-1750-10A-01D-0594-02	Y	7645171	7679075	9	-2.117
TCGA-28-1750-10A-01D-0594-02	Y	7682695	7723783	9	-4.8808
TCGA-28-1750-10A-01D-0594-02	Y	7726934	7802397	16	-2.4391
TCGA-28-1750-10A-01D-0594-02	Y	7806605	8019579	30	-4.3827
TCGA-28-1750-10A-01D-0594-02	Y	8022991	8088838	15	-6.0309
TCGA-28-1750-10A-01D-0594-02	Y	8094987	8641679	78	-4.2707
TCGA-28-1750-10A-01D-0594-02	Y	8647327	8685756	10	-2.384
TCGA-28-1750-10A-01D-0594-02	Y	8690572	10511255	78	-4.6373
TCGA-28-1750-10A-01D-0594-02	Y	10578072	10639731	9	-0.3562
TCGA-28-1750-10A-01D-0594-02	Y	10645500	12598397	13	-1.8081
TCGA-28-1750-10A-01D-0594-02	Y	12604268	12997864	32	-3.4661
TCGA-28-1750-10A-01D-0594-02	Y	12999095	13035511	12	-1.3705
TCGA-28-1750-10A-01D-0594-02	Y	13052633	14434065	163	-4.5268
TCGA-28-1750-10A-01D-0594-02	Y	14448198	20080198	336	-3.9351
TCGA-28-1750-10A-01D-0594-02	Y	20083423	22923722	211	-4.7443
TCGA-28-1750-10A-01D-0594-02	Y	22926726	57440809	34	-1.7034
